0 0.03125 0.17548076923076922 0.0625 0.2692307692307692
0 0.10336538461538461 0.20192307692307693 0.0985576923076923 0.32211538461538464
0 0.1466346153846154 0.34975961538461536 0.14423076923076922 0.26322115384615385
0 0.7872596153846154 0.390625 0.13581730769230768 0.3245192307692308
0 0.04326923076923077 0.43028846153846156 0.07451923076923077 0.23076923076923078
0 0.7584134615384616 0.49399038461538464 0.11298076923076923 0.28846153846153844
0 0.7199519230769231 0.5240384615384616 0.11177884615384616 0.265625
0 0.08533653846153846 0.5600961538461539 0.09134615384615384 0.2536057692307692
0 0.6923076923076923 0.6189903846153846 0.125 0.13581730769230768
0 0.7848557692307693 0.06610576923076923 0.07932692307692307 0.13221153846153846
0 0.671875 0.7175480769230769 0.1466346153846154 0.13822115384615385
0 0.515625 0.75 0.13942307692307693 0.27283653846153844
0 0.7932692307692307 0.7800480769230769 0.0625 0.31850961538461536
0 0.7475961538461539 0.7944711538461539 0.055288461538461536 0.23798076923076922
0 0.6502403846153846 0.8557692307692307 0.12860576923076922 0.13822115384615385
0 0.4795673076923077 0.8677884615384616 0.18028846153846154 0.17548076923076922
0 0.29927884615384615 0.8774038461538461 0.1201923076923077 0.15985576923076922
0 0.20673076923076922 0.8882211538461539 0.08413461538461539 0.13341346153846154