0 0.8245192307692307 0.15144230769230768 0.08173076923076923 0.2980769230769231
0 0.25240384615384615 0.25841346153846156 0.12139423076923077 0.29086538461538464
0 0.47475961538461536 0.2644230769230769 0.2127403846153846 0.20552884615384615
0 0.7379807692307693 0.3269230769230769 0.20072115384615385 0.1778846153846154
0 0.039663461538461536 0.3293269230769231 0.07932692307692307 0.32211538461538464
0 0.16706730769230768 0.36778846153846156 0.10216346153846154 0.2247596153846154
0 0.8341346153846154 0.4855769230769231 0.0889423076923077 0.31971153846153844
0 0.036057692307692304 0.5276442307692307 0.0625 0.3137019230769231
0 0.9471153846153846 0.6790865384615384 0.07692307692307693 0.17307692307692307
0 0.7944711538461539 0.7908653846153846 0.07932692307692307 0.2860576923076923
0 0.3389423076923077 0.8257211538461539 0.140625 0.11899038461538461
0 0.078125 0.8305288461538461 0.056490384615384616 0.18990384615384615
0 0.7512019230769231 0.859375 0.11899038461538461 0.25600961538461536
0 0.671875 0.8846153846153846 0.13822115384615385 0.0985576923076923
0 0.5336538461538461 0.8954326923076923 0.12139423076923077 0.18870192307692307
0 0.17668269230769232 0.9026442307692307 0.10697115384615384 0.09134615384615384
0 0.42908653846153844 0.9399038461538461 0.15384615384615385 0.11899038461538461
0 0.2776442307692308 0.9435096153846154 0.13701923076923078 0.10817307692307693