0 0.6502403846153846 0.14302884615384615 0.14423076923076922 0.2860576923076923
0 0.05889423076923077 0.21033653846153846 0.0733173076923077 0.29927884615384615
0 0.1045673076923077 0.24639423076923078 0.078125 0.30408653846153844
0 0.18389423076923078 0.2608173076923077 0.19110576923076922 0.30528846153846156
0 0.9723557692307693 0.29927884615384615 0.052884615384615384 0.2764423076923077
0 0.7139423076923077 0.3245192307692308 0.13822115384615385 0.33653846153846156
0 0.7608173076923077 0.34134615384615385 0.13221153846153846 0.27163461538461536
0 0.042067307692307696 0.39903846153846156 0.08413461538461539 0.23076923076923078
0 0.8233173076923077 0.4338942307692308 0.06490384615384616 0.29447115384615385
0 0.359375 0.4423076923076923 0.18870192307692307 0.32091346153846156
0 0.7872596153846154 0.04927884615384615 0.09375 0.0985576923076923
0 0.7560096153846154 0.5012019230769231 0.13341346153846154 0.2920673076923077
0 0.41586538461538464 0.6117788461538461 0.20793269230769232 0.18990384615384615
0 0.6911057692307693 0.6802884615384616 0.08413461538461539 0.2283653846153846
0 0.7692307692307693 0.6862980769230769 0.11778846153846154 0.22956730769230768
0 0.06850961538461539 0.7295673076923077 0.0889423076923077 0.28725961538461536
0 0.3605769230769231 0.7427884615384616 0.18389423076923078 0.23197115384615385
0 0.7355769230769231 0.8653846153846154 0.15865384615384615 0.15625
0 0.3545673076923077 0.8786057692307693 0.18870192307692307 0.16826923076923078
0 0.4831730769230769 0.9242788461538461 0.17307692307692307 0.14543269230769232
0 0.34615384615384615 0.9579326923076923 0.15865384615384615 0.08173076923076923
0 0.7620192307692307 0.13221153846153846 0.12740384615384615 0.21394230769230768