0 0.12139423076923077 0.14543269230769232 0.11658653846153846 0.24278846153846154
0 0.7896634615384616 0.15264423076923078 0.09375 0.30528846153846156
0 0.6610576923076923 0.1935096153846154 0.055288461538461536 0.30288461538461536
0 0.7331730769230769 0.19951923076923078 0.08653846153846154 0.3389423076923077
0 0.04807692307692308 0.2403846153846154 0.09615384615384616 0.18870192307692307
0 0.1814903846153846 0.3629807692307692 0.0985576923076923 0.32211538461538464
0 0.7091346153846154 0.3641826923076923 0.07932692307692307 0.35697115384615385
0 0.8016826923076923 0.4266826923076923 0.0889423076923077 0.2776442307692308
0 0.039663461538461536 0.5757211538461539 0.06129807692307692 0.24879807692307693
0 0.7932692307692307 0.6778846153846154 0.09375 0.25240384615384615
0 0.6262019230769231 0.7800480769230769 0.19110576923076922 0.1466346153846154
0 0.44350961538461536 0.8233173076923077 0.21153846153846154 0.24278846153846154
0 0.6730769230769231 0.8798076923076923 0.13942307692307693 0.109375
0 0.7596153846153846 0.9110576923076923 0.11658653846153846 0.17668269230769232
0 0.25961538461538464 0.9230769230769231 0.14903846153846154 0.15144230769230768
0 0.4567307692307692 0.9290865384615384 0.1466346153846154 0.140625
0 0.546875 0.9338942307692307 0.15625 0.1310096153846154
0 0.5757211538461539 0.13701923076923078 0.11658653846153846 0.26802884615384615