0 0.10817307692307693 0.15985576923076922 0.057692307692307696 0.3004807692307692
0 0.0829326923076923 0.3629807692307692 0.07451923076923077 0.2692307692307692
0 0.20552884615384615 0.3629807692307692 0.13942307692307693 0.22115384615384615
0 0.07451923076923077 0.5228365384615384 0.09615384615384616 0.1875
0 0.052884615384615384 0.5697115384615384 0.06370192307692307 0.16947115384615385
0 0.23557692307692307 0.06971153846153846 0.08173076923076923 0.13822115384615385
0 0.3641826923076923 0.8413461538461539 0.15264423076923078 0.14903846153846154
0 0.22716346153846154 0.8425480769230769 0.06971153846153846 0.22956730769230768
0 0.578125 0.9230769230769231 0.1622596153846154 0.13341346153846154
0 0.3329326923076923 0.953125 0.15625 0.0889423076923077
0 0.1814903846153846 0.10817307692307693 0.056490384615384616 0.19110576923076922
0 0.06850961538461539 0.12740384615384615 0.040865384615384616 0.23557692307692307