0 0.09375 0.23076923076923078 0.10817307692307693 0.3112980769230769
0 0.04927884615384615 0.3173076923076923 0.0733173076923077 0.22596153846153846
0 0.7836538461538461 0.32091346153846156 0.1045673076923077 0.34615384615384615
0 0.12860576923076922 0.41466346153846156 0.11538461538461539 0.30408653846153844
0 0.40865384615384615 0.5745192307692307 0.15264423076923078 0.2980769230769231
0 0.04447115384615385 0.6165865384615384 0.07572115384615384 0.28365384615384615
0 0.7391826923076923 0.6694711538461539 0.14423076923076922 0.22355769230769232
0 0.6766826923076923 0.07211538461538461 0.10576923076923077 0.14302884615384615
0 0.625 0.7752403846153846 0.08413461538461539 0.15625
0 0.7896634615384616 0.7884615384615384 0.06370192307692307 0.17067307692307693
0 0.7716346153846154 0.09254807692307693 0.12379807692307693 0.18509615384615385
0 0.5949519230769231 0.9194711538461539 0.15745192307692307 0.0985576923076923
0 0.3954326923076923 0.9375 0.18028846153846154 0.1201923076923077
0 0.18509615384615385 0.9435096153846154 0.13341346153846154 0.11177884615384616
0 0.3581730769230769 0.10817307692307693 0.16826923076923078 0.21634615384615385