0 0.07572115384615384 0.15144230769230768 0.0829326923076923 0.25600961538461536
0 0.25 0.16826923076923078 0.10817307692307693 0.33653846153846156
0 0.051682692307692304 0.26322115384615385 0.10216346153846154 0.18990384615384615
0 0.7632211538461539 0.40384615384615385 0.08653846153846154 0.3389423076923077
0 0.09495192307692307 0.49158653846153844 0.09495192307692307 0.2704326923076923
0 0.4579326923076923 0.5877403846153846 0.0985576923076923 0.20673076923076922
0 0.040865384615384616 0.5901442307692307 0.07932692307692307 0.3004807692307692
0 0.30408653846153844 0.6009615384615384 0.16105769230769232 0.19831730769230768
0 0.8028846153846154 0.06971153846153846 0.07211538461538461 0.1201923076923077
0 0.7608173076923077 0.7524038461538461 0.1346153846153846 0.27163461538461536
0 0.6298076923076923 0.8185096153846154 0.11658653846153846 0.36177884615384615
0 0.24278846153846154 0.8569711538461539 0.17067307692307693 0.15384615384615385
0 0.6586538461538461 0.90625 0.2548076923076923 0.18269230769230768
0 0.47716346153846156 0.9242788461538461 0.19471153846153846 0.1502403846153846
0 0.2608173076923077 0.9495192307692307 0.1658653846153846 0.09615384615384616
0 0.6610576923076923 0.10697115384615384 0.11899038461538461 0.21394230769230768
0 0.75 0.11538461538461539 0.14423076923076922 0.23076923076923078