0 0.05889423076923077 0.16466346153846154 0.057692307692307696 0.296875
0 0.45913461538461536 0.22235576923076922 0.109375 0.39663461538461536
0 0.390625 0.2932692307692308 0.12379807692307693 0.41466346153846156
0 0.055288461538461536 0.41225961538461536 0.11057692307692307 0.23798076923076922
0 0.7391826923076923 0.4387019230769231 0.14783653846153846 0.2692307692307692
0 0.11538461538461539 0.4483173076923077 0.06490384615384616 0.30408653846153844
0 0.796875 0.4951923076923077 0.10697115384615384 0.3329326923076923
0 0.04447115384615385 0.5733173076923077 0.06971153846153846 0.21033653846153846
0 0.44711538461538464 0.7103365384615384 0.12740384615384615 0.22115384615384615
0 0.7439903846153846 0.7560096153846154 0.08533653846153846 0.28125
0 0.28966346153846156 0.7716346153846154 0.13581730769230768 0.1502403846153846
0 0.0673076923076923 0.78125 0.06610576923076923 0.21394230769230768
0 0.7980769230769231 0.7932692307692307 0.05889423076923077 0.2608173076923077
0 0.7295673076923077 0.8545673076923077 0.12620192307692307 0.19471153846153846
0 0.6862980769230769 0.9110576923076923 0.14903846153846154 0.12259615384615384
0 0.28966346153846156 0.9459134615384616 0.17548076923076922 0.10336538461538461