0 0.11899038461538461 0.18990384615384615 0.09735576923076923 0.15264423076923078
0 0.5625 0.19110576923076922 0.11658653846153846 0.3629807692307692
0 0.052884615384615384 0.23918269230769232 0.09495192307692307 0.22355769230769232
0 0.8088942307692307 0.3701923076923077 0.10096153846153846 0.3605769230769231
0 0.06610576923076923 0.39783653846153844 0.13221153846153846 0.15384615384615385
0 0.7139423076923077 0.41586538461538464 0.19230769230769232 0.18870192307692307
0 0.9483173076923077 0.41947115384615385 0.10216346153846154 0.3269230769230769
0 0.40024038461538464 0.53125 0.18269230769230768 0.24639423076923078
0 0.052884615384615384 0.6382211538461539 0.0625 0.21634615384615385
0 0.6850961538461539 0.6706730769230769 0.16947115384615385 0.28125
0 0.7848557692307693 0.7079326923076923 0.09975961538461539 0.27283653846153844
0 0.32091346153846156 0.7752403846153846 0.140625 0.3233173076923077
0 0.5985576923076923 0.8677884615384616 0.16105769230769232 0.23918269230769232
0 0.2956730769230769 0.8762019230769231 0.1045673076923077 0.23317307692307693
0 0.21875 0.8762019230769231 0.11538461538461539 0.10817307692307693
0 0.75 0.8846153846153846 0.1310096153846154 0.15384615384615385
0 0.3161057692307692 0.9495192307692307 0.1658653846153846 0.09615384615384616
0 0.7908653846153846 0.09975961538461539 0.12379807692307693 0.19831730769230768