0 0.17668269230769232 0.14783653846153846 0.10216346153846154 0.27163461538461536
0 0.18870192307692307 0.421875 0.15745192307692307 0.2439903846153846
0 0.07692307692307693 0.5877403846153846 0.0829326923076923 0.28125
0 0.26802884615384615 0.8389423076923077 0.09254807692307693 0.2283653846153846
0 0.35336538461538464 0.8461538461538461 0.14783653846153846 0.19591346153846154
0 0.6502403846153846 0.9038461538461539 0.15264423076923078 0.14302884615384615
0 0.22235576923076922 0.9146634615384616 0.1466346153846154 0.1658653846153846
0 0.49278846153846156 0.9314903846153846 0.15745192307692307 0.1346153846153846
0 0.3473557692307692 0.9543269230769231 0.1201923076923077 0.0889423076923077
0 0.24278846153846154 0.1141826923076923 0.1045673076923077 0.2283653846153846
0 0.06009615384615385 0.11538461538461539 0.07091346153846154 0.2247596153846154