0 0.2608173076923077 0.2620192307692308 0.14903846153846154 0.296875
0 0.11899038461538461 0.265625 0.07932692307692307 0.30288461538461536
0 0.7524038461538461 0.3449519230769231 0.15384615384615385 0.2668269230769231
0 0.08173076923076923 0.3473557692307692 0.09375 0.2620192307692308
0 0.038461538461538464 0.6129807692307693 0.07692307692307693 0.203125
0 0.734375 0.8245192307692307 0.13701923076923078 0.22716346153846154
0 0.34375 0.8329326923076923 0.1814903846153846 0.14182692307692307
0 0.25240384615384615 0.8497596153846154 0.07572115384615384 0.23197115384615385
0 0.2091346153846154 0.08653846153846154 0.13942307692307693 0.14783653846153846
0 0.5685096153846154 0.9314903846153846 0.171875 0.1346153846153846
0 0.4170673076923077 0.9423076923076923 0.15144230769230768 0.11057692307692307
0 0.3473557692307692 0.11899038461538461 0.1778846153846154 0.23798076923076922