0 0.11899038461538461 0.22596153846153846 0.07211538461538461 0.33052884615384615
0 0.05048076923076923 0.2536057692307692 0.09014423076923077 0.2536057692307692
0 0.7199519230769231 0.2620192307692308 0.15985576923076922 0.1814903846153846
0 0.8125 0.3004807692307692 0.0829326923076923 0.33653846153846156
0 0.052884615384615384 0.3557692307692308 0.09615384615384616 0.234375
0 0.7331730769230769 0.4651442307692308 0.078125 0.31009615384615385
0 0.47475961538461536 0.6105769230769231 0.19110576923076922 0.25
0 0.3473557692307692 0.6430288461538461 0.12860576923076922 0.31490384615384615
0 0.7908653846153846 0.6646634615384616 0.06490384615384616 0.31971153846153844
0 0.06129807692307692 0.6911057692307693 0.07932692307692307 0.2668269230769231
0 0.5949519230769231 0.9098557692307693 0.19110576923076922 0.14783653846153846
0 0.31009615384615385 0.9350961538461539 0.16826923076923078 0.12740384615384615
0 0.7055288461538461 0.125 0.06971153846153846 0.25