0 0.12980769230769232 0.1778846153846154 0.11899038461538461 0.2668269230769231
0 0.7223557692307693 0.2536057692307692 0.13701923076923078 0.38221153846153844
0 0.7944711538461539 0.28846153846153844 0.09254807692307693 0.41346153846153844
0 0.06971153846153846 0.32211538461538464 0.10216346153846154 0.33413461538461536
0 0.9483173076923077 0.35336538461538464 0.055288461538461536 0.3125
0 0.4411057692307692 0.5552884615384616 0.14302884615384615 0.34975961538461536
0 0.04807692307692308 0.5853365384615384 0.08052884615384616 0.28966346153846156
0 0.7860576923076923 0.6730769230769231 0.09134615384615384 0.2848557692307692
0 0.5697115384615384 0.7451923076923077 0.1814903846153846 0.19831730769230768
0 0.6298076923076923 0.8257211538461539 0.09495192307692307 0.234375
0 0.7391826923076923 0.8641826923076923 0.14783653846153846 0.1502403846153846
0 0.2932692307692308 0.9242788461538461 0.16826923076923078 0.14903846153846154
0 0.5024038461538461 0.9435096153846154 0.16466346153846154 0.109375