0 0.2980769230769231 0.21394230769230768 0.10216346153846154 0.2704326923076923
0 0.08533653846153846 0.21514423076923078 0.0985576923076923 0.18990384615384615
0 0.2283653846153846 0.23317307692307693 0.0889423076923077 0.41225961538461536
0 0.06129807692307692 0.3161057692307692 0.0889423076923077 0.2800480769230769
0 0.04447115384615385 0.4855769230769231 0.08413461538461539 0.24519230769230768
0 0.07932692307692307 0.5697115384615384 0.0625 0.24639423076923078
0 0.042067307692307696 0.6923076923076923 0.0673076923076923 0.2704326923076923
0 0.7620192307692307 0.7920673076923077 0.11298076923076923 0.23918269230769232
0 0.17307692307692307 0.9014423076923077 0.056490384615384616 0.17307692307692307
0 0.5661057692307693 0.9158653846153846 0.16947115384615385 0.125
0 0.41947115384615385 0.9242788461538461 0.17307692307692307 0.1502403846153846
0 0.2848557692307692 0.9399038461538461 0.12259615384615384 0.11899038461538461
0 0.13942307692307693 0.11177884615384616 0.08653846153846154 0.22355769230769232
0 0.34375 0.11298076923076923 0.13221153846153846 0.22596153846153846
0 0.09495192307692307 0.1141826923076923 0.07211538461538461 0.18269230769230768