0 0.8052884615384616 0.171875 0.14423076923076922 0.34375
0 0.44350961538461536 0.28365384615384615 0.09254807692307693 0.31971153846153844
0 0.08653846153846154 0.2980769230769231 0.09014423076923077 0.27283653846153844
0 0.7379807692307693 0.33533653846153844 0.09615384615384616 0.34615384615384615
0 0.8028846153846154 0.42788461538461536 0.0889423076923077 0.3786057692307692
0 0.06971153846153846 0.4987980769230769 0.10697115384615384 0.24278846153846154
0 0.4170673076923077 0.6057692307692307 0.16105769230769232 0.22115384615384615
0 0.5120192307692307 0.7908653846153846 0.1622596153846154 0.23076923076923078
0 0.24278846153846154 0.8605769230769231 0.14783653846153846 0.13942307692307693
0 0.3076923076923077 0.8930288461538461 0.06850961538461539 0.2127403846153846
0 0.7584134615384616 0.8942307692307693 0.16706730769230768 0.1502403846153846
0 0.6045673076923077 0.9411057692307693 0.12740384615384615 0.11298076923076923
0 0.38341346153846156 0.9507211538461539 0.16105769230769232 0.09375
0 0.11658653846153846 0.10817307692307693 0.11778846153846154 0.15745192307692307