0 0.06129807692307692 0.16105769230769232 0.11298076923076923 0.19951923076923078
0 0.4987980769230769 0.2091346153846154 0.18269230769230768 0.27524038461538464
0 0.8137019230769231 0.2512019230769231 0.12740384615384615 0.3245192307692308
0 0.65625 0.2848557692307692 0.19471153846153846 0.2668269230769231
0 0.08774038461538461 0.41225961538461536 0.07211538461538461 0.30528846153846156
0 0.38221153846153844 0.4735576923076923 0.2127403846153846 0.171875
0 0.03485576923076923 0.47596153846153844 0.06850961538461539 0.26802884615384615
0 0.9543269230769231 0.6201923076923077 0.09014423076923077 0.27884615384615385
0 0.7980769230769231 0.7271634615384616 0.10216346153846154 0.30408653846153844
0 0.07451923076923077 0.7860576923076923 0.11177884615384616 0.22716346153846154
0 0.7403846153846154 0.8173076923076923 0.10336538461538461 0.2620192307692308
0 0.22716346153846154 0.8966346153846154 0.12740384615384615 0.20192307692307693
0 0.3870192307692308 0.9038461538461539 0.16947115384615385 0.1778846153846154
0 0.5228365384615384 0.9338942307692307 0.17067307692307693 0.12740384615384615
0 0.30649038461538464 0.9495192307692307 0.13701923076923078 0.09615384615384616