0 0.6814903846153846 0.20192307692307693 0.15264423076923078 0.4026442307692308
0 0.04927884615384615 0.21995192307692307 0.09735576923076923 0.2127403846153846
0 0.6598557692307693 0.26802884615384615 0.10697115384615384 0.35096153846153844
0 0.7716346153846154 0.32091346153846156 0.08173076923076923 0.30528846153846156
0 0.2860576923076923 0.4543269230769231 0.14903846153846154 0.21634615384615385
0 0.08413461538461539 0.5420673076923077 0.1310096153846154 0.16346153846153846
0 0.7584134615384616 0.5685096153846154 0.12860576923076922 0.2283653846153846
0 0.4963942307692308 0.640625 0.09254807692307693 0.14423076923076922
0 0.7391826923076923 0.7091346153846154 0.08533653846153846 0.19951923076923078
0 0.625 0.7295673076923077 0.16947115384615385 0.12740384615384615
0 0.4495192307692308 0.7487980769230769 0.11298076923076923 0.25600961538461536
0 0.3293269230769231 0.7584134615384616 0.12139423076923077 0.26322115384615385
0 0.8016826923076923 0.796875 0.06971153846153846 0.25600961538461536
0 0.6298076923076923 0.8173076923076923 0.14783653846153846 0.15865384615384615
0 0.25721153846153844 0.8497596153846154 0.06850961538461539 0.24278846153846154
0 0.2776442307692308 0.8701923076923077 0.15144230769230768 0.15985576923076922
0 0.5721153846153846 0.8798076923076923 0.13822115384615385 0.20072115384615385
0 0.703125 0.8966346153846154 0.15865384615384615 0.10817307692307693
0 0.375 0.9170673076923077 0.11538461538461539 0.16346153846153846
0 0.21634615384615385 0.9278846153846154 0.12980769230769232 0.13942307692307693
0 0.4579326923076923 0.9459134615384616 0.15144230769230768 0.10336538461538461
0 0.7391826923076923 0.10576923076923077 0.10336538461538461 0.21153846153846154