0 0.13341346153846154 0.140625 0.12980769230769232 0.2668269230769231
0 0.7415865384615384 0.171875 0.07451923076923077 0.2920673076923077
0 0.640625 0.20673076923076922 0.08533653846153846 0.31490384615384615
0 0.055288461538461536 0.2512019230769231 0.10817307692307693 0.25600961538461536
0 0.4495192307692308 0.32211538461538464 0.0889423076923077 0.3425480769230769
0 0.7019230769230769 0.36538461538461536 0.06850961538461539 0.2620192307692308
0 0.234375 0.38221153846153844 0.09134615384615384 0.39663461538461536
0 0.8040865384615384 0.4254807692307692 0.08533653846153846 0.34615384615384615
0 0.03125 0.5588942307692307 0.055288461538461536 0.25961538461538464
0 0.8076923076923077 0.6802884615384616 0.06610576923076923 0.28125
0 0.33413461538461536 0.6887019230769231 0.17067307692307693 0.15865384615384615
0 0.44711538461538464 0.8137019230769231 0.14182692307692307 0.17548076923076922
0 0.20432692307692307 0.8233173076923077 0.09254807692307693 0.038461538461538464
0 0.27163461538461536 0.8269230769230769 0.0889423076923077 0.22956730769230768
0 0.6586538461538461 0.8701923076923077 0.14423076923076922 0.17908653846153846
0 0.7487980769230769 0.8786057692307693 0.1466346153846154 0.17548076923076922
0 0.5817307692307693 0.9230769230769231 0.11538461538461539 0.12860576923076922
0 0.4411057692307692 0.9242788461538461 0.1778846153846154 0.13942307692307693
0 0.8040865384615384 0.12259615384615384 0.09375 0.24519230769230768
0 0.578125 0.125 0.11899038461538461 0.25