0 0.0673076923076923 0.30528846153846156 0.13341346153846154 0.16706730769230768
0 0.20432692307692307 0.38341346153846156 0.16947115384615385 0.2548076923076923
0 0.7920673076923077 0.5036057692307693 0.0889423076923077 0.27884615384615385
0 0.08413461538461539 0.5276442307692307 0.07932692307692307 0.21634615384615385
0 0.04567307692307692 0.5865384615384616 0.07451923076923077 0.21033653846153846
0 0.7475961538461539 0.6298076923076923 0.11177884615384616 0.26802884615384615
0 0.21634615384615385 0.84375 0.07091346153846154 0.1814903846153846
0 0.23557692307692307 0.08653846153846154 0.11899038461538461 0.17307692307692307
0 0.2536057692307692 0.8774038461538461 0.10697115384615384 0.17908653846153846
0 0.3161057692307692 0.9411057692307693 0.15625 0.11298076923076923
0 0.1778846153846154 0.10817307692307693 0.11057692307692307 0.21634615384615385