0 0.75 0.1502403846153846 0.1658653846153846 0.18629807692307693
0 0.9603365384615384 0.31971153846153844 0.05889423076923077 0.2980769230769231
0 0.051682692307692304 0.4050480769230769 0.0829326923076923 0.328125
0 0.8161057692307693 0.40865384615384615 0.078125 0.2980769230769231
0 0.7223557692307693 0.46634615384615385 0.11658653846153846 0.35096153846153844
0 0.3954326923076923 0.6754807692307693 0.10216346153846154 0.3016826923076923
0 0.7932692307692307 0.7367788461538461 0.08533653846153846 0.2800480769230769
0 0.6983173076923077 0.7788461538461539 0.09375 0.22115384615384615
0 0.5324519230769231 0.8677884615384616 0.13581730769230768 0.2608173076923077
0 0.47596153846153844 0.8725961538461539 0.12860576923076922 0.24759615384615385
0 0.2956730769230769 0.9290865384615384 0.14783653846153846 0.13942307692307693
0 0.5997596153846154 0.12379807692307693 0.17668269230769232 0.234375