0 0.7163461538461539 0.234375 0.19591346153846154 0.21514423076923078
0 0.2668269230769231 0.24158653846153846 0.22115384615384615 0.30408653846153844
0 0.39783653846153844 0.4254807692307692 0.16947115384615385 0.2776442307692308
0 0.8088942307692307 0.44591346153846156 0.07692307692307693 0.3605769230769231
0 0.6850961538461539 0.4579326923076923 0.11899038461538461 0.4110576923076923
0 0.28966346153846156 0.5060096153846154 0.17067307692307693 0.2091346153846154
0 0.7307692307692307 0.5264423076923077 0.13221153846153846 0.20072115384615385
0 0.055288461538461536 0.6586538461538461 0.06971153846153846 0.2920673076923077
0 0.3473557692307692 0.7403846153846154 0.15384615384615385 0.19230769230769232
0 0.3088942307692308 0.8185096153846154 0.17908653846153846 0.2091346153846154
0 0.2512019230769231 0.9098557692307693 0.07932692307692307 0.17548076923076922
0 0.20673076923076922 0.921875 0.10096153846153846 0.15144230769230768
0 0.32211538461538464 0.921875 0.12980769230769232 0.15144230769230768