0 0.9675480769230769 0.2956730769230769 0.06129807692307692 0.30528846153846156
0 0.2548076923076923 0.3449519230769231 0.15504807692307693 0.17427884615384615
0 0.03125 0.35096153846153844 0.05889423076923077 0.24278846153846154
0 0.7055288461538461 0.36177884615384615 0.15985576923076922 0.1814903846153846
0 0.38822115384615385 0.44711538461538464 0.1502403846153846 0.2620192307692308
0 0.8028846153846154 0.484375 0.08173076923076923 0.3581730769230769
0 0.7608173076923077 0.5120192307692307 0.07451923076923077 0.31009615384615385
0 0.052884615384615384 0.6033653846153846 0.07572115384615384 0.24639423076923078
0 0.3233173076923077 0.6442307692307693 0.1622596153846154 0.21754807692307693
0 0.9447115384615384 0.7584134615384616 0.054086538461538464 0.29086538461538464
0 0.5060096153846154 0.859375 0.18389423076923078 0.1658653846153846
0 0.7319711538461539 0.8834134615384616 0.17307692307692307 0.15625
0 0.25 0.9387019230769231 0.14543269230769232 0.11899038461538461
0 0.3629807692307692 0.9399038461538461 0.1658653846153846 0.11658653846153846