0 0.36177884615384615 0.22115384615384615 0.18389423076923078 0.30528846153846156
0 0.05048076923076923 0.3004807692307692 0.09375 0.28125
0 0.41586538461538464 0.41947115384615385 0.10576923076923077 0.3894230769230769
0 0.6899038461538461 0.4723557692307692 0.15384615384615385 0.234375
0 0.8100961538461539 0.47475961538461536 0.06129807692307692 0.2776442307692308
0 0.7451923076923077 0.5012019230769231 0.09375 0.31971153846153844
0 0.1045673076923077 0.5576923076923077 0.10336538461538461 0.1622596153846154
0 0.7067307692307693 0.057692307692307696 0.203125 0.1141826923076923
0 0.03485576923076923 0.6225961538461539 0.06971153846153846 0.2668269230769231
0 0.7728365384615384 0.7896634615384616 0.09735576923076923 0.22956730769230768
0 0.5228365384615384 0.921875 0.18509615384615385 0.15144230769230768
0 0.36778846153846156 0.9362980769230769 0.15625 0.12620192307692307
0 0.24158653846153846 0.9447115384615384 0.11298076923076923 0.10697115384615384
0 0.09975961538461539 0.0985576923076923 0.15144230769230768 0.1971153846153846