0 0.5084134615384616 0.17668269230769232 0.11538461538461539 0.3004807692307692
0 0.6310096153846154 0.20192307692307693 0.11899038461538461 0.3245192307692308
0 0.15384615384615385 0.24639423076923078 0.12379807692307693 0.2548076923076923
0 0.42788461538461536 0.25721153846153844 0.1310096153846154 0.3137019230769231
0 0.7992788461538461 0.36658653846153844 0.09134615384615384 0.3473557692307692
0 0.27283653846153844 0.4519230769230769 0.15264423076923078 0.26802884615384615
0 0.052884615384615384 0.5216346153846154 0.10336538461538461 0.2403846153846154
0 0.42788461538461536 0.6646634615384616 0.12860576923076922 0.25
0 0.7896634615384616 0.7800480769230769 0.10336538461538461 0.30408653846153844
0 0.3545673076923077 0.8798076923076923 0.13942307692307693 0.16105769230769232
0 0.5829326923076923 0.8930288461538461 0.13221153846153846 0.2091346153846154
0 0.6778846153846154 0.9362980769230769 0.1201923076923077 0.12620192307692307
0 0.375 0.9591346153846154 0.22355769230769232 0.07932692307692307