0 0.5372596153846154 0.17307692307692307 0.08774038461538461 0.3449519230769231
0 0.055288461538461536 0.18269230769230768 0.08052884615384616 0.2127403846153846
0 0.6923076923076923 0.3112980769230769 0.14543269230769232 0.29086538461538464
0 0.040865384615384616 0.5600961538461539 0.07211538461538461 0.23918269230769232
0 0.09134615384615384 0.5793269230769231 0.06850961538461539 0.21634615384615385
0 0.38100961538461536 0.6274038461538461 0.18389423076923078 0.21875
0 0.6947115384615384 0.6370192307692307 0.09014423076923077 0.21995192307692307
0 0.4879807692307692 0.6502403846153846 0.203125 0.3016826923076923
0 0.796875 0.734375 0.0673076923076923 0.30528846153846156
0 0.7836538461538461 0.08413461538461539 0.078125 0.16706730769230768
0 0.39302884615384615 0.8689903846153846 0.1466346153846154 0.25841346153846156
0 0.9543269230769231 0.12139423076923077 0.052884615384615384 0.24278846153846154