0 0.21033653846153846 0.1502403846153846 0.15384615384615385 0.1346153846153846
0 0.2980769230769231 0.17908653846153846 0.12740384615384615 0.32572115384615385
0 0.5048076923076923 0.18269230769230768 0.17067307692307693 0.36538461538461536
0 0.051682692307692304 0.30408653846153844 0.10216346153846154 0.2764423076923077
0 0.18629807692307693 0.33653846153846156 0.1201923076923077 0.3076923076923077
0 0.28725961538461536 0.43028846153846156 0.1814903846153846 0.3004807692307692
0 0.04807692307692308 0.4879807692307692 0.09615384615384616 0.2824519230769231
0 0.7103365384615384 0.7512019230769231 0.12620192307692307 0.296875
0 0.7728365384615384 0.8269230769230769 0.1310096153846154 0.20552884615384615
0 0.09495192307692307 0.8569711538461539 0.11057692307692307 0.2512019230769231
0 0.7283653846153846 0.08774038461538461 0.14302884615384615 0.17548076923076922
0 0.4338942307692308 0.9350961538461539 0.1658653846153846 0.125
0 0.30528846153846156 0.9471153846153846 0.14903846153846154 0.10096153846153846
0 0.17908653846153846 0.9555288461538461 0.11778846153846154 0.08774038461538461
0 0.11658653846153846 0.1201923076923077 0.09134615384615384 0.22235576923076922