0 0.0625 0.4326923076923077 0.06850961538461539 0.2848557692307692
0 0.7572115384615384 0.47836538461538464 0.09134615384615384 0.3137019230769231
0 0.8245192307692307 0.5060096153846154 0.09375 0.328125
0 0.4182692307692308 0.5564903846153846 0.13822115384615385 0.41346153846153844
0 0.07692307692307693 0.6045673076923077 0.10576923076923077 0.1778846153846154
0 0.3088942307692308 0.7367788461538461 0.11658653846153846 0.34375
0 0.7980769230769231 0.7824519230769231 0.09735576923076923 0.21995192307692307
0 0.5408653846153846 0.7872596153846154 0.09735576923076923 0.21033653846153846
0 0.10817307692307693 0.8810096153846154 0.10096153846153846 0.23317307692307693
0 0.7007211538461539 0.8846153846153846 0.15504807692307693 0.19591346153846154
0 0.5372596153846154 0.8882211538461539 0.15625 0.21875
0 0.17908653846153846 0.9122596153846154 0.1466346153846154 0.17067307692307693
0 0.3269230769230769 0.9399038461538461 0.20793269230769232 0.11899038461538461
0 0.5396634615384616 0.0985576923076923 0.12860576923076922 0.19591346153846154
0 0.625 0.10817307692307693 0.09615384615384616 0.21634615384615385
0 0.7668269230769231 0.109375 0.16826923076923078 0.21875