0 0.7235576923076923 0.19471153846153846 0.13341346153846154 0.33653846153846156
0 0.44711538461538464 0.2824519230769231 0.11298076923076923 0.2956730769230769
0 0.78125 0.39783653846153844 0.09375 0.2848557692307692
0 0.027644230769230768 0.4110576923076923 0.055288461538461536 0.23317307692307693
0 0.8161057692307693 0.5552884615384616 0.07211538461538461 0.2860576923076923
0 0.056490384615384616 0.5865384615384616 0.08173076923076923 0.16826923076923078
0 0.7403846153846154 0.7115384615384616 0.09254807692307693 0.31490384615384615
0 0.27884615384615385 0.8004807692307693 0.09375 0.2127403846153846
0 0.7872596153846154 0.8125 0.056490384615384616 0.23076923076923078
0 0.6117788461538461 0.9182692307692307 0.1658653846153846 0.15865384615384615
0 0.45552884615384615 0.9314903846153846 0.17548076923076922 0.13221153846153846