0 0.11298076923076923 0.25841346153846156 0.06971153846153846 0.2776442307692308
0 0.20793269230769232 0.40625 0.125 0.16346153846153846
0 0.0829326923076923 0.4807692307692308 0.078125 0.29086538461538464
0 0.42908653846153844 0.6153846153846154 0.12860576923076922 0.3173076923076923
0 0.3485576923076923 0.8257211538461539 0.16346153846153846 0.16706730769230768
0 0.25600961538461536 0.8713942307692307 0.10817307692307693 0.25240384615384615
0 0.421875 0.8918269230769231 0.16947115384615385 0.12620192307692307
0 0.35336538461538464 0.9278846153846154 0.1310096153846154 0.14302884615384615
0 0.2536057692307692 0.11177884615384616 0.08653846153846154 0.22355769230769232
0 0.5564903846153846 0.11899038461538461 0.20192307692307693 0.16947115384615385
0 0.040865384615384616 0.12860576923076922 0.08173076923076923 0.24158653846153846
0 0.8028846153846154 0.13581730769230768 0.1141826923076923 0.2704326923076923