0 0.03365384615384615 0.16826923076923078 0.06610576923076923 0.13822115384615385
0 0.12379807692307693 0.32572115384615385 0.14543269230769232 0.10576923076923077
0 0.19110576923076922 0.3713942307692308 0.16706730769230768 0.21875
0 0.08173076923076923 0.5264423076923077 0.08774038461538461 0.2283653846153846
0 0.06971153846153846 0.625 0.07451923076923077 0.2247596153846154
0 0.33413461538461536 0.6658653846153846 0.19831730769230768 0.25841346153846156
0 0.24278846153846154 0.8569711538461539 0.08173076923076923 0.265625
0 0.2920673076923077 0.8617788461538461 0.1310096153846154 0.27524038461538464
0 0.6911057692307693 0.9026442307692307 0.16105769230769232 0.18990384615384615
0 0.15264423076923078 0.09615384615384616 0.06129807692307692 0.1875
0 0.18870192307692307 0.12139423076923077 0.0985576923076923 0.24278846153846154
0 0.07211538461538461 0.12860576923076922 0.0625 0.25721153846153844
0 0.12379807692307693 0.1346153846153846 0.0625 0.26322115384615385