0 0.44591346153846156 0.18990384615384615 0.10576923076923077 0.3605769230769231
0 0.5757211538461539 0.2091346153846154 0.18990384615384615 0.27524038461538464
0 0.8088942307692307 0.4050480769230769 0.07451923076923077 0.25
0 0.038461538461538464 0.4206730769230769 0.07692307692307693 0.31490384615384615
0 0.15504807692307693 0.4266826923076923 0.09735576923076923 0.23798076923076922
0 0.7439903846153846 0.4699519230769231 0.07211538461538461 0.2956730769230769
0 0.09615384615384616 0.6550480769230769 0.13581730769230768 0.18028846153846154
0 0.8040865384615384 0.7055288461538461 0.06850961538461539 0.28125
0 0.7680288461538461 0.8317307692307693 0.0985576923076923 0.3317307692307692
0 0.5576923076923077 0.8641826923076923 0.0625 0.12620192307692307
0 0.6610576923076923 0.8966346153846154 0.11658653846153846 0.20552884615384615
0 0.33533653846153844 0.8990384615384616 0.16105769230769232 0.1971153846153846
0 0.5 0.9026442307692307 0.12980769230769232 0.18990384615384615
0 0.17908653846153846 0.9158653846153846 0.1466346153846154 0.16346153846153846
0 0.71875 0.13701923076923078 0.1935096153846154 0.22115384615384615