0 0.08173076923076923 0.171875 0.12259615384615384 0.17908653846153846
0 0.5276442307692307 0.17908653846153846 0.08413461538461539 0.34615384615384615
0 0.6274038461538461 0.19831730769230768 0.1045673076923077 0.33774038461538464
0 0.18870192307692307 0.31850961538461536 0.15985576923076922 0.1310096153846154
0 0.8028846153846154 0.3701923076923077 0.0829326923076923 0.38822115384615385
0 0.2848557692307692 0.453125 0.1814903846153846 0.18629807692307693
0 0.052884615384615384 0.46153846153846156 0.0889423076923077 0.16826923076923078
0 0.7055288461538461 0.5036057692307693 0.109375 0.2932692307692308
0 0.039663461538461536 0.5420673076923077 0.07932692307692307 0.21875
0 0.4579326923076923 0.6069711538461539 0.10576923076923077 0.15985576923076922
0 0.5456730769230769 0.765625 0.19591346153846154 0.171875
0 0.4879807692307692 0.8341346153846154 0.1310096153846154 0.2548076923076923
0 0.3605769230769231 0.8605769230769231 0.15384615384615385 0.18870192307692307
0 0.59375 0.9098557692307693 0.15384615384615385 0.17548076923076922
0 0.3112980769230769 0.9278846153846154 0.17908653846153846 0.14302884615384615
0 0.6682692307692307 0.9302884615384616 0.14302884615384615 0.13341346153846154
0 0.42788461538461536 0.9338942307692307 0.1201923076923077 0.12740384615384615