0 0.6213942307692307 0.28966346153846156 0.1622596153846154 0.296875
0 0.40024038461538464 0.3425480769230769 0.15865384615384615 0.2536057692307692
0 0.3161057692307692 0.38221153846153844 0.1778846153846154 0.2860576923076923
0 0.7427884615384616 0.5144230769230769 0.11298076923076923 0.328125
0 0.8233173076923077 0.5853365384615384 0.0625 0.2932692307692308
0 0.4795673076923077 0.6045673076923077 0.17548076923076922 0.2668269230769231
0 0.05889423076923077 0.609375 0.08052884615384616 0.25
0 0.09134615384615384 0.6201923076923077 0.07091346153846154 0.22355769230769232
0 0.71875 0.6670673076923077 0.09735576923076923 0.1971153846153846
0 0.6610576923076923 0.6923076923076923 0.10216346153846154 0.15745192307692307
0 0.5516826923076923 0.7548076923076923 0.20673076923076922 0.16947115384615385
0 0.43028846153846156 0.8485576923076923 0.1045673076923077 0.23557692307692307
0 0.3798076923076923 0.8521634615384616 0.09134615384615384 0.171875
0 0.6778846153846154 0.8569711538461539 0.0889423076923077 0.1141826923076923
0 0.6526442307692307 0.8966346153846154 0.10096153846153846 0.13942307692307693
0 0.48677884615384615 0.9122596153846154 0.10336538461538461 0.16947115384615385
0 0.23677884615384615 0.9362980769230769 0.16466346153846154 0.12620192307692307
0 0.5564903846153846 0.9387019230769231 0.14182692307692307 0.12139423076923077
0 0.6346153846153846 0.0985576923076923 0.19831730769230768 0.17307692307692307
0 0.7391826923076923 0.1310096153846154 0.10697115384615384 0.25600961538461536