0 0.765625 0.140625 0.16466346153846154 0.25600961538461536
0 0.5060096153846154 0.1466346153846154 0.1141826923076923 0.2932692307692308
0 0.040865384615384616 0.27524038461538464 0.08173076923076923 0.25721153846153844
0 0.7788461538461539 0.38100961538461536 0.14423076923076922 0.27524038461538464
0 0.2800480769230769 0.45552884615384615 0.17307692307692307 0.2860576923076923
0 0.10817307692307693 0.5360576923076923 0.1045673076923077 0.27524038461538464
0 0.46153846153846156 0.5853365384615384 0.11538461538461539 0.15625
0 0.040865384615384616 0.6021634615384616 0.06490384615384616 0.21634615384615385
0 0.7872596153846154 0.6057692307692307 0.15625 0.19591346153846154
0 0.33653846153846156 0.7427884615384616 0.17548076923076922 0.21875
0 0.7596153846153846 0.7764423076923077 0.1045673076923077 0.26802884615384615
0 0.2536057692307692 0.8413461538461539 0.140625 0.17548076923076922
0 0.6430288461538461 0.8689903846153846 0.18629807692307693 0.19471153846153846
0 0.19951923076923078 0.9170673076923077 0.11298076923076923 0.1622596153846154
0 0.33653846153846156 0.9399038461538461 0.15504807692307693 0.11658653846153846
0 0.6574519230769231 0.10096153846153846 0.17548076923076922 0.20192307692307693
0 0.07211538461538461 0.13822115384615385 0.11057692307692307 0.2608173076923077