0 0.7692307692307693 0.14543269230769232 0.14182692307692307 0.29086538461538464
0 0.515625 0.17307692307692307 0.19951923076923078 0.34615384615384615
0 0.7403846153846154 0.21394230769230768 0.14182692307692307 0.2920673076923077
0 0.6862980769230769 0.22716346153846154 0.14903846153846154 0.30528846153846156
0 0.06610576923076923 0.24519230769230768 0.11177884615384616 0.35096153846153844
0 0.109375 0.31009615384615385 0.09615384615384616 0.3245192307692308
0 0.2848557692307692 0.3858173076923077 0.14903846153846154 0.36658653846153844
0 0.7223557692307693 0.4050480769230769 0.18870192307692307 0.20673076923076922
0 0.7944711538461539 0.4411057692307692 0.11298076923076923 0.3401442307692308
0 0.054086538461538464 0.5120192307692307 0.09735576923076923 0.25
0 0.04326923076923077 0.6213942307692307 0.08052884615384616 0.2548076923076923
0 0.9507211538461539 0.6814903846153846 0.09495192307692307 0.15985576923076922
0 0.7752403846153846 0.7572115384615384 0.09495192307692307 0.3016826923076923
0 0.23798076923076922 0.8149038461538461 0.1045673076923077 0.12980769230769232
0 0.5480769230769231 0.8185096153846154 0.15865384615384615 0.23197115384615385
0 0.6670673076923077 0.8954326923076923 0.14423076923076922 0.14302884615384615
0 0.19471153846153846 0.921875 0.109375 0.14302884615384615
0 0.32211538461538464 0.9314903846153846 0.15865384615384615 0.1310096153846154
0 0.9639423076923077 0.109375 0.056490384615384616 0.21875