0 0.15504807692307693 0.18629807692307693 0.13581730769230768 0.2932692307692308
0 0.09495192307692307 0.20793269230769232 0.0985576923076923 0.29927884615384615
0 0.703125 0.23076923076923078 0.13822115384615385 0.35336538461538464
0 0.8040865384615384 0.28365384615384615 0.10096153846153846 0.41346153846153844
0 0.47475961538461536 0.29447115384615385 0.15985576923076922 0.3605769230769231
0 0.06009615384615385 0.3629807692307692 0.0985576923076923 0.23798076923076922
0 0.45552884615384615 0.5733173076923077 0.09615384615384616 0.33533653846153844
0 0.04807692307692308 0.6646634615384616 0.078125 0.3245192307692308
0 0.7728365384615384 0.671875 0.07451923076923077 0.2920673076923077
0 0.6310096153846154 0.8245192307692307 0.125 0.17908653846153846
0 0.484375 0.8677884615384616 0.10817307692307693 0.24639423076923078
0 0.35216346153846156 0.8725961538461539 0.16105769230769232 0.19230769230769232
0 0.7319711538461539 0.9002403846153846 0.1658653846153846 0.16346153846153846
0 0.28125 0.9495192307692307 0.12980769230769232 0.09615384615384616