0 0.2247596153846154 0.15985576923076922 0.08774038461538461 0.21754807692307693
0 0.11538461538461539 0.2776442307692308 0.052884615384615384 0.24519230769230768
0 0.6875 0.2920673076923077 0.13221153846153846 0.28125
0 0.054086538461538464 0.3605769230769231 0.09014423076923077 0.25
0 0.18509615384615385 0.42427884615384615 0.16466346153846154 0.16346153846153846
0 0.0889423076923077 0.5228365384615384 0.06009615384615385 0.20793269230769232
0 0.07091346153846154 0.6045673076923077 0.07091346153846154 0.1778846153846154
0 0.037259615384615384 0.6935096153846154 0.0625 0.16706730769230768
0 0.3317307692307692 0.8389423076923077 0.15144230769230768 0.20072115384615385
0 0.2512019230769231 0.8786057692307693 0.06971153846153846 0.23798076923076922
0 0.3545673076923077 0.9375 0.14182692307692307 0.1201923076923077
0 0.2091346153846154 0.9435096153846154 0.10576923076923077 0.10817307692307693
0 0.13822115384615385 0.1045673076923077 0.09495192307692307 0.20793269230769232
0 0.2548076923076923 0.11538461538461539 0.11057692307692307 0.23076923076923078