0 0.11298076923076923 0.14783653846153846 0.12620192307692307 0.22716346153846154
0 0.06850961538461539 0.18389423076923078 0.09254807692307693 0.25240384615384615
0 0.06129807692307692 0.27524038461538464 0.0889423076923077 0.2127403846153846
0 0.1310096153846154 0.38221153846153844 0.14423076923076922 0.18870192307692307
0 0.7836538461538461 0.40865384615384615 0.09735576923076923 0.3401442307692308
0 0.046875 0.4639423076923077 0.06850961538461539 0.2283653846153846
0 0.040865384615384616 0.6526442307692307 0.06370192307692307 0.24519230769230768
0 0.7884615384615384 0.6658653846153846 0.07932692307692307 0.328125
0 0.3894230769230769 0.7896634615384616 0.20793269230769232 0.3112980769230769
0 0.2848557692307692 0.8185096153846154 0.16706730769230768 0.17548076923076922
0 0.21634615384615385 0.875 0.0673076923076923 0.17548076923076922
0 0.09615384615384616 0.8774038461538461 0.0673076923076923 0.2439903846153846
0 0.7896634615384616 0.09014423076923077 0.09615384615384616 0.18028846153846154
0 0.7091346153846154 0.12980769230769232 0.10817307692307693 0.25841346153846156