0 0.5216346153846154 0.17307692307692307 0.13341346153846154 0.34615384615384615
0 0.06850961538461539 0.24639423076923078 0.12259615384615384 0.22716346153846154
0 0.7716346153846154 0.4098557692307692 0.12980769230769232 0.3293269230769231
0 0.10817307692307693 0.47115384615384615 0.09134615384615384 0.2800480769230769
0 0.04567307692307692 0.5769230769230769 0.07451923076923077 0.28365384615384615
0 0.4495192307692308 0.5889423076923077 0.11177884615384616 0.14543269230769232
0 0.9471153846153846 0.5925480769230769 0.06610576923076923 0.2620192307692308
0 0.3233173076923077 0.6225961538461539 0.17067307692307693 0.30408653846153844
0 0.7704326923076923 0.7367788461538461 0.09254807692307693 0.31009615384615385
0 0.6346153846153846 0.8485576923076923 0.21033653846153846 0.27524038461538464
0 0.2439903846153846 0.8617788461538461 0.15865384615384615 0.1346153846153846
0 0.6586538461538461 0.09375 0.10817307692307693 0.1875
0 0.4675480769230769 0.9387019230769231 0.1778846153846154 0.11658653846153846
0 0.7644230769230769 0.125 0.1346153846153846 0.25
0 0.08653846153846154 0.1310096153846154 0.10697115384615384 0.21995192307692307