0 0.6382211538461539 0.15264423076923078 0.15144230769230768 0.30408653846153844
0 0.07091346153846154 0.17668269230769232 0.07692307692307693 0.33533653846153844
0 0.09134615384615384 0.24158653846153846 0.06370192307692307 0.2980769230769231
0 0.17908653846153846 0.26802884615384615 0.1622596153846154 0.3233173076923077
0 0.7139423076923077 0.32211538461538464 0.13701923076923078 0.3485576923076923
0 0.040865384615384616 0.3317307692307692 0.08173076923076923 0.28365384615384615
0 0.7620192307692307 0.3629807692307692 0.09014423076923077 0.26322115384615385
0 0.8389423076923077 0.40865384615384615 0.0985576923076923 0.38100961538461536
0 0.43028846153846156 0.46033653846153844 0.09254807692307693 0.36899038461538464
0 0.7572115384615384 0.47596153846153844 0.10697115384615384 0.3233173076923077
0 0.36538461538461536 0.515625 0.17067307692307693 0.22115384615384615
0 0.4338942307692308 0.6081730769230769 0.17427884615384615 0.17067307692307693
0 0.7632211538461539 0.6550480769230769 0.11899038461538461 0.26322115384615385
0 0.6862980769230769 0.65625 0.0985576923076923 0.3016826923076923
0 0.09134615384615384 0.7439903846153846 0.12980769230769232 0.3581730769230769
0 0.3798076923076923 0.7536057692307693 0.19110576923076922 0.21033653846153846
0 0.34615384615384615 0.8605769230769231 0.19471153846153846 0.13341346153846154
0 0.7415865384615384 0.875 0.1466346153846154 0.17548076923076922
0 0.4879807692307692 0.9278846153846154 0.16947115384615385 0.14302884615384615
0 0.3449519230769231 0.9302884615384616 0.18990384615384615 0.1346153846153846