0 0.2247596153846154 0.2247596153846154 0.06971153846153846 0.3545673076923077
0 0.08533653846153846 0.23076923076923078 0.10697115384615384 0.3329326923076923
0 0.2764423076923077 0.25721153846153844 0.10697115384615384 0.3701923076923077
0 0.38822115384615385 0.2668269230769231 0.17668269230769232 0.21033653846153846
0 0.056490384615384616 0.4651442307692308 0.09735576923076923 0.24519230769230768
0 0.9555288461538461 0.5276442307692307 0.0733173076923077 0.27283653846153844
0 0.037259615384615384 0.6502403846153846 0.07451923076923077 0.2608173076923077
0 0.7704326923076923 0.78125 0.09495192307692307 0.21754807692307693
0 0.6550480769230769 0.08173076923076923 0.20793269230769232 0.15985576923076922
0 0.22956730769230768 0.828125 0.09975961538461539 0.20793269230769232
0 0.3629807692307692 0.08413461538461539 0.15745192307692307 0.16826923076923078
0 0.6802884615384616 0.9146634615384616 0.140625 0.13701923076923078
0 0.41947115384615385 0.9182692307692307 0.15144230769230768 0.15865384615384615
0 0.27283653846153844 0.9242788461538461 0.13822115384615385 0.1502403846153846
0 0.5612980769230769 0.9242788461538461 0.13581730769230768 0.1502403846153846
0 0.125 0.0985576923076923 0.06850961538461539 0.171875
0 0.7932692307692307 0.10697115384615384 0.11538461538461539 0.21033653846153846