0 0.15745192307692307 0.14783653846153846 0.15745192307692307 0.28365384615384615
0 0.7944711538461539 0.15504807692307693 0.08653846153846154 0.27163461538461536
0 0.6514423076923077 0.17307692307692307 0.051682692307692304 0.30649038461538464
0 0.7307692307692307 0.18389423076923078 0.08413461538461539 0.31490384615384615
0 0.054086538461538464 0.23918269230769232 0.0829326923076923 0.19591346153846154
0 0.44350961538461536 0.3125 0.10096153846153846 0.2860576923076923
0 0.22956730769230768 0.3389423076923077 0.109375 0.32572115384615385
0 0.7103365384615384 0.35096153846153844 0.09975961538461539 0.27403846153846156
0 0.7872596153846154 0.4014423076923077 0.09254807692307693 0.3112980769230769
0 0.039663461538461536 0.5396634615384616 0.07932692307692307 0.24278846153846154
0 0.7932692307692307 0.6802884615384616 0.07572115384615384 0.25841346153846156
0 0.07932692307692307 0.734375 0.046875 0.21394230769230768
0 0.4519230769230769 0.8209134615384616 0.17668269230769232 0.1935096153846154
0 0.2512019230769231 0.8389423076923077 0.08052884615384616 0.17307692307692307
0 0.6670673076923077 0.8665865384615384 0.12139423076923077 0.1310096153846154
0 0.7475961538461539 0.90625 0.10817307692307693 0.140625
0 0.20072115384615385 0.9122596153846154 0.07932692307692307 0.08533653846153846
0 0.5516826923076923 0.9266826923076923 0.11778846153846154 0.10697115384615384
0 0.4579326923076923 0.9278846153846154 0.14182692307692307 0.13942307692307693
0 0.25961538461538464 0.9663461538461539 0.09134615384615384 0.0625
0 0.5889423076923077 0.10336538461538461 0.12980769230769232 0.20552884615384615