0 0.0673076923076923 0.1658653846153846 0.09375 0.18990384615384615
0 0.14182692307692307 0.3701923076923077 0.14182692307692307 0.1875
0 0.7860576923076923 0.4230769230769231 0.0625 0.3004807692307692
0 0.054086538461538464 0.43990384615384615 0.09615384615384616 0.20192307692307693
0 0.028846153846153848 0.6274038461538461 0.057692307692307696 0.2800480769230769
0 0.7848557692307693 0.6826923076923077 0.10576923076923077 0.27163461538461536
0 0.3858173076923077 0.7992788461538461 0.20793269230769232 0.19110576923076922
0 0.2704326923076923 0.8521634615384616 0.10576923076923077 0.24158653846153846
0 0.14423076923076922 0.9098557692307693 0.11057692307692307 0.17548076923076922
0 0.7740384615384616 0.10216346153846154 0.14182692307692307 0.20432692307692307
0 0.11778846153846154 0.13221153846153846 0.10096153846153846 0.21754807692307693
0 0.7103365384615384 0.13581730769230768 0.13701923076923078 0.25961538461538464