0 0.24278846153846154 0.33653846153846156 0.10817307692307693 0.16826923076923078
0 0.027644230769230768 0.3713942307692308 0.054086538461538464 0.2932692307692308
0 0.7019230769230769 0.3737980769230769 0.16466346153846154 0.24278846153846154
0 0.37740384615384615 0.42788461538461536 0.1622596153846154 0.2536057692307692
0 0.8137019230769231 0.4891826923076923 0.06370192307692307 0.3485576923076923
0 0.7536057692307693 0.5216346153846154 0.09014423076923077 0.29447115384615385
0 0.08533653846153846 0.5576923076923077 0.08653846153846154 0.13822115384615385
0 0.05048076923076923 0.6189903846153846 0.06850961538461539 0.24639423076923078
0 0.3449519230769231 0.6574519230769231 0.1971153846153846 0.18389423076923078
0 0.7475961538461539 0.07211538461538461 0.14182692307692307 0.14302884615384615
0 0.21995192307692307 0.8269230769230769 0.10216346153846154 0.21153846153846154
0 0.5120192307692307 0.8786057692307693 0.17067307692307693 0.14302884615384615
0 0.7319711538461539 0.9050480769230769 0.14182692307692307 0.1875
0 0.3629807692307692 0.9399038461538461 0.1502403846153846 0.11899038461538461
0 0.24639423076923078 0.9435096153846154 0.11778846153846154 0.10817307692307693
0 0.12620192307692307 0.11057692307692307 0.0625 0.18990384615384615