0 0.7271634615384616 0.16105769230769232 0.08533653846153846 0.30288461538461536
0 0.8016826923076923 0.17307692307692307 0.08413461538461539 0.34615384615384615
0 0.6694711538461539 0.28846153846153844 0.10697115384615384 0.3076923076923077
0 0.38461538461538464 0.33052884615384615 0.14423076923076922 0.31490384615384615
0 0.7175480769230769 0.49399038461538464 0.08653846153846154 0.33052884615384615
0 0.8088942307692307 0.5 0.06850961538461539 0.3557692307692308
0 0.5661057692307693 0.06129807692307692 0.22355769230769232 0.12259615384615384
0 0.47475961538461536 0.5985576923076923 0.1466346153846154 0.2608173076923077
0 0.028846153846153848 0.6009615384615384 0.04807692307692308 0.2127403846153846
0 0.0889423076923077 0.6490384615384616 0.078125 0.27403846153846156
0 0.6610576923076923 0.7560096153846154 0.12139423076923077 0.16105769230769232
0 0.5432692307692307 0.7776442307692307 0.13701923076923078 0.13341346153846154
0 0.41225961538461536 0.8353365384615384 0.08413461538461539 0.30408653846153844
0 0.7932692307692307 0.8353365384615384 0.10576923076923077 0.25721153846153844
0 0.6742788461538461 0.8497596153846154 0.1201923076923077 0.140625
0 0.3701923076923077 0.8653846153846154 0.08774038461538461 0.2620192307692308
0 0.6454326923076923 0.8786057692307693 0.11298076923076923 0.1814903846153846
0 0.4723557692307692 0.8918269230769231 0.1045673076923077 0.19591346153846154
0 0.24759615384615385 0.9314903846153846 0.14423076923076922 0.13221153846153846
0 0.5661057692307693 0.9411057692307693 0.15144230769230768 0.11298076923076923