0 0.5949519230769231 0.22115384615384615 0.12259615384615384 0.33413461538461536
0 0.16105769230769232 0.23918269230769232 0.12139423076923077 0.265625
0 0.671875 0.2980769230769231 0.09495192307692307 0.34615384615384615
0 0.4362980769230769 0.3112980769230769 0.10336538461538461 0.3401442307692308
0 0.0625 0.43028846153846156 0.125 0.18870192307692307
0 0.08774038461538461 0.59375 0.10336538461538461 0.22355769230769232
0 0.054086538461538464 0.6081730769230769 0.06370192307692307 0.19831730769230768
0 0.3293269230769231 0.6213942307692307 0.16466346153846154 0.23798076923076922
0 0.7487980769230769 0.7043269230769231 0.06610576923076923 0.27163461538461536
0 0.6694711538461539 0.07932692307692307 0.10336538461538461 0.15865384615384615
0 0.40625 0.8221153846153846 0.11177884615384616 0.21514423076923078
0 0.04807692307692308 0.08653846153846154 0.07451923076923077 0.171875
0 0.6694711538461539 0.8774038461538461 0.14302884615384615 0.11057692307692307
0 0.27163461538461536 0.8786057692307693 0.12740384615384615 0.15625
0 0.4639423076923077 0.9375 0.125 0.1201923076923077