0 0.7175480769230769 0.171875 0.0829326923076923 0.3401442307692308
0 0.10216346153846154 0.1935096153846154 0.09375 0.2980769230769231
0 0.7572115384615384 0.31009615384615385 0.125 0.2956730769230769
0 0.055288461538461536 0.33533653846153844 0.09735576923076923 0.23557692307692307
0 0.23317307692307693 0.37740384615384615 0.15745192307692307 0.15985576923076922
0 0.7824519230769231 0.53125 0.0985576923076923 0.3016826923076923
0 0.046875 0.5637019230769231 0.08052884615384616 0.30288461538461536
0 0.3233173076923077 0.6286057692307693 0.15264423076923078 0.23798076923076922
0 0.7788461538461539 0.7920673076923077 0.09615384615384616 0.23918269230769232
0 0.3449519230769231 0.8016826923076923 0.1346153846153846 0.21033653846153846
0 0.6838942307692307 0.8016826923076923 0.15985576923076922 0.15384615384615385
0 0.49759615384615385 0.8617788461538461 0.14182692307692307 0.2608173076923077
0 0.6730769230769231 0.8918269230769231 0.15745192307692307 0.12620192307692307
0 0.23557692307692307 0.8990384615384616 0.11538461538461539 0.1971153846153846
0 0.4050480769230769 0.109375 0.125 0.1875