0 0.7427884615384616 0.14783653846153846 0.11778846153846154 0.2956730769230769
0 0.6466346153846154 0.1814903846153846 0.18990384615384615 0.1502403846153846
0 0.7307692307692307 0.296875 0.15384615384615385 0.15865384615384615
0 0.6298076923076923 0.3293269230769231 0.12620192307692307 0.22355769230769232
0 0.39302884615384615 0.3449519230769231 0.1622596153846154 0.30408653846153844
0 0.7223557692307693 0.49038461538461536 0.0673076923076923 0.31009615384615385
0 0.7740384615384616 0.5432692307692307 0.04567307692307692 0.31009615384615385
0 0.8221153846153846 0.5745192307692307 0.06490384615384616 0.3112980769230769
0 0.4519230769230769 0.59375 0.16826923076923078 0.20432692307692307
0 0.03365384615384615 0.6045673076923077 0.0673076923076923 0.25240384615384615
0 0.07932692307692307 0.6057692307692307 0.07211538461538461 0.22115384615384615
0 0.6550480769230769 0.7427884615384616 0.12980769230769232 0.17548076923076922
0 0.5372596153846154 0.7680288461538461 0.20192307692307693 0.1622596153846154
0 0.7548076923076923 0.7680288461538461 0.054086538461538464 0.22596153846153846
0 0.7932692307692307 0.8040865384615384 0.0889423076923077 0.21394230769230768
0 0.41225961538461536 0.8353365384615384 0.078125 0.2848557692307692
0 0.6286057692307693 0.8774038461538461 0.13822115384615385 0.1658653846153846
0 0.36177884615384615 0.8798076923076923 0.08173076923076923 0.21995192307692307
0 0.484375 0.9098557692307693 0.0985576923076923 0.17548076923076922
0 0.23798076923076922 0.9350961538461539 0.15384615384615385 0.109375
0 0.5576923076923077 0.9507211538461539 0.10576923076923077 0.09375