0 0.6574519230769231 0.3137019230769231 0.19591346153846154 0.12259615384615384
0 0.04927884615384615 0.3449519230769231 0.0673076923076923 0.31009615384615385
0 0.78125 0.4014423076923077 0.07211538461538461 0.3401442307692308
0 0.8137019230769231 0.4026442307692308 0.04326923076923077 0.3137019230769231
0 0.08774038461538461 0.5228365384615384 0.09735576923076923 0.171875
0 0.052884615384615384 0.5925480769230769 0.10576923076923077 0.2800480769230769
0 0.7992788461538461 0.7139423076923077 0.07692307692307693 0.2980769230769231
0 0.2403846153846154 0.8137019230769231 0.109375 0.1778846153846154
0 0.53125 0.8317307692307693 0.13221153846153846 0.31971153846153844
0 0.3233173076923077 0.8401442307692307 0.1466346153846154 0.21634615384615385
0 0.23076923076923078 0.9146634615384616 0.14903846153846154 0.1658653846153846
0 0.35336538461538464 0.9375 0.16346153846153846 0.1201923076923077
0 0.1141826923076923 0.10096153846153846 0.078125 0.20072115384615385
0 0.052884615384615384 0.10576923076923077 0.10576923076923077 0.19230769230769232
0 0.671875 0.13822115384615385 0.21394230769230768 0.17548076923076922