0 0.7247596153846154 0.16826923076923078 0.0673076923076923 0.33653846153846156
0 0.039663461538461536 0.19831730769230768 0.07932692307692307 0.2127403846153846
0 0.6478365384615384 0.2608173076923077 0.1466346153846154 0.36538461538461536
0 0.8088942307692307 0.2980769230769231 0.0625 0.3701923076923077
0 0.109375 0.44350961538461536 0.13942307692307693 0.17307692307692307
0 0.07572115384615384 0.5625 0.12620192307692307 0.14783653846153846
0 0.7463942307692307 0.578125 0.13221153846153846 0.19951923076923078
0 0.32572115384615385 0.6454326923076923 0.0985576923076923 0.33653846153846156
0 0.4951923076923077 0.6911057692307693 0.11057692307692307 0.15384615384615385
0 0.6129807692307693 0.7115384615384616 0.15384615384615385 0.17668269230769232
0 0.7704326923076923 0.7127403846153846 0.07932692307692307 0.22596153846153846
0 0.6995192307692307 0.7439903846153846 0.14182692307692307 0.18509615384615385
0 0.8064903846153846 0.7884615384615384 0.040865384615384616 0.20432692307692307
0 0.2439903846153846 0.8173076923076923 0.12379807692307693 0.10096153846153846
0 0.6610576923076923 0.8329326923076923 0.14903846153846154 0.09134615384615384
0 0.4170673076923077 0.8557692307692307 0.18870192307692307 0.18509615384615385
0 0.5564903846153846 0.8665865384615384 0.11298076923076923 0.18028846153846154
0 0.25841346153846156 0.90625 0.140625 0.1201923076923077
0 0.6850961538461539 0.9170673076923077 0.12620192307692307 0.14903846153846154
0 0.3786057692307692 0.9459134615384616 0.13701923076923078 0.10336538461538461
0 0.21394230769230768 0.9495192307692307 0.14423076923076922 0.09615384615384616
0 0.6694711538461539 0.10817307692307693 0.06009615384615385 0.2127403846153846