0 0.04807692307692308 0.20072115384615385 0.07572115384615384 0.203125
0 0.2644230769230769 0.30528846153846156 0.11298076923076923 0.23918269230769232
0 0.1814903846153846 0.35096153846153844 0.1045673076923077 0.24639423076923078
0 0.7836538461538461 0.40384615384615385 0.13942307692307693 0.33052884615384615
0 0.0829326923076923 0.49158653846153844 0.09134615384615384 0.2704326923076923
0 0.03485576923076923 0.5048076923076923 0.06850961538461539 0.26802884615384615
0 0.42788461538461536 0.5865384615384616 0.1201923076923077 0.3485576923076923
0 0.6754807692307693 0.6358173076923077 0.0985576923076923 0.35096153846153844
0 0.7740384615384616 0.7872596153846154 0.08653846153846154 0.23798076923076922
0 0.32091346153846156 0.8064903846153846 0.14423076923076922 0.14423076923076922
0 0.13581730769230768 0.8701923076923077 0.15264423076923078 0.22115384615384615
0 0.6766826923076923 0.9074519230769231 0.125 0.14302884615384615
0 0.4110576923076923 0.9110576923076923 0.15384615384615385 0.13822115384615385
0 0.2704326923076923 0.9338942307692307 0.1658653846153846 0.12740384615384615
0 0.26322115384615385 0.09975961538461539 0.09134615384615384 0.1935096153846154