0 0.71875 0.29447115384615385 0.13221153846153846 0.2848557692307692
0 0.06971153846153846 0.3088942307692308 0.09975961538461539 0.23798076923076922
0 0.7932692307692307 0.39663461538461536 0.10576923076923077 0.34375
0 0.6862980769230769 0.5216346153846154 0.12980769230769232 0.21153846153846154
0 0.06971153846153846 0.5384615384615384 0.1310096153846154 0.2536057692307692
0 0.3545673076923077 0.6177884615384616 0.19951923076923078 0.27283653846153844
0 0.5096153846153846 0.7788461538461539 0.21634615384615385 0.16346153846153846
0 0.125 0.0829326923076923 0.12740384615384615 0.1658653846153846
0 0.5769230769230769 0.8774038461538461 0.19951923076923078 0.13822115384615385
0 0.30288461538461536 0.8990384615384616 0.15384615384615385 0.1971153846153846
0 0.37259615384615385 0.9435096153846154 0.17307692307692307 0.11177884615384616
0 0.0625 0.11177884615384616 0.12379807692307693 0.22355769230769232