0 0.03365384615384615 0.22115384615384615 0.06129807692307692 0.23317307692307693
0 0.7223557692307693 0.24759615384615385 0.14543269230769232 0.3317307692307692
0 0.08052884615384616 0.3088942307692308 0.10697115384615384 0.31490384615384615
0 0.7992788461538461 0.3088942307692308 0.08173076923076923 0.36538461538461536
0 0.9483173076923077 0.34615384615384615 0.055288461538461536 0.34134615384615385
0 0.7475961538461539 0.046875 0.10096153846153846 0.09375
0 0.1201923076923077 0.46274038461538464 0.10817307692307693 0.2644230769230769
0 0.43509615384615385 0.5661057692307693 0.13221153846153846 0.33774038461538464
0 0.03485576923076923 0.6021634615384616 0.06971153846153846 0.31490384615384615
0 0.7752403846153846 0.671875 0.10817307692307693 0.2776442307692308
0 0.6225961538461539 0.8161057692307693 0.14423076923076922 0.2127403846153846
0 0.47115384615384615 0.8701923076923077 0.17668269230769232 0.15745192307692307
0 0.13701923076923078 0.8725961538461539 0.13581730769230768 0.10336538461538461
0 0.7379807692307693 0.8737980769230769 0.15384615384615385 0.15264423076923078
0 0.6105769230769231 0.8942307692307693 0.09495192307692307 0.18629807692307693
0 0.3269230769230769 0.9302884615384616 0.13341346153846154 0.13581730769230768
0 0.16826923076923078 0.9387019230769231 0.11658653846153846 0.09375
0 0.05048076923076923 0.10216346153846154 0.07572115384615384 0.171875