0 0.7427884615384616 0.1502403846153846 0.19471153846153846 0.15144230769230768
0 0.09014423076923077 0.23798076923076922 0.12379807692307693 0.25
0 0.05048076923076923 0.31850961538461536 0.09975961538461539 0.24278846153846154
0 0.35216346153846156 0.3942307692307692 0.14783653846153846 0.3954326923076923
0 0.15144230769230768 0.39783653846153844 0.13221153846153846 0.29086538461538464
0 0.037259615384615384 0.5733173076923077 0.056490384615384616 0.28125
0 0.7800480769230769 0.7716346153846154 0.0673076923076923 0.27403846153846156
0 0.3605769230769231 0.7884615384615384 0.15264423076923078 0.2403846153846154
0 0.5228365384615384 0.8269230769230769 0.12259615384615384 0.3161057692307692
0 0.2764423076923077 0.8665865384615384 0.07091346153846154 0.22235576923076922
0 0.4098557692307692 0.8725961538461539 0.1658653846153846 0.16466346153846154
0 0.20072115384615385 0.8966346153846154 0.07692307692307693 0.19110576923076922
0 0.5841346153846154 0.9158653846153846 0.109375 0.13341346153846154
0 0.10817307692307693 0.11778846153846154 0.11778846153846154 0.23557692307692307