0 0.039663461538461536 0.18389423076923078 0.07692307692307693 0.28365384615384615
0 0.109375 0.21033653846153846 0.11538461538461539 0.359375
0 0.15745192307692307 0.36538461538461536 0.125 0.31009615384615385
0 0.7788461538461539 0.38221153846153844 0.14783653846153846 0.2980769230769231
0 0.04326923076923077 0.4423076923076923 0.05889423076923077 0.2764423076923077
0 0.9507211538461539 0.4735576923076923 0.055288461538461536 0.16466346153846154
0 0.765625 0.484375 0.1310096153846154 0.31009615384615385
0 0.734375 0.5420673076923077 0.11658653846153846 0.29927884615384615
0 0.07932692307692307 0.5721153846153846 0.07211538461538461 0.33533653846153844
0 0.6983173076923077 0.5913461538461539 0.07932692307692307 0.40384615384615385
0 0.7896634615384616 0.06129807692307692 0.09134615384615384 0.11899038461538461
0 0.0733173076923077 0.7163461538461539 0.10216346153846154 0.28365384615384615
0 0.9579326923076923 0.7620192307692307 0.08173076923076923 0.140625
0 0.6598557692307693 0.7620192307692307 0.1346153846153846 0.12379807692307693
0 0.8004807692307693 0.7824519230769231 0.07692307692307693 0.3088942307692308
0 0.75 0.8112980769230769 0.06009615384615385 0.2644230769230769
0 0.06370192307692307 0.0829326923076923 0.09134615384615384 0.14783653846153846
0 0.6670673076923077 0.8605769230769231 0.1346153846153846 0.16466346153846154
0 0.578125 0.8641826923076923 0.09254807692307693 0.2692307692307692
0 0.14783653846153846 0.8822115384615384 0.09134615384615384 0.10336538461538461
0 0.21033653846153846 0.8846153846153846 0.10817307692307693 0.22596153846153846
0 0.3016826923076923 0.8870192307692307 0.1622596153846154 0.20673076923076922
0 0.9423076923076923 0.10096153846153846 0.057692307692307696 0.20192307692307693
0 0.9723557692307693 0.13701923076923078 0.05048076923076923 0.27403846153846156