0 0.1971153846153846 0.17427884615384615 0.0733173076923077 0.2608173076923077
0 0.05048076923076923 0.25 0.04567307692307692 0.21754807692307693
0 0.11298076923076923 0.28966346153846156 0.07692307692307693 0.2403846153846154
0 0.03485576923076923 0.3713942307692308 0.054086538461538464 0.2932692307692308
0 0.18629807692307693 0.3737980769230769 0.1201923076923077 0.15865384615384615
0 0.09134615384615384 0.4795673076923077 0.078125 0.27524038461538464
0 0.05889423076923077 0.6033653846153846 0.06129807692307692 0.18870192307692307
0 0.3545673076923077 0.84375 0.16105769230769232 0.16826923076923078
0 0.26802884615384615 0.8882211538461539 0.0889423076923077 0.22235576923076922
0 0.6490384615384616 0.8894230769230769 0.15745192307692307 0.13581730769230768
0 0.4987980769230769 0.8966346153846154 0.14543269230769232 0.16346153846153846
0 0.38221153846153844 0.9567307692307693 0.17307692307692307 0.08173076923076923
0 0.2512019230769231 0.11298076923076923 0.10336538461538461 0.22596153846153846