0 0.038461538461538464 0.203125 0.07451923076923077 0.22235576923076922
0 0.5949519230769231 0.21634615384615385 0.14182692307692307 0.28846153846153844
0 0.15625 0.34375 0.09254807692307693 0.3485576923076923
0 0.0625 0.4206730769230769 0.10817307692307693 0.2127403846153846
0 0.05048076923076923 0.6298076923076923 0.056490384615384616 0.20673076923076922
0 0.2860576923076923 0.7259615384615384 0.11778846153846154 0.3233173076923077
0 0.7463942307692307 0.734375 0.08052884615384616 0.2620192307692308
0 0.8016826923076923 0.7512019230769231 0.07091346153846154 0.2608173076923077
0 0.05889423076923077 0.0889423076923077 0.06971153846153846 0.13701923076923078
0 0.6454326923076923 0.8894230769230769 0.17307692307692307 0.16947115384615385
0 0.20673076923076922 0.8918269230769231 0.07572115384615384 0.1875
0 0.4807692307692308 0.8966346153846154 0.17908653846153846 0.19110576923076922
0 0.29927884615384615 0.8990384615384616 0.16105769230769232 0.16826923076923078
0 0.6778846153846154 0.1045673076923077 0.09735576923076923 0.20552884615384615
0 0.10576923076923077 0.11057692307692307 0.04927884615384615 0.18990384615384615