0 0.5528846153846154 0.18629807692307693 0.0829326923076923 0.2932692307692308
0 0.8197115384615384 0.22716346153846154 0.08533653846153846 0.33653846153846156
0 0.7451923076923077 0.32091346153846156 0.12860576923076922 0.3389423076923077
0 0.7403846153846154 0.5024038461538461 0.09375 0.30408653846153844
0 0.08173076923076923 0.5264423076923077 0.09375 0.17548076923076922
0 0.7091346153846154 0.5528846153846154 0.08774038461538461 0.34975961538461536
0 0.7992788461538461 0.5745192307692307 0.06971153846153846 0.3269230769230769
0 0.296875 0.71875 0.14903846153846154 0.265625
0 0.6802884615384616 0.7596153846153846 0.11298076923076923 0.1971153846153846
0 0.7427884615384616 0.7764423076923077 0.078125 0.25
0 0.06129807692307692 0.08413461538461539 0.12259615384615384 0.16826923076923078
0 0.19230769230769232 0.9014423076923077 0.11658653846153846 0.16706730769230768
0 0.6009615384615384 0.9146634615384616 0.20192307692307693 0.1658653846153846
0 0.40625 0.9182692307692307 0.15384615384615385 0.12620192307692307