0 0.055288461538461536 0.17548076923076922 0.05048076923076923 0.25
0 0.49038461538461536 0.1935096153846154 0.16706730769230768 0.35336538461538464
0 0.025240384615384616 0.23677884615384615 0.042067307692307696 0.23317307692307693
0 0.08653846153846154 0.5913461538461539 0.06129807692307692 0.20552884615384615
0 0.11658653846153846 0.6165865384615384 0.08052884615384616 0.18629807692307693
0 0.04567307692307692 0.6262019230769231 0.046875 0.30288461538461536
0 0.33533653846153844 0.6814903846153846 0.07572115384615384 0.33052884615384615
0 0.7608173076923077 0.7608173076923077 0.08774038461538461 0.25961538461538464
0 0.8173076923076923 0.7644230769230769 0.06610576923076923 0.2800480769230769
0 0.40865384615384615 0.8185096153846154 0.12379807692307693 0.25841346153846156
0 0.6262019230769231 0.8810096153846154 0.11298076923076923 0.23317307692307693
0 0.7740384615384616 0.09014423076923077 0.09615384615384616 0.18028846153846154
0 0.21754807692307693 0.8918269230769231 0.08173076923076923 0.15384615384615385
0 0.3137019230769231 0.90625 0.125 0.15384615384615385
0 0.4170673076923077 0.9266826923076923 0.0673076923076923 0.1346153846153846
0 0.1045673076923077 0.09615384615384616 0.05889423076923077 0.1875
0 0.6682692307692307 0.10216346153846154 0.12620192307692307 0.20432692307692307