0 0.7836538461538461 0.18990384615384615 0.13822115384615385 0.3737980769230769
0 0.052884615384615384 0.23317307692307693 0.10576923076923077 0.25961538461538464
0 0.45552884615384615 0.27884615384615385 0.11177884615384616 0.3112980769230769
0 0.13942307692307693 0.4579326923076923 0.15264423076923078 0.2620192307692308
0 0.03125 0.4639423076923077 0.0625 0.25600961538461536
0 0.40024038461538464 0.5985576923076923 0.19951923076923078 0.23557692307692307
0 0.04807692307692308 0.6225961538461539 0.06370192307692307 0.19230769230769232
0 0.7872596153846154 0.6911057692307693 0.08774038461538461 0.28365384615384615
0 0.23557692307692307 0.8521634615384616 0.057692307692307696 0.1971153846153846
0 0.48197115384615385 0.8737980769230769 0.10336538461538461 0.18509615384615385
0 0.6274038461538461 0.9050480769230769 0.16466346153846154 0.18629807692307693
0 0.40865384615384615 0.9447115384615384 0.16466346153846154 0.10697115384615384
0 0.22716346153846154 0.9495192307692307 0.18028846153846154 0.09615384615384616