0 0.11057692307692307 0.15264423076923078 0.12620192307692307 0.23076923076923078
0 0.0733173076923077 0.28725961538461536 0.0985576923076923 0.25
0 0.13581730769230768 0.3629807692307692 0.16105769230769232 0.2692307692307692
0 0.8088942307692307 0.4387019230769231 0.09375 0.33052884615384615
0 0.06370192307692307 0.47716346153846156 0.0985576923076923 0.25600961538461536
0 0.038461538461538464 0.6358173076923077 0.07692307692307693 0.2536057692307692
0 0.7896634615384616 0.6490384615384616 0.109375 0.3076923076923077
0 0.3737980769230769 0.7716346153846154 0.1971153846153846 0.20552884615384615
0 0.265625 0.8617788461538461 0.09975961538461539 0.25240384615384615
0 0.7992788461538461 0.09014423076923077 0.09735576923076923 0.18028846153846154
0 0.18990384615384615 0.8990384615384616 0.0673076923076923 0.18990384615384615
0 0.12860576923076922 0.9098557692307693 0.10817307692307693 0.17548076923076922
0 0.7271634615384616 0.11778846153846154 0.15745192307692307 0.23557692307692307