0 0.15264423076923078 0.16706730769230768 0.0829326923076923 0.2860576923076923
0 0.05889423076923077 0.17908653846153846 0.09495192307692307 0.2127403846153846
0 0.10336538461538461 0.19591346153846154 0.07932692307692307 0.29927884615384615
0 0.040865384615384616 0.2548076923076923 0.08052884615384616 0.19591346153846154
0 0.7992788461538461 0.3112980769230769 0.0985576923076923 0.3485576923076923
0 0.037259615384615384 0.36778846153846156 0.07451923076923077 0.21153846153846154
0 0.7091346153846154 0.41586538461538464 0.11658653846153846 0.3137019230769231
0 0.08052884615384616 0.46634615384615385 0.09134615384615384 0.2548076923076923
0 0.7920673076923077 0.6802884615384616 0.09375 0.25961538461538464
0 0.05889423076923077 0.6923076923076923 0.08533653846153846 0.22956730769230768
0 0.9471153846153846 0.6971153846153846 0.0733173076923077 0.1466346153846154
0 0.48677884615384615 0.7704326923076923 0.12860576923076922 0.2980769230769231
0 0.7391826923076923 0.7896634615384616 0.1310096153846154 0.22956730769230768
0 0.6802884615384616 0.8100961538461539 0.10336538461538461 0.28725961538461536
0 0.39783653846153844 0.9074519230769231 0.17548076923076922 0.18028846153846154
0 0.21394230769230768 0.9134615384615384 0.12860576923076922 0.16947115384615385
0 0.5216346153846154 0.9194711538461539 0.14783653846153846 0.15625
0 0.3125 0.9338942307692307 0.11538461538461539 0.1310096153846154
0 0.7776442307692307 0.09975961538461539 0.09495192307692307 0.19951923076923078
0 0.6887019230769231 0.1310096153846154 0.11298076923076923 0.2620192307692308