0 0.038461538461538464 0.21995192307692307 0.07091346153846154 0.22596153846153846
0 0.7295673076923077 0.24158653846153846 0.12860576923076922 0.3401442307692308
0 0.0985576923076923 0.33052884615384615 0.09375 0.3233173076923077
0 0.8100961538461539 0.33653846153846156 0.12740384615384615 0.4050480769230769
0 0.027644230769230768 0.3701923076923077 0.054086538461538464 0.2439903846153846
0 0.16826923076923078 0.3786057692307692 0.10817307692307693 0.3076923076923077
0 0.45913461538461536 0.5685096153846154 0.109375 0.33413461538461536
0 0.8016826923076923 0.671875 0.14783653846153846 0.24759615384615385
0 0.6370192307692307 0.7572115384615384 0.15625 0.1778846153846154
0 0.04807692307692308 0.7668269230769231 0.07091346153846154 0.265625
0 0.4266826923076923 0.8197115384615384 0.14182692307692307 0.1778846153846154
0 0.7632211538461539 0.8617788461538461 0.14302884615384615 0.12139423076923077
0 0.47115384615384615 0.8930288461538461 0.15264423076923078 0.1201923076923077
0 0.1502403846153846 0.9050480769230769 0.11298076923076923 0.12379807692307693
0 0.24639423076923078 0.9254807692307693 0.0889423076923077 0.14423076923076922
0 0.3449519230769231 0.9459134615384616 0.15625 0.10336538461538461
0 0.046875 0.10336538461538461 0.09375 0.17307692307692307