0 0.09495192307692307 0.15384615384615385 0.10336538461538461 0.21995192307692307
0 0.7704326923076923 0.1658653846153846 0.13341346153846154 0.20072115384615385
0 0.6237980769230769 0.1971153846153846 0.09735576923076923 0.32091346153846156
0 0.06370192307692307 0.30649038461538464 0.12740384615384615 0.27524038461538464
0 0.20432692307692307 0.31971153846153844 0.140625 0.2247596153846154
0 0.7704326923076923 0.42788461538461536 0.109375 0.3293269230769231
0 0.4110576923076923 0.453125 0.17307692307692307 0.22115384615384615
0 0.09615384615384616 0.47596153846153844 0.09975961538461539 0.27403846153846156
0 0.04567307692307692 0.5925480769230769 0.0625 0.2848557692307692
0 0.4579326923076923 0.6045673076923077 0.12379807692307693 0.18389423076923078
0 0.78125 0.7572115384615384 0.125 0.23317307692307693
0 0.6790865384615384 0.08173076923076923 0.1778846153846154 0.16346153846153846
0 0.7079326923076923 0.8641826923076923 0.16466346153846154 0.1622596153846154
0 0.24879807692307693 0.8858173076923077 0.15745192307692307 0.14302884615384615
0 0.40024038461538464 0.8966346153846154 0.14182692307692307 0.20192307692307693
0 0.6394230769230769 0.9122596153846154 0.16706730769230768 0.1466346153846154
0 0.5012019230769231 0.9338942307692307 0.13221153846153846 0.12740384615384615