0 0.734375 0.1658653846153846 0.1875 0.17307692307692307
0 0.08173076923076923 0.21875 0.08774038461538461 0.21875
0 0.36177884615384615 0.38461538461538464 0.13942307692307693 0.3485576923076923
0 0.10216346153846154 0.4519230769230769 0.06129807692307692 0.28846153846153844
0 0.7163461538461539 0.4699519230769231 0.19591346153846154 0.18509615384615385
0 0.025240384615384616 0.5372596153846154 0.05048076923076923 0.23557692307692307
0 0.7776442307692307 0.7740384615384616 0.0889423076923077 0.28846153846153844
0 0.07572115384615384 0.7932692307692307 0.0625 0.20793269230769232
0 0.36899038461538464 0.8088942307692307 0.15504807692307693 0.23798076923076922
0 0.2824519230769231 0.8581730769230769 0.09134615384615384 0.24519230769230768
0 0.4074519230769231 0.8786057692307693 0.09735576923076923 0.11298076923076923
0 0.5925480769230769 0.8918269230769231 0.14543269230769232 0.15384615384615385
0 0.18990384615384615 0.9278846153846154 0.12860576923076922 0.14302884615384615
0 0.10697115384615384 0.10576923076923077 0.0985576923076923 0.21153846153846154