0 0.7572115384615384 0.15625 0.1466346153846154 0.3125
0 0.6850961538461539 0.2548076923076923 0.08653846153846154 0.4074519230769231
0 0.765625 0.38461538461538464 0.1310096153846154 0.2800480769230769
0 0.03365384615384615 0.39783653846153844 0.06610576923076923 0.27163461538461536
0 0.26802884615384615 0.4266826923076923 0.12860576923076922 0.2512019230769231
0 0.8064903846153846 0.5564903846153846 0.08052884615384616 0.27524038461538464
0 0.07091346153846154 0.6141826923076923 0.11298076923076923 0.20072115384615385
0 0.9519230769230769 0.6153846153846154 0.09495192307692307 0.19110576923076922
0 0.7403846153846154 0.7067307692307693 0.0733173076923077 0.2980769230769231
0 0.6454326923076923 0.7415865384615384 0.078125 0.18629807692307693
0 0.7884615384615384 0.8040865384615384 0.0673076923076923 0.2283653846153846
0 0.078125 0.8052884615384616 0.07692307692307693 0.203125
0 0.7884615384615384 0.09014423076923077 0.07932692307692307 0.18028846153846154
0 0.1935096153846154 0.8942307692307693 0.08774038461538461 0.17307692307692307
0 0.3112980769230769 0.90625 0.13701923076923078 0.13581730769230768
0 0.6322115384615384 0.9074519230769231 0.14302884615384615 0.12860576923076922
0 0.4579326923076923 0.9302884615384616 0.17067307692307693 0.13341346153846154