0 0.3004807692307692 0.2668269230769231 0.21514423076923078 0.3269230769230769
0 0.038461538461538464 0.3545673076923077 0.07692307692307693 0.28125
0 0.7415865384615384 0.3737980769230769 0.125 0.35336538461538464
0 0.41586538461538464 0.4098557692307692 0.12860576923076922 0.24519230769230768
0 0.7932692307692307 0.45552884615384615 0.08413461538461539 0.3293269230769231
0 0.7199519230769231 0.5612980769230769 0.12259615384615384 0.24278846153846154
0 0.6370192307692307 0.7007211538461539 0.16826923076923078 0.17548076923076922
0 0.09375 0.7271634615384616 0.12740384615384615 0.2704326923076923
0 0.5721153846153846 0.7596153846153846 0.15384615384615385 0.21033653846153846
0 0.734375 0.8305288461538461 0.14783653846153846 0.18389423076923078
0 0.47596153846153844 0.8413461538461539 0.1141826923076923 0.31009615384615385
0 0.31850961538461536 0.8521634615384616 0.1346153846153846 0.20673076923076922
0 0.39302884615384615 0.8834134615384616 0.05889423076923077 0.13822115384615385
0 0.2439903846153846 0.9435096153846154 0.06490384615384616 0.11177884615384616