0 0.03365384615384615 0.20793269230769232 0.0673076923076923 0.2692307692307692
0 0.08052884615384616 0.22115384615384615 0.06490384615384616 0.3317307692307692
0 0.23557692307692307 0.24278846153846154 0.09735576923076923 0.3557692307692308
0 0.29927884615384615 0.29927884615384615 0.11658653846153846 0.34375
0 0.7884615384615384 0.3605769230769231 0.09134615384615384 0.3473557692307692
0 0.06370192307692307 0.4483173076923077 0.11899038461538461 0.2824519230769231
0 0.6658653846153846 0.052884615384615384 0.21634615384615385 0.10576923076923077
0 0.04807692307692308 0.640625 0.07692307692307693 0.2860576923076923
0 0.10216346153846154 0.6658653846153846 0.0829326923076923 0.23076923076923078
0 0.9543269230769231 0.6778846153846154 0.08653846153846154 0.22115384615384615
0 0.7644230769230769 0.7860576923076923 0.109375 0.2668269230769231
0 0.5432692307692307 0.8509615384615384 0.21394230769230768 0.1935096153846154
0 0.24879807692307693 0.8870192307692307 0.15264423076923078 0.12860576923076922
0 0.41947115384615385 0.8954326923076923 0.18269230769230768 0.19471153846153846
0 0.6935096153846154 0.9074519230769231 0.13822115384615385 0.14543269230769232
0 0.3449519230769231 0.09375 0.2283653846153846 0.1875
0 0.3112980769230769 0.9483173076923077 0.16346153846153846 0.09975961538461539
0 0.7860576923076923 0.10096153846153846 0.09735576923076923 0.20192307692307693
0 0.11658653846153846 0.13221153846153846 0.10096153846153846 0.22355769230769232