0 0.734375 0.21514423076923078 0.1935096153846154 0.1971153846153846
0 0.43028846153846156 0.24759615384615385 0.17427884615384615 0.2824519230769231
0 0.6682692307692307 0.3245192307692308 0.1778846153846154 0.28365384615384615
0 0.028846153846153848 0.3329326923076923 0.057692307692307696 0.25961538461538464
0 0.18028846153846154 0.3762019230769231 0.09375 0.3112980769230769
0 0.0733173076923077 0.38221153846153844 0.10576923076923077 0.328125
0 0.8052884615384616 0.4567307692307692 0.07091346153846154 0.3112980769230769
0 0.055288461538461536 0.6033653846153846 0.10216346153846154 0.2776442307692308
0 0.7175480769230769 0.06610576923076923 0.1466346153846154 0.13221153846153846
0 0.5252403846153846 0.6923076923076923 0.14543269230769232 0.22596153846153846
0 0.7836538461538461 0.7824519230769231 0.0733173076923077 0.3088942307692308
0 0.734375 0.8076923076923077 0.10697115384615384 0.23557692307692307
0 0.09375 0.8713942307692307 0.10096153846153846 0.21033653846153846
0 0.20192307692307693 0.8834134615384616 0.1141826923076923 0.1658653846153846
0 0.4735576923076923 0.9314903846153846 0.19591346153846154 0.13581730769230768
0 0.3449519230769231 0.9435096153846154 0.16105769230769232 0.10817307692307693
0 0.6153846153846154 0.9591346153846154 0.1658653846153846 0.08052884615384616
0 0.8016826923076923 0.10336538461538461 0.07451923076923077 0.20552884615384615