0 0.10096153846153846 0.15384615384615385 0.0985576923076923 0.24158653846153846
0 0.18269230769230768 0.38100961538461536 0.13942307692307693 0.27884615384615385
0 0.03365384615384615 0.4074519230769231 0.06610576923076923 0.17067307692307693
0 0.7127403846153846 0.45913461538461536 0.14302884615384615 0.2800480769230769
0 0.8064903846153846 0.47716346153846156 0.06971153846153846 0.3112980769230769
0 0.09134615384615384 0.5757211538461539 0.08413461538461539 0.27283653846153844
0 0.7632211538461539 0.84375 0.0985576923076923 0.2932692307692308
0 0.31009615384615385 0.8653846153846154 0.06490384615384616 0.26802884615384615
0 0.21514423076923078 0.8713942307692307 0.05048076923076923 0.22355769230769232
0 0.23677884615384615 0.08774038461538461 0.08533653846153846 0.17548076923076922
0 0.6995192307692307 0.9278846153846154 0.12139423076923077 0.14302884615384615
0 0.19110576923076922 0.9375 0.07932692307692307 0.1201923076923077