0 0.027644230769230768 0.15504807692307693 0.055288461538461536 0.2620192307692308
0 0.0985576923076923 0.17908653846153846 0.0985576923076923 0.3401442307692308
0 0.15384615384615385 0.3473557692307692 0.11899038461538461 0.3004807692307692
0 0.7860576923076923 0.39302884615384615 0.10576923076923077 0.2956730769230769
0 0.040865384615384616 0.44591346153846156 0.08173076923076923 0.2692307692307692
0 0.7620192307692307 0.5072115384615384 0.12139423076923077 0.2800480769230769
0 0.7127403846153846 0.5288461538461539 0.1346153846153846 0.2548076923076923
0 0.08533653846153846 0.5853365384615384 0.0673076923076923 0.29086538461538464
0 0.7091346153846154 0.6069711538461539 0.12740384615384615 0.11899038461538461
0 0.04927884615384615 0.7271634615384616 0.0733173076923077 0.234375
0 0.6790865384615384 0.7367788461538461 0.17307692307692307 0.1778846153846154
0 0.5144230769230769 0.7536057692307693 0.13701923076923078 0.27884615384615385
0 0.7980769230769231 0.7668269230769231 0.05048076923076923 0.2932692307692308
0 0.75 0.7872596153846154 0.056490384615384616 0.19591346153846154
0 0.6646634615384616 0.859375 0.1201923076923077 0.12259615384615384
0 0.2091346153846154 0.8822115384615384 0.10096153846153846 0.1971153846153846
0 0.3016826923076923 0.8834134615384616 0.12259615384615384 0.1658653846153846
0 0.47836538461538464 0.8942307692307693 0.16826923076923078 0.20673076923076922