0 0.9639423076923077 0.16826923076923078 0.057692307692307696 0.28365384615384615
0 0.06971153846153846 0.18990384615384615 0.09495192307692307 0.22716346153846154
0 0.06129807692307692 0.2608173076923077 0.1141826923076923 0.20552884615384615
0 0.04927884615384615 0.3401442307692308 0.0889423076923077 0.25
0 0.14783653846153846 0.38461538461538464 0.13341346153846154 0.23557692307692307
0 0.9591346153846154 0.39663461538461536 0.052884615384615384 0.25961538461538464
0 0.7932692307692307 0.41947115384615385 0.09615384615384616 0.33653846153846156
0 0.052884615384615384 0.4567307692307692 0.0985576923076923 0.25
0 0.04326923076923077 0.6454326923076923 0.08533653846153846 0.2536057692307692
0 0.7824519230769231 0.6694711538461539 0.09495192307692307 0.28125
0 0.3870192307692308 0.7608173076923077 0.19591346153846154 0.28365384615384615
0 0.2932692307692308 0.84375 0.16346153846153846 0.20432692307692307
0 0.7920673076923077 0.0889423076923077 0.09615384615384616 0.1778846153846154
0 0.71875 0.12860576923076922 0.12740384615384615 0.25721153846153844
0 0.10697115384615384 0.13221153846153846 0.13341346153846154 0.2127403846153846