0 0.10576923076923077 0.23076923076923078 0.08173076923076923 0.27524038461538464
0 0.8040865384615384 0.28365384615384615 0.08774038461538461 0.33653846153846156
0 0.9543269230769231 0.30408653846153844 0.054086538461538464 0.3545673076923077
0 0.7103365384615384 0.40625 0.11778846153846154 0.36538461538461536
0 0.7620192307692307 0.5985576923076923 0.10697115384615384 0.28125
0 0.8004807692307693 0.6911057692307693 0.057692307692307696 0.27283653846153844
0 0.06129807692307692 0.7007211538461539 0.08173076923076923 0.296875
0 0.7475961538461539 0.796875 0.1141826923076923 0.2127403846153846
0 0.6790865384615384 0.8185096153846154 0.12259615384615384 0.3161057692307692
0 0.5072115384615384 0.859375 0.15504807692307693 0.2776442307692308
0 0.3016826923076923 0.9314903846153846 0.17908653846153846 0.13341346153846154
0 0.15865384615384615 0.13701923076923078 0.0829326923076923 0.25961538461538464