0 0.75 0.17908653846153846 0.09495192307692307 0.3581730769230769
0 0.5841346153846154 0.21634615384615385 0.1502403846153846 0.3581730769230769
0 0.4074519230769231 0.34615384615384615 0.17548076923076922 0.1875
0 0.03125 0.3581730769230769 0.0625 0.2692307692307692
0 0.8040865384615384 0.3942307692307692 0.07692307692307693 0.2704326923076923
0 0.26322115384615385 0.40384615384615385 0.08774038461538461 0.24759615384615385
0 0.7127403846153846 0.5889423076923077 0.07211538461538461 0.28365384615384615
0 0.8028846153846154 0.6105769230769231 0.08533653846153846 0.2644230769230769
0 0.04567307692307692 0.6911057692307693 0.07091346153846154 0.21754807692307693
0 0.6538461538461539 0.7764423076923077 0.09495192307692307 0.23677884615384615
0 0.7536057692307693 0.8653846153846154 0.08413461538461539 0.2644230769230769
0 0.5360576923076923 0.8858173076923077 0.10096153846153846 0.21153846153846154
0 0.27524038461538464 0.9086538461538461 0.0733173076923077 0.1814903846153846
0 0.4831730769230769 0.9278846153846154 0.15985576923076922 0.14302884615384615