0 0.07572115384615384 0.15865384615384615 0.09735576923076923 0.25721153846153844
0 0.7512019230769231 0.2644230769230769 0.17908653846153846 0.23918269230769232
0 0.056490384615384616 0.30528846153846156 0.11298076923076923 0.26802884615384615
0 0.6971153846153846 0.4326923076923077 0.19110576923076922 0.22355769230769232
0 0.7644230769230769 0.43509615384615385 0.13341346153846154 0.30288461538461536
0 0.2824519230769231 0.46875 0.17908653846153846 0.2920673076923077
0 0.11538461538461539 0.4987980769230769 0.0673076923076923 0.2704326923076923
0 0.04927884615384615 0.5697115384615384 0.0985576923076923 0.265625
0 0.9495192307692307 0.6382211538461539 0.0829326923076923 0.22716346153846154
0 0.8149038461538461 0.6634615384615384 0.056490384615384616 0.30288461538461536
0 0.96875 0.7403846153846154 0.06129807692307692 0.14182692307692307
0 0.7439903846153846 0.7536057692307693 0.09495192307692307 0.3161057692307692
0 0.06850961538461539 0.7620192307692307 0.09495192307692307 0.140625
0 0.29447115384615385 0.7704326923076923 0.11057692307692307 0.31971153846153844
0 0.234375 0.8485576923076923 0.15144230769230768 0.16346153846153846
0 0.4074519230769231 0.8497596153846154 0.16105769230769232 0.23197115384615385
0 0.6334134615384616 0.9038461538461539 0.21153846153846154 0.1310096153846154
0 0.19230769230769232 0.9182692307692307 0.1310096153846154 0.11057692307692307
0 0.796875 0.09615384615384616 0.09134615384615384 0.18509615384615385
0 0.35096153846153844 0.953125 0.1814903846153846 0.09014423076923077
0 0.7367788461538461 0.11778846153846154 0.15985576923076922 0.203125