0 0.057692307692307696 0.18028846153846154 0.046875 0.31490384615384615
0 0.18509615384615385 0.20552884615384615 0.1875 0.17668269230769232
0 0.09615384615384616 0.2512019230769231 0.0733173076923077 0.28846153846153844
0 0.7103365384615384 0.3125 0.12259615384615384 0.28125
0 0.7704326923076923 0.35216346153846156 0.10096153846153846 0.26802884615384615
0 0.7608173076923077 0.5048076923076923 0.09375 0.26802884615384615
0 0.08413461538461539 0.5733173076923077 0.10336538461538461 0.14903846153846154
0 0.4326923076923077 0.6033653846153846 0.17668269230769232 0.21634615384615385
0 0.6923076923076923 0.6322115384615384 0.09495192307692307 0.3076923076923077
0 0.7704326923076923 0.6850961538461539 0.09735576923076923 0.19831730769230768
0 0.36658653846153844 0.7524038461538461 0.1346153846153846 0.26322115384615385
0 0.7403846153846154 0.8677884615384616 0.14302884615384615 0.14182692307692307
0 0.49399038461538464 0.9314903846153846 0.1658653846153846 0.13221153846153846
0 0.35096153846153844 0.9411057692307693 0.15384615384615385 0.11298076923076923
0 0.19110576923076922 0.9555288461538461 0.14302884615384615 0.08774038461538461
0 0.6514423076923077 0.13221153846153846 0.13701923076923078 0.26322115384615385