0 0.10216346153846154 0.1875 0.11298076923076923 0.28846153846153844
0 0.16346153846153846 0.36177884615384615 0.0889423076923077 0.34134615384615385
0 0.7884615384615384 0.39302884615384615 0.14903846153846154 0.32211538461538464
0 0.6875 0.49399038461538464 0.12379807692307693 0.3125
0 0.0889423076923077 0.5673076923076923 0.07091346153846154 0.25841346153846156
0 0.6826923076923077 0.7271634615384616 0.17427884615384615 0.12379807692307693
0 0.9567307692307693 0.7584134615384616 0.08533653846153846 0.140625
0 0.8040865384615384 0.7836538461538461 0.07572115384615384 0.2692307692307692
0 0.5853365384615384 0.8473557692307693 0.10576923076923077 0.27283653846153844
0 0.6766826923076923 0.8557692307692307 0.15144230769230768 0.16947115384615385
0 0.3076923076923077 0.8629807692307693 0.1310096153846154 0.20673076923076922
0 0.21153846153846154 0.8834134615384616 0.08173076923076923 0.18028846153846154