0 0.15504807692307693 0.25961538461538464 0.11298076923076923 0.17427884615384615
0 0.057692307692307696 0.2644230769230769 0.08413461538461539 0.19110576923076922
0 0.4423076923076923 0.27524038461538464 0.09254807692307693 0.3233173076923077
0 0.2800480769230769 0.4254807692307692 0.12620192307692307 0.22716346153846154
0 0.10817307692307693 0.44350961538461536 0.0829326923076923 0.21514423076923078
0 0.020432692307692308 0.47475961538461536 0.040865384615384616 0.24879807692307693
0 0.796875 0.5216346153846154 0.08413461538461539 0.3245192307692308
0 0.41947115384615385 0.6454326923076923 0.14182692307692307 0.18870192307692307
0 0.6466346153846154 0.6862980769230769 0.06610576923076923 0.22235576923076922
0 0.8028846153846154 0.7139423076923077 0.08173076923076923 0.25600961538461536
0 0.07692307692307693 0.7487980769230769 0.08173076923076923 0.33413461538461536
0 0.1875 0.8557692307692307 0.09254807692307693 0.14423076923076922
0 0.43149038461538464 0.8689903846153846 0.15985576923076922 0.14903846153846154
0 0.7608173076923077 0.8834134615384616 0.15144230769230768 0.15745192307692307
0 0.27283653846153844 0.9314903846153846 0.12740384615384615 0.13221153846153846
0 0.5793269230769231 0.9411057692307693 0.15384615384615385 0.11298076923076923
0 0.40024038461538464 0.9459134615384616 0.17548076923076922 0.10336538461538461
0 0.7884615384615384 0.11538461538461539 0.08653846153846154 0.23076923076923078
0 0.11057692307692307 0.1346153846153846 0.10336538461538461 0.22956730769230768