0 0.07451923076923077 0.14423076923076922 0.0733173076923077 0.24879807692307693
0 0.1935096153846154 0.17908653846153846 0.0985576923076923 0.2620192307692308
0 0.12259615384615384 0.3137019230769231 0.09134615384615384 0.34375
0 0.0673076923076923 0.33052884615384615 0.06850961538461539 0.265625
0 0.203125 0.36538461538461536 0.12259615384615384 0.20192307692307693
0 0.04807692307692308 0.42788461538461536 0.07692307692307693 0.23798076923076922
0 0.0889423076923077 0.5012019230769231 0.08173076923076923 0.2644230769230769
0 0.07091346153846154 0.6478365384615384 0.0829326923076923 0.25961538461538464
0 0.04447115384615385 0.6935096153846154 0.07572115384615384 0.22115384615384615
0 0.35336538461538464 0.8317307692307693 0.15625 0.21875
0 0.2704326923076923 0.8725961538461539 0.10817307692307693 0.25240384615384615
0 0.6478365384615384 0.8894230769230769 0.14423076923076922 0.1310096153846154
0 0.21875 0.9122596153846154 0.11057692307692307 0.17307692307692307
0 0.49278846153846156 0.9302884615384616 0.17307692307692307 0.13581730769230768
0 0.35697115384615385 0.9435096153846154 0.1658653846153846 0.09975961538461539
0 0.24879807692307693 0.1045673076923077 0.09735576923076923 0.20793269230769232