0 0.6225961538461539 0.20072115384615385 0.11538461538461539 0.3173076923076923
0 0.06490384615384616 0.25841346153846156 0.12259615384615384 0.21394230769230768
0 0.20192307692307693 0.36538461538461536 0.09254807692307693 0.31009615384615385
0 0.765625 0.3858173076923077 0.109375 0.3401442307692308
0 0.4254807692307692 0.42788461538461536 0.2127403846153846 0.24879807692307693
0 0.10096153846153846 0.47475961538461536 0.07091346153846154 0.2692307692307692
0 0.04927884615384615 0.5865384615384616 0.07692307692307693 0.32091346153846156
0 0.453125 0.6021634615384616 0.109375 0.11538461538461539
0 0.9555288461538461 0.6189903846153846 0.06370192307692307 0.23317307692307693
0 0.7668269230769231 0.7379807692307693 0.10576923076923077 0.2932692307692308
0 0.24759615384615385 0.8834134615384616 0.15625 0.17427884615384615
0 0.625 0.8846153846153846 0.21875 0.171875
0 0.39302884615384615 0.8954326923076923 0.12740384615384615 0.19230769230769232
0 0.484375 0.9338942307692307 0.1502403846153846 0.1310096153846154
0 0.20552884615384615 0.9350961538461539 0.12379807692307693 0.12860576923076922
0 0.08052884615384616 0.1346153846153846 0.09375 0.22115384615384615
0 0.7608173076923077 0.13581730769230768 0.14182692307692307 0.23918269230769232