0 0.5024038461538461 0.16105769230769232 0.18269230769230768 0.296875
0 0.7271634615384616 0.18509615384615385 0.13221153846153846 0.2403846153846154
0 0.0625 0.19471153846153846 0.08774038461538461 0.2668269230769231
0 0.6814903846153846 0.25600961538461536 0.14423076923076922 0.22235576923076922
0 0.11057692307692307 0.2920673076923077 0.11298076923076923 0.27524038461538464
0 0.7355769230769231 0.4074519230769231 0.1346153846153846 0.15625
0 0.8112980769230769 0.453125 0.1045673076923077 0.24158653846153846
0 0.3581730769230769 0.47596153846153844 0.15745192307692307 0.41225961538461536
0 0.057692307692307696 0.4963942307692308 0.1141826923076923 0.2512019230769231
0 0.7788461538461539 0.7704326923076923 0.078125 0.3004807692307692
0 0.23197115384615385 0.7752403846153846 0.12980769230769232 0.16466346153846154
0 0.4230769230769231 0.8040865384615384 0.1502403846153846 0.25
0 0.5528846153846154 0.8209134615384616 0.1622596153846154 0.18509615384615385
0 0.6598557692307693 0.9146634615384616 0.1658653846153846 0.1502403846153846
0 0.3317307692307692 0.9242788461538461 0.13822115384615385 0.1502403846153846
0 0.19230769230769232 0.9435096153846154 0.13942307692307693 0.11177884615384616
0 0.7848557692307693 0.12860576923076922 0.13221153846153846 0.25721153846153844