0 0.4963942307692308 0.15504807692307693 0.21033653846153846 0.31009615384615385
0 0.7403846153846154 0.1814903846153846 0.15504807692307693 0.2668269230769231
0 0.06490384615384616 0.20432692307692307 0.07692307692307693 0.2800480769230769
0 0.027644230769230768 0.23918269230769232 0.055288461538461536 0.25721153846153844
0 0.6826923076923077 0.25721153846153844 0.1658653846153846 0.2860576923076923
0 0.14783653846153846 0.3076923076923077 0.16105769230769232 0.20192307692307693
0 0.7548076923076923 0.3449519230769231 0.0829326923076923 0.2956730769230769
0 0.8052884615384616 0.46634615384615385 0.1201923076923077 0.3125
0 0.0673076923076923 0.5060096153846154 0.0673076923076923 0.2920673076923077
0 0.9735576923076923 0.6081730769230769 0.051682692307692304 0.23317307692307693
0 0.4891826923076923 0.6887019230769231 0.14423076923076922 0.18509615384615385
0 0.6766826923076923 0.7127403846153846 0.09134615384615384 0.234375
0 0.8004807692307693 0.7668269230769231 0.0889423076923077 0.265625
0 0.7512019230769231 0.7716346153846154 0.12620192307692307 0.2548076923076923
0 0.5480769230769231 0.8846153846153846 0.09134615384615384 0.22596153846153846
0 0.671875 0.8942307692307693 0.14783653846153846 0.15865384615384615
0 0.24759615384615385 0.9038461538461539 0.1346153846153846 0.1778846153846154
0 0.41346153846153844 0.9350961538461539 0.1778846153846154 0.125
0 0.7668269230769231 0.1201923076923077 0.14543269230769232 0.2403846153846154