0 0.037259615384615384 0.18990384615384615 0.07451923076923077 0.25240384615384615
0 0.1045673076923077 0.19951923076923078 0.09975961538461539 0.359375
0 0.16105769230769232 0.3701923076923077 0.12139423076923077 0.2776442307692308
0 0.7872596153846154 0.3954326923076923 0.13221153846153846 0.31971153846153844
0 0.04326923076923077 0.4423076923076923 0.06129807692307692 0.2403846153846154
0 0.7728365384615384 0.48197115384615385 0.12139423076923077 0.29927884615384615
0 0.7091346153846154 0.5276442307692307 0.13581730769230768 0.3004807692307692
0 0.07932692307692307 0.5637019230769231 0.078125 0.27524038461538464
0 0.6730769230769231 0.7355769230769231 0.12740384615384615 0.16105769230769232
0 0.5216346153846154 0.7560096153846154 0.1346153846153846 0.2091346153846154
0 0.8052884615384616 0.7836538461538461 0.06129807692307692 0.27163461538461536
0 0.7560096153846154 0.8052884615384616 0.06490384615384616 0.2439903846153846
0 0.6634615384615384 0.8605769230769231 0.13581730769230768 0.125
0 0.4735576923076923 0.8774038461538461 0.17908653846153846 0.20793269230769232
0 0.30408653846153844 0.8870192307692307 0.12259615384615384 0.15865384615384615
0 0.20673076923076922 0.8990384615384616 0.09975961538461539 0.1622596153846154