0 0.6478365384615384 0.14302884615384615 0.14182692307692307 0.2860576923076923
0 0.12980769230769232 0.1658653846153846 0.078125 0.3125
0 0.057692307692307696 0.20793269230769232 0.07091346153846154 0.328125
0 0.7103365384615384 0.3161057692307692 0.08413461538461539 0.265625
0 0.765625 0.35336538461538464 0.11538461538461539 0.27283653846153844
0 0.7572115384615384 0.49158653846153844 0.07932692307692307 0.28365384615384615
0 0.046875 0.5276442307692307 0.08533653846153846 0.27283653846153844
0 0.4338942307692308 0.5877403846153846 0.1778846153846154 0.22596153846153846
0 0.6923076923076923 0.5997596153846154 0.09014423076923077 0.3762019230769231
0 0.7848557692307693 0.7151442307692307 0.12139423076923077 0.25841346153846156
0 0.33653846153846156 0.7379807692307693 0.08173076923076923 0.30528846153846156
0 0.0673076923076923 0.8016826923076923 0.0829326923076923 0.2512019230769231
0 0.7415865384615384 0.8569711538461539 0.13822115384615385 0.140625
0 0.6502403846153846 0.9278846153846154 0.19951923076923078 0.13942307692307693
0 0.47836538461538464 0.9350961538461539 0.1346153846153846 0.125
0 0.35336538461538464 0.9435096153846154 0.17307692307692307 0.10817307692307693