0 0.5997596153846154 0.23317307692307693 0.16466346153846154 0.31009615384615385
0 0.4495192307692308 0.24158653846153846 0.12259615384615384 0.4423076923076923
0 0.27403846153846156 0.27163461538461536 0.12860576923076922 0.3858173076923077
0 0.9639423076923077 0.34615384615384615 0.07091346153846154 0.3004807692307692
0 0.039663461538461536 0.4387019230769231 0.06129807692307692 0.30288461538461536
0 0.6911057692307693 0.49399038461538464 0.14543269230769232 0.2692307692307692
0 0.8028846153846154 0.5324519230769231 0.07692307692307693 0.28966346153846156
0 0.07692307692307693 0.6418269230769231 0.10216346153846154 0.22355769230769232
0 0.3112980769230769 0.734375 0.11658653846153846 0.2980769230769231
0 0.09375 0.8846153846153846 0.06850961538461539 0.1814903846153846
0 0.1875 0.8942307692307693 0.09615384615384616 0.1310096153846154
0 0.28365384615384615 0.9242788461538461 0.13701923076923078 0.1502403846153846
0 0.4891826923076923 0.9435096153846154 0.20192307692307693 0.11177884615384616
0 0.057692307692307696 0.0985576923076923 0.10576923076923077 0.18629807692307693
0 0.7439903846153846 0.13341346153846154 0.1814903846153846 0.265625