0 0.6959134615384616 0.21754807692307693 0.15144230769230768 0.43509615384615385
0 0.6730769230769231 0.296875 0.11658653846153846 0.38461538461538464
0 0.7608173076923077 0.30288461538461536 0.08052884615384616 0.29086538461538464
0 0.8269230769230769 0.33774038461538464 0.06009615384615385 0.35096153846153844
0 0.054086538461538464 0.3942307692307692 0.10697115384615384 0.20192307692307693
0 0.07692307692307693 0.5480769230769231 0.11778846153846154 0.15264423076923078
0 0.7704326923076923 0.5661057692307693 0.15745192307692307 0.21754807692307693
0 0.7764423076923077 0.6947115384615384 0.08774038461538461 0.25721153846153844
0 0.4411057692307692 0.7608173076923077 0.14903846153846154 0.3016826923076923
0 0.671875 0.8377403846153846 0.16105769230769232 0.13221153846153846
0 0.35697115384615385 0.9014423076923077 0.11899038461538461 0.15985576923076922
0 0.22716346153846154 0.9290865384615384 0.13942307692307693 0.13942307692307693
0 0.46274038461538464 0.9375 0.15985576923076922 0.12259615384615384
0 0.7475961538461539 0.12139423076923077 0.11538461538461539 0.24278846153846154