0 0.5540865384615384 0.1971153846153846 0.23076923076923078 0.2848557692307692
0 0.08533653846153846 0.27884615384615385 0.09975961538461539 0.2692307692307692
0 0.6658653846153846 0.28365384615384615 0.18509615384615385 0.15865384615384615
0 0.04326923076923077 0.33413461538461536 0.08052884615384616 0.21995192307692307
0 0.8088942307692307 0.41225961538461536 0.10096153846153846 0.3545673076923077
0 0.09014423076923077 0.5216346153846154 0.13221153846153846 0.2247596153846154
0 0.046875 0.5877403846153846 0.09375 0.26802884615384615
0 0.7608173076923077 0.7103365384615384 0.16105769230769232 0.30528846153846156
0 0.47475961538461536 0.7584134615384616 0.20552884615384615 0.18028846153846154
0 0.078125 0.8100961538461539 0.08413461538461539 0.26802884615384615
0 0.25721153846153844 0.8197115384615384 0.10697115384615384 0.18269230769230768
0 0.11899038461538461 0.08653846153846154 0.09495192307692307 0.17307692307692307
0 0.2247596153846154 0.9122596153846154 0.1466346153846154 0.17067307692307693
0 0.484375 0.9242788461538461 0.2247596153846154 0.1502403846153846
0 0.3629807692307692 0.9254807692307693 0.1778846153846154 0.14423076923076922
0 0.06129807692307692 0.11057692307692307 0.08173076923076923 0.2091346153846154