0 0.7896634615384616 0.14423076923076922 0.10576923076923077 0.28725961538461536
0 0.09134615384615384 0.1502403846153846 0.109375 0.19831730769230768
0 0.5925480769230769 0.23197115384615385 0.19951923076923078 0.22956730769230768
0 0.45913461538461536 0.30288461538461536 0.12740384615384615 0.36538461538461536
0 0.1045673076923077 0.43149038461538464 0.0985576923076923 0.27524038461538464
0 0.039663461538461536 0.4675480769230769 0.054086538461538464 0.2776442307692308
0 0.7956730769230769 0.546875 0.0829326923076923 0.3317307692307692
0 0.7572115384615384 0.6358173076923077 0.08774038461538461 0.24519230769230768
0 0.3762019230769231 0.6838942307692307 0.1346153846153846 0.2932692307692308
0 0.08052884615384616 0.7079326923076923 0.09735576923076923 0.22235576923076922
0 0.3425480769230769 0.828125 0.18870192307692307 0.19951923076923078
0 0.6358173076923077 0.8509615384615384 0.0829326923076923 0.24519230769230768
0 0.7067307692307693 0.8545673076923077 0.06850961538461539 0.21033653846153846
0 0.7728365384615384 0.8557692307692307 0.07091346153846154 0.20793269230769232
0 0.2403846153846154 0.8942307692307693 0.11057692307692307 0.20673076923076922
0 0.375 0.9350961538461539 0.13942307692307693 0.125
0 0.5384615384615384 0.9399038461538461 0.15384615384615385 0.11899038461538461