0 0.5516826923076923 0.18028846153846154 0.17668269230769232 0.33413461538461536
0 0.4026442307692308 0.3798076923076923 0.1935096153846154 0.14302884615384615
0 0.04567307692307692 0.3870192307692308 0.0889423076923077 0.28966346153846156
0 0.25961538461538464 0.40625 0.10817307692307693 0.2932692307692308
0 0.796875 0.4206730769230769 0.09254807692307693 0.28125
0 0.7163461538461539 0.6009615384615384 0.10697115384615384 0.2956730769230769
0 0.7980769230769231 0.6430288461538461 0.14903846153846154 0.19831730769230768
0 0.6983173076923077 0.7932692307692307 0.0985576923076923 0.1935096153846154
0 0.0625 0.8040865384615384 0.06129807692307692 0.20072115384615385
0 0.7668269230769231 0.8473557692307693 0.10697115384615384 0.24639423076923078
0 0.17067307692307693 0.8870192307692307 0.11057692307692307 0.13701923076923078
0 0.2860576923076923 0.9002403846153846 0.08653846153846154 0.19471153846153846
0 0.609375 0.9194711538461539 0.18028846153846154 0.15625
0 0.4579326923076923 0.9375 0.1658653846153846 0.1201923076923077
0 0.16346153846153846 0.9651442307692307 0.14423076923076922 0.06490384615384616
0 0.7848557692307693 0.11658653846153846 0.09615384615384616 0.23317307692307693