0 0.8125 0.16346153846153846 0.07211538461538461 0.2800480769230769
0 0.7415865384615384 0.16346153846153846 0.12980769230769232 0.23798076923076922
0 0.7391826923076923 0.2776442307692308 0.15625 0.1971153846153846
0 0.3798076923076923 0.32091346153846156 0.13221153846153846 0.28846153846153844
0 0.7620192307692307 0.47475961538461536 0.054086538461538464 0.22115384615384615
0 0.8052884615384616 0.484375 0.0625 0.2620192307692308
0 0.7211538461538461 0.4891826923076923 0.0889423076923077 0.29927884615384615
0 0.5721153846153846 0.057692307692307696 0.22355769230769232 0.11538461538461539
0 0.4651442307692308 0.5853365384615384 0.12379807692307693 0.24879807692307693
0 0.046875 0.6189903846153846 0.04326923076923077 0.2608173076923077
0 0.09254807692307693 0.6586538461538461 0.0829326923076923 0.24278846153846154
0 0.6466346153846154 0.75 0.1310096153846154 0.16105769230769232
0 0.5444711538461539 0.78125 0.17427884615384615 0.15384615384615385
0 0.6730769230769231 0.8245192307692307 0.11057692307692307 0.15865384615384615
0 0.4110576923076923 0.8257211538461539 0.08533653846153846 0.30528846153846156
0 0.8004807692307693 0.8257211538461539 0.0985576923076923 0.23677884615384615
0 0.36177884615384615 0.8774038461538461 0.10576923076923077 0.17908653846153846
0 0.6213942307692307 0.8858173076923077 0.1201923076923077 0.17668269230769232
0 0.48677884615384615 0.9026442307692307 0.09975961538461539 0.18870192307692307
0 0.24158653846153846 0.9242788461538461 0.11177884615384616 0.1502403846153846
0 0.5456730769230769 0.9435096153846154 0.14543269230769232 0.11177884615384616