0 0.7668269230769231 0.14182692307692307 0.14423076923076922 0.28365384615384615
0 0.5108173076923077 0.17668269230769232 0.18269230769230768 0.35216346153846156
0 0.7451923076923077 0.1935096153846154 0.13822115384615385 0.28846153846153844
0 0.06370192307692307 0.23197115384615385 0.1141826923076923 0.33774038461538464
0 0.6742788461538461 0.23317307692307693 0.14543269230769232 0.33533653846153844
0 0.1045673076923077 0.2920673076923077 0.09975961538461539 0.3329326923076923
0 0.28966346153846156 0.35697115384615385 0.1466346153846154 0.3894230769230769
0 0.7235576923076923 0.40865384615384615 0.1622596153846154 0.17307692307692307
0 0.7896634615384616 0.4338942307692308 0.11778846153846154 0.296875
0 0.05048076923076923 0.49038461538461536 0.09975961538461539 0.30528846153846156
0 0.7752403846153846 0.7644230769230769 0.08413461538461539 0.28365384615384615
0 0.5504807692307693 0.8233173076923077 0.15985576923076922 0.23918269230769232
0 0.671875 0.8918269230769231 0.13581730769230768 0.14423076923076922
0 0.1778846153846154 0.9206730769230769 0.15745192307692307 0.15504807692307693
0 0.3233173076923077 0.9326923076923077 0.16826923076923078 0.13341346153846154