0 0.07451923076923077 0.14182692307692307 0.07692307692307693 0.22956730769230768
0 0.10336538461538461 0.30408653846153844 0.08774038461538461 0.2704326923076923
0 0.04927884615384615 0.4074519230769231 0.08173076923076923 0.28966346153846156
0 0.16947115384615385 0.421875 0.1622596153846154 0.24278846153846154
0 0.06370192307692307 0.6346153846153846 0.07932692307692307 0.23798076923076922
0 0.05048076923076923 0.7091346153846154 0.07091346153846154 0.27524038461538464
0 0.35336538461538464 0.8425480769230769 0.16105769230769232 0.23557692307692307
0 0.25961538461538464 0.890625 0.06850961538461539 0.2127403846153846
0 0.2247596153846154 0.890625 0.10336538461538461 0.17908653846153846
0 0.6550480769230769 0.9098557692307693 0.15625 0.17548076923076922
0 0.5024038461538461 0.9314903846153846 0.16346153846153846 0.13221153846153846
0 0.36899038461538464 0.9591346153846154 0.1201923076923077 0.08052884615384616
0 0.24759615384615385 0.10336538461538461 0.10697115384615384 0.20552884615384615