0 0.7632211538461539 0.15384615384615385 0.14302884615384615 0.21995192307692307
0 0.06971153846153846 0.2608173076923077 0.13942307692307693 0.15865384615384615
0 0.2127403846153846 0.359375 0.1141826923076923 0.25600961538461536
0 0.7716346153846154 0.39903846153846156 0.1201923076923077 0.3076923076923077
0 0.1045673076923077 0.48197115384615385 0.0829326923076923 0.2932692307692308
0 0.03365384615384615 0.5997596153846154 0.0673076923076923 0.27163461538461536
0 0.45913461538461536 0.6045673076923077 0.09735576923076923 0.1502403846153846
0 0.3389423076923077 0.6610576923076923 0.1466346153846154 0.2608173076923077
0 0.7692307692307693 0.7151442307692307 0.09014423076923077 0.3004807692307692
0 0.25240384615384615 0.8545673076923077 0.16826923076923078 0.14903846153846154
0 0.75 0.8713942307692307 0.11538461538461539 0.25240384615384615
0 0.6298076923076923 0.8978365384615384 0.19471153846153846 0.15985576923076922
0 0.1875 0.921875 0.13942307692307693 0.15144230769230768
0 0.48677884615384615 0.9411057692307693 0.18028846153846154 0.11298076923076923
0 0.6754807692307693 0.09495192307692307 0.15144230769230768 0.18990384615384615
0 0.07572115384615384 0.13822115384615385 0.07932692307692307 0.23076923076923078