0 0.59375 0.2283653846153846 0.17548076923076922 0.29927884615384615
0 0.036057692307692304 0.24158653846153846 0.07211538461538461 0.2403846153846154
0 0.054086538461538464 0.4266826923076923 0.10817307692307693 0.17908653846153846
0 0.36899038461538464 0.4651442307692308 0.18028846153846154 0.17427884615384615
0 0.0889423076923077 0.6213942307692307 0.09495192307692307 0.27403846153846156
0 0.04447115384615385 0.6334134615384616 0.06971153846153846 0.24639423076923078
0 0.3389423076923077 0.6442307692307693 0.17668269230769232 0.23197115384615385
0 0.9459134615384616 0.8004807692307693 0.08653846153846154 0.21514423076923078
0 0.7752403846153846 0.0829326923076923 0.0985576923076923 0.16466346153846154
0 0.21875 0.8966346153846154 0.10216346153846154 0.20432692307692307
0 0.30408653846153844 0.9098557692307693 0.12860576923076922 0.17668269230769232
0 0.47716346153846156 0.9230769230769231 0.18990384615384615 0.15144230769230768
0 0.054086538461538464 0.09735576923076923 0.07211538461538461 0.17548076923076922
0 0.6706730769230769 0.10096153846153846 0.1346153846153846 0.20192307692307693