0 0.03485576923076923 0.17908653846153846 0.06971153846153846 0.296875
0 0.09735576923076923 0.20432692307692307 0.12139423076923077 0.3004807692307692
0 0.14423076923076922 0.3737980769230769 0.13581730769230768 0.2704326923076923
0 0.8004807692307693 0.39903846153846156 0.11538461538461539 0.2644230769230769
0 0.7680288461538461 0.4987980769230769 0.13221153846153846 0.28725961538461536
0 0.7127403846153846 0.5264423076923077 0.10697115384615384 0.23197115384615385
0 0.08173076923076923 0.578125 0.09375 0.2512019230769231
0 0.6778846153846154 0.7463942307692307 0.17067307692307693 0.19110576923076922
0 0.7956730769230769 0.7836538461538461 0.07932692307692307 0.30288461538461536
0 0.7536057692307693 0.7884615384615384 0.056490384615384616 0.25600961538461536
0 0.29927884615384615 0.8605769230769231 0.14302884615384615 0.1971153846153846
0 0.671875 0.8713942307692307 0.14423076923076922 0.15264423076923078
0 0.203125 0.8918269230769231 0.10817307692307693 0.21394230769230768
0 0.5408653846153846 0.9170673076923077 0.13221153846153846 0.1622596153846154