0 0.11177884615384616 0.22956730769230768 0.0625 0.32211538461538464
0 0.038461538461538464 0.2439903846153846 0.07692307692307693 0.24278846153846154
0 0.7884615384615384 0.2620192307692308 0.10576923076923077 0.4375
0 0.7295673076923077 0.2848557692307692 0.18389423076923078 0.13341346153846154
0 0.051682692307692304 0.3762019230769231 0.078125 0.21394230769230768
0 0.7163461538461539 0.4639423076923077 0.09615384615384616 0.32572115384615385
0 0.36658653846153844 0.6310096153846154 0.1466346153846154 0.34134615384615385
0 0.7872596153846154 0.6682692307692307 0.06370192307692307 0.25961538461538464
0 0.07932692307692307 0.6935096153846154 0.14182692307692307 0.3137019230769231
0 0.6514423076923077 0.7487980769230769 0.11778846153846154 0.1814903846153846
0 0.7367788461538461 0.7980769230769231 0.14783653846153846 0.21634615384615385
0 0.20432692307692307 0.8653846153846154 0.08774038461538461 0.22596153846153846
0 0.5913461538461539 0.9146634615384616 0.22115384615384615 0.1658653846153846
0 0.5132211538461539 0.9194711538461539 0.15504807692307693 0.11298076923076923
0 0.3076923076923077 0.9338942307692307 0.17307692307692307 0.12740384615384615
0 0.7800480769230769 0.10576923076923077 0.07451923076923077 0.21153846153846154
0 0.6899038461538461 0.1346153846153846 0.0889423076923077 0.26802884615384615