0 0.0985576923076923 0.14783653846153846 0.14783653846153846 0.20552884615384615
0 0.052884615384615384 0.2824519230769231 0.0673076923076923 0.16947115384615385
0 0.13581730769230768 0.36538461538461536 0.12860576923076922 0.2439903846153846
0 0.78125 0.4182692307692308 0.11298076923076923 0.2932692307692308
0 0.05889423076923077 0.47716346153846156 0.11778846153846154 0.2764423076923077
0 0.040865384615384616 0.6298076923076923 0.08173076923076923 0.2644230769230769
0 0.7800480769230769 0.6670673076923077 0.08413461538461539 0.28966346153846156
0 0.39903846153846156 0.7860576923076923 0.17548076923076922 0.25
0 0.28365384615384615 0.8353365384615384 0.17427884615384615 0.21153846153846154
0 0.21394230769230768 0.9014423076923077 0.1141826923076923 0.18509615384615385
0 0.7103365384615384 0.125 0.14302884615384615 0.25