0 0.14783653846153846 0.16826923076923078 0.15264423076923078 0.2548076923076923
0 0.09375 0.2536057692307692 0.08533653846153846 0.2932692307692308
0 0.7079326923076923 0.26322115384615385 0.14423076923076922 0.3425480769230769
0 0.7908653846153846 0.31009615384615385 0.09134615384615384 0.3786057692307692
0 0.056490384615384616 0.375 0.09134615384615384 0.29447115384615385
0 0.4110576923076923 0.6129807692307693 0.18028846153846154 0.2764423076923077
0 0.3161057692307692 0.6502403846153846 0.15745192307692307 0.28125
0 0.05048076923076923 0.6742788461538461 0.07692307692307693 0.28846153846153844
0 0.7860576923076923 0.6875 0.08653846153846154 0.27283653846153844
0 0.7379807692307693 0.8605769230769231 0.15384615384615385 0.13341346153846154
0 0.19230769230769232 0.8617788461538461 0.078125 0.16346153846153846
0 0.3016826923076923 0.9375 0.18028846153846154 0.1201923076923077