0 0.16346153846153846 0.19110576923076922 0.12740384615384615 0.2283653846153846
0 0.09495192307692307 0.22235576923076922 0.10576923076923077 0.3088942307692308
0 0.7319711538461539 0.2439903846153846 0.14423076923076922 0.3701923076923077
0 0.8112980769230769 0.30408653846153844 0.0625 0.3425480769230769
0 0.054086538461538464 0.3425480769230769 0.10096153846153846 0.2536057692307692
0 0.4098557692307692 0.4723557692307692 0.1778846153846154 0.21634615384615385
0 0.7716346153846154 0.6646634615384616 0.11899038461538461 0.3245192307692308
0 0.05889423076923077 0.6706730769230769 0.0889423076923077 0.2512019230769231
0 0.4182692307692308 0.6850961538461539 0.16346153846153846 0.17908653846153846
0 0.3581730769230769 0.8473557692307693 0.13701923076923078 0.2439903846153846
0 0.7367788461538461 0.8701923076923077 0.15384615384615385 0.12379807692307693
0 0.296875 0.9314903846153846 0.16947115384615385 0.1346153846153846