0 0.11899038461538461 0.16706730769230768 0.11298076923076923 0.16346153846153846
0 0.22596153846153846 0.21634615384615385 0.12980769230769232 0.2608173076923077
0 0.17307692307692307 0.3449519230769231 0.15264423076923078 0.21995192307692307
0 0.040865384615384616 0.3629807692307692 0.08052884615384616 0.23557692307692307
0 0.3641826923076923 0.5072115384615384 0.16105769230769232 0.2668269230769231
0 0.04927884615384615 0.625 0.052884615384615384 0.2247596153846154
0 0.7788461538461539 0.7007211538461539 0.08774038461538461 0.2644230769230769
0 0.36899038461538464 0.8581730769230769 0.14543269230769232 0.18990384615384615
0 0.5985576923076923 0.8617788461538461 0.16947115384615385 0.20552884615384615
0 0.7235576923076923 0.8774038461538461 0.16105769230769232 0.13822115384615385
0 0.3269230769230769 0.9338942307692307 0.16826923076923078 0.12740384615384615
0 0.4735576923076923 0.9338942307692307 0.14903846153846154 0.12740384615384615
0 0.22956730769230768 0.9435096153846154 0.14182692307692307 0.10817307692307693
0 0.6105769230769231 0.10576923076923077 0.1201923076923077 0.21153846153846154
0 0.7860576923076923 0.11177884615384616 0.10096153846153846 0.22355769230769232