0 0.038461538461538464 0.15504807692307693 0.07692307692307693 0.23798076923076922
0 0.09615384615384616 0.18269230769230768 0.12980769230769232 0.30528846153846156
0 0.15625 0.33653846153846156 0.12740384615384615 0.27403846153846156
0 0.7860576923076923 0.390625 0.125 0.3112980769230769
0 0.04326923076923077 0.43028846153846156 0.08173076923076923 0.23076923076923078
0 0.7680288461538461 0.5096153846153846 0.140625 0.3125
0 0.7163461538461539 0.5288461538461539 0.13221153846153846 0.2608173076923077
0 0.08774038461538461 0.5733173076923077 0.057692307692307696 0.2536057692307692
0 0.7007211538461539 0.6009615384615384 0.11057692307692307 0.12139423076923077
0 0.054086538461538464 0.7067307692307693 0.06850961538461539 0.234375
0 0.6610576923076923 0.7223557692307693 0.14182692307692307 0.15504807692307693
0 0.7980769230769231 0.7824519230769231 0.07211538461538461 0.28125
0 0.49759615384615385 0.7932692307692307 0.1502403846153846 0.171875
0 0.7548076923076923 0.8004807692307693 0.055288461538461536 0.2692307692307692
0 0.30288461538461536 0.8641826923076923 0.11899038461538461 0.15384615384615385
0 0.6610576923076923 0.8641826923076923 0.16466346153846154 0.15384615384615385
0 0.19591346153846154 0.8870192307692307 0.10096153846153846 0.16466346153846154