0 0.10697115384615384 0.1502403846153846 0.1346153846153846 0.22596153846153846
0 0.05889423076923077 0.27884615384615385 0.07451923076923077 0.19110576923076922
0 0.15504807692307693 0.38822115384615385 0.13581730769230768 0.21754807692307693
0 0.04927884615384615 0.44711538461538464 0.09014423076923077 0.2800480769230769
0 0.7848557692307693 0.6670673076923077 0.08052884615384616 0.30288461538461536
0 0.04567307692307692 0.671875 0.09134615384615384 0.30528846153846156
0 0.3798076923076923 0.7824519230769231 0.18629807692307693 0.22596153846153846
0 0.26322115384615385 0.8725961538461539 0.11899038461538461 0.24759615384615385
0 0.1935096153846154 0.8942307692307693 0.08774038461538461 0.1502403846153846
0 0.7836538461538461 0.10576923076923077 0.10576923076923077 0.21153846153846154
0 0.7163461538461539 0.12740384615384615 0.12620192307692307 0.25