0 0.7331730769230769 0.24879807692307693 0.15625 0.23677884615384615
0 0.3870192307692308 0.32572115384615385 0.13701923076923078 0.25841346153846156
0 0.8088942307692307 0.46153846153846156 0.09735576923076923 0.31490384615384615
0 0.7223557692307693 0.49038461538461536 0.09134615384615384 0.359375
0 0.47115384615384615 0.5757211538461539 0.12139423076923077 0.203125
0 0.042067307692307696 0.6081730769230769 0.07572115384615384 0.23197115384615385
0 0.08052884615384616 0.6358173076923077 0.08413461538461539 0.2403846153846154
0 0.5600961538461539 0.7211538461538461 0.20072115384615385 0.17307692307692307
0 0.7007211538461539 0.734375 0.08774038461538461 0.25600961538461536
0 0.7572115384615384 0.7632211538461539 0.0625 0.23076923076923078
0 0.4110576923076923 0.8329326923076923 0.08653846153846154 0.3137019230769231
0 0.36658653846153844 0.8641826923076923 0.07451923076923077 0.21754807692307693
0 0.6153846153846154 0.8870192307692307 0.14543269230769232 0.17427884615384615
0 0.47716346153846156 0.8966346153846154 0.08653846153846154 0.20552884615384615
0 0.5384615384615384 0.9471153846153846 0.14543269230769232 0.0985576923076923