0 0.11778846153846154 0.1466346153846154 0.14543269230769232 0.23076923076923078
0 0.0673076923076923 0.1814903846153846 0.09615384615384616 0.2403846153846154
0 0.0673076923076923 0.2776442307692308 0.09735576923076923 0.21153846153846154
0 0.9507211538461539 0.37259615384615385 0.046875 0.32091346153846156
0 0.15504807692307693 0.3737980769230769 0.15504807692307693 0.22716346153846154
0 0.057692307692307696 0.4579326923076923 0.10336538461538461 0.27283653846153844
0 0.055288461538461536 0.5480769230769231 0.11057692307692307 0.28846153846153844
0 0.8004807692307693 0.6490384615384616 0.07572115384615384 0.31850961538461536
0 0.9519230769230769 0.6550480769230769 0.08413461538461539 0.15985576923076922
0 0.7475961538461539 0.7728365384615384 0.09735576923076923 0.2776442307692308
0 0.37740384615384615 0.7836538461538461 0.21634615384615385 0.22596153846153846
0 0.24879807692307693 0.8713942307692307 0.09014423076923077 0.24519230769230768
0 0.7944711538461539 0.1045673076923077 0.10576923076923077 0.20793269230769232
0 0.7199519230769231 0.1201923076923077 0.11899038461538461 0.2403846153846154