0 0.6838942307692307 0.15504807692307693 0.09975961538461539 0.29927884615384615
0 0.7584134615384616 0.203125 0.055288461538461536 0.34615384615384615
0 0.6177884615384616 0.21995192307692307 0.06971153846153846 0.3233173076923077
0 0.65625 0.2764423076923077 0.0733173076923077 0.3401442307692308
0 0.7920673076923077 0.3161057692307692 0.07451923076923077 0.3076923076923077
0 0.23557692307692307 0.38341346153846156 0.09735576923076923 0.296875
0 0.07932692307692307 0.5564903846153846 0.10697115384615384 0.16346153846153846
0 0.7475961538461539 0.5709134615384616 0.1502403846153846 0.20793269230769232
0 0.7932692307692307 0.6850961538461539 0.03365384615384615 0.19831730769230768
0 0.6358173076923077 0.71875 0.12620192307692307 0.11298076923076923
0 0.7331730769230769 0.7439903846153846 0.0733173076923077 0.19110576923076922
0 0.46274038461538464 0.7908653846153846 0.09735576923076923 0.23076923076923078
0 0.43028846153846156 0.8125 0.09014423076923077 0.21634615384615385
0 0.8125 0.8269230769230769 0.052884615384615384 0.20552884615384615
0 0.28966346153846156 0.84375 0.11778846153846154 0.22355769230769232
0 0.2608173076923077 0.8978365384615384 0.11538461538461539 0.12379807692307693
0 0.7043269230769231 0.9014423076923077 0.18028846153846154 0.13221153846153846
0 0.21754807692307693 0.9471153846153846 0.15144230769230768 0.10096153846153846
0 0.5420673076923077 0.9663461538461539 0.13701923076923078 0.0625