0 0.5817307692307693 0.14423076923076922 0.09735576923076923 0.28725961538461536
0 0.7199519230769231 0.171875 0.08413461538461539 0.34375
0 0.8028846153846154 0.17548076923076922 0.08173076923076923 0.29086538461538464
0 0.6442307692307693 0.1875 0.06490384615384616 0.3701923076923077
0 0.05889423076923077 0.21754807692307693 0.09615384615384616 0.21634615384615385
0 0.2548076923076923 0.28966346153846156 0.140625 0.38100961538461536
0 0.45913461538461536 0.3245192307692308 0.09735576923076923 0.35336538461538464
0 0.7163461538461539 0.35216346153846156 0.0829326923076923 0.3449519230769231
0 0.18509615384615385 0.4050480769230769 0.18028846153846154 0.3329326923076923
0 0.8004807692307693 0.41466346153846156 0.07572115384615384 0.32572115384615385
0 0.35216346153846156 0.5420673076923077 0.10096153846153846 0.40024038461538464
0 0.046875 0.5889423076923077 0.06610576923076923 0.23677884615384615
0 0.7908653846153846 0.6706730769230769 0.0985576923076923 0.28125
0 0.09735576923076923 0.7355769230769231 0.08653846153846154 0.21634615384615385
0 0.2920673076923077 0.8341346153846154 0.13341346153846154 0.22716346153846154
0 0.44591346153846156 0.8365384615384616 0.18389423076923078 0.20432692307692307
0 0.19591346153846154 0.8581730769230769 0.140625 0.14302884615384615
0 0.7560096153846154 0.8858173076923077 0.1045673076923077 0.17067307692307693
0 0.6730769230769231 0.8870192307692307 0.11057692307692307 0.17307692307692307
0 0.4495192307692308 0.9266826923076923 0.15865384615384615 0.140625
0 0.5576923076923077 0.9302884615384616 0.12980769230769232 0.1346153846153846
0 0.27884615384615385 0.9507211538461539 0.14423076923076922 0.09375
0 0.16706730769230768 0.13701923076923078 0.1622596153846154 0.21514423076923078