0 0.06971153846153846 0.15144230769230768 0.10576923076923077 0.19471153846153846
0 0.6189903846153846 0.18870192307692307 0.08774038461538461 0.3449519230769231
0 0.45913461538461536 0.19831730769230768 0.20673076923076922 0.2824519230769231
0 0.16346153846153846 0.40865384615384615 0.1141826923076923 0.22235576923076922
0 0.11057692307692307 0.43990384615384615 0.10576923076923077 0.3125
0 0.04326923076923077 0.46033653846153844 0.08533653846153846 0.24879807692307693
0 0.38221153846153844 0.4699519230769231 0.19951923076923078 0.14302884615384615
0 0.6814903846153846 0.5709134615384616 0.0733173076923077 0.12379807692307693
0 0.8209134615384616 0.6382211538461539 0.09735576923076923 0.3137019230769231
0 0.7920673076923077 0.8257211538461539 0.08653846153846154 0.11899038461538461
0 0.7211538461538461 0.8341346153846154 0.09254807692307693 0.2548076923076923
0 0.5084134615384616 0.8846153846153846 0.15625 0.22596153846153846
0 0.22235576923076922 0.9098557692307693 0.06490384615384616 0.17548076923076922
0 0.3954326923076923 0.9146634615384616 0.16105769230769232 0.1658653846153846
0 0.3269230769230769 0.9399038461538461 0.15985576923076922 0.11899038461538461
0 0.5240384615384616 0.9471153846153846 0.1346153846153846 0.10096153846153846