0 0.7884615384615384 0.13942307692307693 0.10096153846153846 0.27283653846153844
0 0.15144230769230768 0.14543269230769232 0.11778846153846154 0.25
0 0.6442307692307693 0.203125 0.07572115384615384 0.3629807692307692
0 0.7319711538461539 0.21394230769230768 0.11298076923076923 0.3870192307692308
0 0.056490384615384616 0.23798076923076922 0.109375 0.22716346153846154
0 0.4543269230769231 0.3317307692307692 0.10576923076923077 0.32091346153846156
0 0.7067307692307693 0.36538461538461536 0.11899038461538461 0.3389423076923077
0 0.2283653846153846 0.3701923076923077 0.12259615384615384 0.36899038461538464
0 0.7800480769230769 0.40625 0.12139423076923077 0.31009615384615385
0 0.7427884615384616 0.04447115384615385 0.08052884615384616 0.08774038461538461
0 0.052884615384615384 0.5504807692307693 0.10576923076923077 0.24639423076923078
0 0.9362980769230769 0.5552884615384616 0.040865384615384616 0.2824519230769231
0 0.7896634615384616 0.671875 0.10576923076923077 0.30288461538461536
0 0.06610576923076923 0.7103365384615384 0.06009615384615385 0.2283653846153846
0 0.9362980769230769 0.7764423076923077 0.10336538461538461 0.12379807692307693
0 0.43990384615384615 0.8293269230769231 0.20432692307692307 0.20192307692307693
0 0.25600961538461536 0.8341346153846154 0.10697115384615384 0.2824519230769231
0 0.6802884615384616 0.8737980769230769 0.16466346153846154 0.171875
0 0.14182692307692307 0.8966346153846154 0.11538461538461539 0.10817307692307693
0 0.7415865384615384 0.9038461538461539 0.13822115384615385 0.18990384615384615
0 0.4567307692307692 0.9110576923076923 0.1622596153846154 0.14543269230769232
0 0.20673076923076922 0.9122596153846154 0.0889423076923077 0.15625
0 0.5504807692307693 0.9146634615384616 0.14903846153846154 0.1658653846153846
0 0.27163461538461536 0.9471153846153846 0.13221153846153846 0.10336538461538461
0 0.5757211538461539 0.12379807692307693 0.14302884615384615 0.24639423076923078