0 0.5108173076923077 0.16826923076923078 0.1875 0.3245192307692308
0 0.7475961538461539 0.18990384615384615 0.12620192307692307 0.26322115384615385
0 0.06129807692307692 0.19831730769230768 0.07451923076923077 0.31009615384615385
0 0.11057692307692307 0.25961538461538464 0.09495192307692307 0.2848557692307692
0 0.6850961538461539 0.2692307692307692 0.14302884615384615 0.3317307692307692
0 0.75 0.33052884615384615 0.078125 0.28125
0 0.27524038461538464 0.38221153846153844 0.13581730769230768 0.3161057692307692
0 0.8004807692307693 0.42788461538461536 0.09735576923076923 0.31490384615384615
0 0.05048076923076923 0.4795673076923077 0.09975961538461539 0.28846153846153844
0 0.04807692307692308 0.6646634615384616 0.055288461538461536 0.16466346153846154
0 0.9627403846153846 0.6899038461538461 0.0733173076923077 0.14182692307692307
0 0.7764423076923077 0.765625 0.0829326923076923 0.24158653846153846
0 0.5697115384615384 0.8377403846153846 0.11538461538461539 0.26802884615384615
0 0.10817307692307693 0.8725961538461539 0.07451923076923077 0.18389423076923078
0 0.25721153846153844 0.9026442307692307 0.0985576923076923 0.13341346153846154
0 0.6526442307692307 0.9050480769230769 0.15625 0.15985576923076922
0 0.359375 0.9182692307692307 0.10336538461538461 0.15865384615384615
0 0.1875 0.9615384615384616 0.07692307692307693 0.07211538461538461
0 0.765625 0.11538461538461539 0.13221153846153846 0.23076923076923078