0 0.10817307692307693 0.3004807692307692 0.05889423076923077 0.31850961538461536
0 0.07451923076923077 0.33052884615384615 0.06370192307692307 0.27884615384615385
0 0.052884615384615384 0.4098557692307692 0.10576923076923077 0.3245192307692308
0 0.17548076923076922 0.4206730769230769 0.15985576923076922 0.27163461538461536
0 0.06370192307692307 0.6177884615384616 0.06610576923076923 0.2439903846153846
0 0.04567307692307692 0.6778846153846154 0.04927884615384615 0.2536057692307692
0 0.7824519230769231 0.8305288461538461 0.08533653846153846 0.2403846153846154
0 0.3425480769230769 0.8413461538461539 0.16346153846153846 0.2091346153846154
0 0.19591346153846154 0.8617788461538461 0.09975961538461539 0.18028846153846154
0 0.28365384615384615 0.8665865384615384 0.09375 0.2644230769230769
0 0.5204326923076923 0.8858173076923077 0.18028846153846154 0.2247596153846154
0 0.3557692307692308 0.9110576923076923 0.15745192307692307 0.17548076923076922
0 0.2536057692307692 0.1141826923076923 0.09375 0.2283653846153846
0 0.07451923076923077 0.13341346153846154 0.054086538461538464 0.2403846153846154