0 0.16466346153846154 0.22235576923076922 0.13341346153846154 0.21634615384615385
0 0.27884615384615385 0.2512019230769231 0.16105769230769232 0.3125
0 0.19110576923076922 0.2644230769230769 0.13581730769230768 0.203125
0 0.0829326923076923 0.375 0.0829326923076923 0.2536057692307692
0 0.07091346153846154 0.4951923076923077 0.09735576923076923 0.15985576923076922
0 0.04447115384615385 0.6165865384615384 0.08533653846153846 0.2932692307692308
0 0.25961538461538464 0.8269230769230769 0.1201923076923077 0.22235576923076922
0 0.7367788461538461 0.8521634615384616 0.140625 0.14182692307692307
0 0.1658653846153846 0.9242788461538461 0.09975961538461539 0.14903846153846154
0 0.3269230769230769 0.9278846153846154 0.13581730769230768 0.14182692307692307
0 0.5625 0.9290865384615384 0.18629807692307693 0.140625