0 0.59375 0.23197115384615385 0.2091346153846154 0.2848557692307692
0 0.037259615384615384 0.23317307692307693 0.07451923076923077 0.2548076923076923
0 0.4543269230769231 0.3317307692307692 0.13341346153846154 0.3401442307692308
0 0.07211538461538461 0.43990384615384615 0.14423076923076922 0.20793269230769232
0 0.2824519230769231 0.46875 0.16826923076923078 0.17668269230769232
0 0.1045673076923077 0.6177884615384616 0.07451923076923077 0.2668269230769231
0 0.33413461538461536 0.6286057692307693 0.17427884615384615 0.16826923076923078
0 0.04927884615384615 0.6358173076923077 0.057692307692307696 0.21754807692307693
0 0.7487980769230769 0.7259615384615384 0.0985576923076923 0.2956730769230769
0 0.6947115384615384 0.8894230769230769 0.15745192307692307 0.14543269230769232
0 0.2668269230769231 0.9110576923076923 0.078125 0.12980769230769232
0 0.20793269230769232 0.9146634615384616 0.11778846153846154 0.1658653846153846
0 0.7836538461538461 0.09375 0.12259615384615384 0.1875
0 0.39663461538461536 0.9375 0.19230769230769232 0.1201923076923077
0 0.6706730769230769 0.09615384615384616 0.12860576923076922 0.19230769230769232