0 0.75 0.18870192307692307 0.17908653846153846 0.22235576923076922
0 0.4807692307692308 0.23557692307692307 0.15264423076923078 0.38100961538461536
0 0.8305288461538461 0.43990384615384615 0.06971153846153846 0.28125
0 0.7415865384615384 0.46153846153846156 0.10576923076923077 0.3425480769230769
0 0.06129807692307692 0.47115384615384615 0.1141826923076923 0.28725961538461536
0 0.7944711538461539 0.7091346153846154 0.11298076923076923 0.2548076923076923
0 0.7079326923076923 0.7980769230769231 0.12740384615384615 0.22956730769230768
0 0.5552884615384616 0.8521634615384616 0.1502403846153846 0.2536057692307692
0 0.21754807692307693 0.8978365384615384 0.09975961538461539 0.18629807692307693
0 0.671875 0.9146634615384616 0.12740384615384615 0.13942307692307693
0 0.4375 0.9170673076923077 0.1814903846153846 0.1622596153846154
0 0.28725961538461536 0.9362980769230769 0.1310096153846154 0.12620192307692307
0 0.9519230769230769 0.11538461538461539 0.09495192307692307 0.22596153846153846
0 0.5961538461538461 0.12620192307692307 0.18629807692307693 0.24639423076923078