0 0.734375 0.1814903846153846 0.13581730769230768 0.33413461538461536
0 0.703125 0.32091346153846156 0.08774038461538461 0.3858173076923077
0 0.1201923076923077 0.36177884615384615 0.09134615384615384 0.19110576923076922
0 0.8088942307692307 0.39663461538461536 0.08653846153846154 0.3004807692307692
0 0.15384615384615385 0.4699519230769231 0.14302884615384615 0.1466346153846154
0 0.7067307692307693 0.5396634615384616 0.1310096153846154 0.11538461538461539
0 0.4170673076923077 0.5733173076923077 0.16826923076923078 0.2536057692307692
0 0.06490384615384616 0.6334134615384616 0.0829326923076923 0.25240384615384615
0 0.8257211538461539 0.6442307692307693 0.06971153846153846 0.2644230769230769
0 0.7127403846153846 0.6502403846153846 0.17908653846153846 0.13822115384615385
0 0.7596153846153846 0.703125 0.0889423076923077 0.2283653846153846
0 0.1971153846153846 0.8978365384615384 0.09375 0.1502403846153846
0 0.29447115384615385 0.9122596153846154 0.1346153846153846 0.171875
0 0.6153846153846154 0.9194711538461539 0.16346153846153846 0.15865384615384615
0 0.35216346153846156 0.9519230769230769 0.15625 0.09134615384615384
0 0.7884615384615384 0.1045673076923077 0.09615384615384616 0.2091346153846154