0 0.10336538461538461 0.21153846153846154 0.09495192307692307 0.3076923076923077
0 0.040865384615384616 0.21394230769230768 0.08173076923076923 0.203125
0 0.15745192307692307 0.3713942307692308 0.15745192307692307 0.2800480769230769
0 0.7872596153846154 0.39663461538461536 0.11298076923076923 0.28846153846153844
0 0.04447115384615385 0.4831730769230769 0.07692307692307693 0.3233173076923077
0 0.7776442307692307 0.5036057692307693 0.125 0.3076923076923077
0 0.7271634615384616 0.5456730769230769 0.11057692307692307 0.2536057692307692
0 0.07451923076923077 0.5661057692307693 0.040865384615384616 0.23798076923076922
0 0.6971153846153846 0.5841346153846154 0.11298076923076923 0.13581730769230768
0 0.6610576923076923 0.75 0.17307692307692307 0.16947115384615385
0 0.5132211538461539 0.7524038461538461 0.1658653846153846 0.22956730769230768
0 0.8028846153846154 0.8028846153846154 0.056490384615384616 0.3088942307692308
0 0.7536057692307693 0.8040865384615384 0.06009615384615385 0.22235576923076922
0 0.296875 0.8774038461538461 0.12259615384615384 0.1658653846153846
0 0.4098557692307692 0.8882211538461539 0.1045673076923077 0.2091346153846154
0 0.6622596153846154 0.8930288461538461 0.15865384615384615 0.15625
0 0.20072115384615385 0.8978365384615384 0.056490384615384616 0.1935096153846154