0 0.6995192307692307 0.1935096153846154 0.0889423076923077 0.36778846153846156
0 0.7596153846153846 0.1935096153846154 0.06009615384615385 0.35336538461538464
0 0.054086538461538464 0.203125 0.10817307692307693 0.22716346153846154
0 0.6394230769230769 0.21995192307692307 0.057692307692307696 0.3233173076923077
0 0.7764423076923077 0.3076923076923077 0.06370192307692307 0.3605769230769231
0 0.6838942307692307 0.3161057692307692 0.06490384615384616 0.3629807692307692
0 0.23918269230769232 0.3894230769230769 0.10817307692307693 0.34375
0 0.04447115384615385 0.41586538461538464 0.0889423076923077 0.27283653846153844
0 0.75 0.5661057692307693 0.14182692307692307 0.23798076923076922
0 0.5036057692307693 0.6935096153846154 0.12740384615384615 0.203125
0 0.7908653846153846 0.7115384615384616 0.06009615384615385 0.27884615384615385
0 0.453125 0.7235576923076923 0.10697115384615384 0.2608173076923077
0 0.6598557692307693 0.7271634615384616 0.1466346153846154 0.15865384615384615
0 0.7199519230769231 0.7391826923076923 0.07932692307692307 0.28725961538461536
0 0.4098557692307692 0.7932692307692307 0.09975961538461539 0.20793269230769232
0 0.2824519230769231 0.8185096153846154 0.09615384615384616 0.22235576923076922
0 0.7944711538461539 0.8209134615384616 0.051682692307692304 0.26322115384615385
0 0.6286057692307693 0.8353365384615384 0.10576923076923077 0.11057692307692307
0 0.5925480769230769 0.859375 0.16105769230769232 0.1310096153846154
0 0.2764423076923077 0.8798076923076923 0.16466346153846154 0.18629807692307693
0 0.703125 0.9026442307692307 0.14783653846153846 0.11899038461538461
0 0.2403846153846154 0.9435096153846154 0.17307692307692307 0.10817307692307693
0 0.44350961538461536 0.9555288461538461 0.15504807692307693 0.08774038461538461