0 0.2620192307692308 0.14182692307692307 0.10096153846153846 0.28365384615384615
0 0.6658653846153846 0.1466346153846154 0.13701923076923078 0.2932692307692308
0 0.06370192307692307 0.19591346153846154 0.056490384615384616 0.32091346153846156
0 0.09615384615384616 0.2283653846153846 0.06971153846153846 0.31490384615384615
0 0.1971153846153846 0.24759615384615385 0.16466346153846154 0.24278846153846154
0 0.7692307692307693 0.35216346153846156 0.09735576923076923 0.2824519230769231
0 0.7560096153846154 0.49158653846153844 0.10817307692307693 0.2800480769230769
0 0.43990384615384615 0.5685096153846154 0.19471153846153846 0.2668269230769231
0 0.7668269230769231 0.6658653846153846 0.11057692307692307 0.19951923076923078
0 0.07692307692307693 0.7175480769230769 0.08774038461538461 0.2247596153846154
0 0.3918269230769231 0.7463942307692307 0.19831730769230768 0.18269230769230768
0 0.7427884615384616 0.8653846153846154 0.15384615384615385 0.12139423076923077
0 0.3557692307692308 0.8858173076923077 0.16947115384615385 0.11778846153846154
0 0.4963942307692308 0.9399038461538461 0.14543269230769232 0.11658653846153846