0 0.828125 0.2668269230769231 0.09615384615384616 0.3798076923076923
0 0.4495192307692308 0.28365384615384615 0.1201923076923077 0.3389423076923077
0 0.7391826923076923 0.33774038461538464 0.07572115384615384 0.33653846153846156
0 0.8076923076923077 0.4170673076923077 0.07692307692307693 0.3269230769230769
0 0.07692307692307693 0.5637019230769231 0.1141826923076923 0.3245192307692308
0 0.4338942307692308 0.6153846153846154 0.1466346153846154 0.20673076923076922
0 0.5192307692307693 0.7632211538461539 0.08413461538461539 0.15865384615384615
0 0.2247596153846154 0.8798076923076923 0.10817307692307693 0.234375
0 0.29927884615384615 0.8870192307692307 0.06971153846153846 0.2127403846153846
0 0.7379807692307693 0.8978365384615384 0.125 0.16105769230769232
0 0.38100961538461536 0.9350961538461539 0.1346153846153846 0.12379807692307693
0 0.5709134615384616 0.9387019230769231 0.0625 0.11057692307692307
0 0.055288461538461536 0.1310096153846154 0.0733173076923077 0.2127403846153846