0 0.7908653846153846 0.24639423076923078 0.07572115384615384 0.24639423076923078
0 0.7295673076923077 0.3112980769230769 0.17668269230769232 0.3954326923076923
0 0.08653846153846154 0.5228365384615384 0.11298076923076923 0.16947115384615385
0 0.75 0.5396634615384616 0.06610576923076923 0.30408653846153844
0 0.6887019230769231 0.5733173076923077 0.078125 0.27884615384615385
0 0.7944711538461539 0.5757211538461539 0.09254807692307693 0.2932692307692308
0 0.38100961538461536 0.6069711538461539 0.1310096153846154 0.2439903846153846
0 0.2980769230769231 0.7475961538461539 0.1935096153846154 0.1466346153846154
0 0.6826923076923077 0.7716346153846154 0.11298076923076923 0.18509615384615385
0 0.7560096153846154 0.7776442307692307 0.10817307692307693 0.1971153846153846
0 0.06610576923076923 0.08533653846153846 0.13221153846153846 0.17067307692307693
0 0.5865384615384616 0.9038461538461539 0.171875 0.18990384615384615
0 0.40625 0.9278846153846154 0.17307692307692307 0.13942307692307693
0 0.19831730769230768 0.9362980769230769 0.1346153846153846 0.12620192307692307