0 0.10576923076923077 0.1778846153846154 0.10096153846153846 0.2860576923076923
0 0.06610576923076923 0.328125 0.11057692307692307 0.2512019230769231
0 0.7800480769230769 0.33653846153846156 0.11057692307692307 0.3701923076923077
0 0.20793269230769232 0.35216346153846156 0.11658653846153846 0.3088942307692308
0 0.04567307692307692 0.6141826923076923 0.08533653846153846 0.25961538461538464
0 0.6862980769230769 0.06490384615384616 0.09375 0.12980769230769232
0 0.7896634615384616 0.7896634615384616 0.0985576923076923 0.2776442307692308
0 0.703125 0.8088942307692307 0.11899038461538461 0.23317307692307693
0 0.3076923076923077 0.8822115384615384 0.12860576923076922 0.16706730769230768
0 0.5865384615384616 0.8930288461538461 0.1875 0.2091346153846154
0 0.40024038461538464 0.9266826923076923 0.14903846153846154 0.14423076923076922
0 0.75 0.09495192307692307 0.1201923076923077 0.18990384615384615
0 0.3713942307692308 0.0985576923076923 0.171875 0.1971153846153846