0 0.16105769230769232 0.1502403846153846 0.10576923076923077 0.2932692307692308
0 0.06009615384615385 0.23076923076923078 0.07692307692307693 0.24278846153846154
0 0.8137019230769231 0.28365384615384615 0.078125 0.3389423076923077
0 0.040865384615384616 0.3701923076923077 0.08173076923076923 0.24278846153846154
0 0.6706730769230769 0.390625 0.125 0.3786057692307692
0 0.7199519230769231 0.3918269230769231 0.078125 0.31490384615384615
0 0.7800480769230769 0.6201923076923077 0.09014423076923077 0.28966346153846156
0 0.8100961538461539 0.6814903846153846 0.06129807692307692 0.2548076923076923
0 0.06610576923076923 0.7632211538461539 0.0673076923076923 0.3076923076923077
0 0.7536057692307693 0.8185096153846154 0.1045673076923077 0.23317307692307693
0 0.6802884615384616 0.8425480769230769 0.109375 0.3112980769230769
0 0.2956730769230769 0.9098557692307693 0.13221153846153846 0.17668269230769232
0 0.3918269230769231 0.9675480769230769 0.18389423076923078 0.06129807692307692
0 0.6911057692307693 0.12740384615384615 0.09375 0.2548076923076923