0 0.03485576923076923 0.1658653846153846 0.06971153846153846 0.328125
0 0.4338942307692308 0.3137019230769231 0.13942307692307693 0.28846153846153844
0 0.052884615384615384 0.4483173076923077 0.10576923076923077 0.20552884615384615
0 0.08774038461538461 0.6225961538461539 0.08173076923076923 0.28966346153846156
0 0.33653846153846156 0.6442307692307693 0.21153846153846154 0.2283653846153846
0 0.4987980769230769 0.6478365384615384 0.15144230769230768 0.34615384615384615
0 0.765625 0.7295673076923077 0.06850961538461539 0.2247596153846154
0 0.78125 0.09014423076923077 0.07932692307692307 0.1622596153846154
0 0.3112980769230769 0.9122596153846154 0.15144230769230768 0.17067307692307693
0 0.6754807692307693 0.9170673076923077 0.15264423076923078 0.16346153846153846
0 0.42427884615384615 0.9242788461538461 0.19110576923076922 0.1502403846153846
0 0.6670673076923077 0.10697115384615384 0.11057692307692307 0.21394230769230768
0 0.09014423076923077 0.1141826923076923 0.11658653846153846 0.20192307692307693