0 0.09014423076923077 0.20192307692307693 0.11778846153846154 0.25600961538461536
0 0.31971153846153844 0.2247596153846154 0.1466346153846154 0.34134615384615385
0 0.24639423076923078 0.2283653846153846 0.11177884615384616 0.37740384615384615
0 0.04927884615384615 0.47716346153846156 0.09254807692307693 0.28725961538461536
0 0.08653846153846154 0.5420673076923077 0.06370192307692307 0.2644230769230769
0 0.9543269230769231 0.5576923076923077 0.057692307692307696 0.1971153846153846
0 0.055288461538461536 0.6454326923076923 0.0985576923076923 0.25841346153846156
0 0.7644230769230769 0.7776442307692307 0.12139423076923077 0.2764423076923077
0 0.3894230769230769 0.07932692307692307 0.14302884615384615 0.15745192307692307
0 0.41346153846153844 0.9086538461538461 0.16826923076923078 0.17307692307692307
0 0.26802884615384615 0.9098557692307693 0.14182692307692307 0.17668269230769232
0 0.5576923076923077 0.9122596153846154 0.18990384615384615 0.15745192307692307