0 0.625 0.18629807692307693 0.10817307692307693 0.33774038461538464
0 0.47115384615384615 0.27524038461538464 0.23677884615384615 0.265625
0 0.036057692307692304 0.3173076923076923 0.07091346153846154 0.22956730769230768
0 0.8149038461538461 0.37259615384615385 0.10096153846153846 0.359375
0 0.12379807692307693 0.4074519230769231 0.11538461538461539 0.4014423076923077
0 0.7115384615384616 0.44350961538461536 0.1658653846153846 0.24278846153846154
0 0.040865384615384616 0.49278846153846156 0.08173076923076923 0.2668269230769231
0 0.3894230769230769 0.6706730769230769 0.08533653846153846 0.32572115384615385
0 0.796875 0.8028846153846154 0.08774038461538461 0.21033653846153846
0 0.37259615384615385 0.875 0.171875 0.13221153846153846
0 0.28966346153846156 0.9362980769230769 0.1814903846153846 0.12620192307692307
0 0.6045673076923077 0.9362980769230769 0.15985576923076922 0.12620192307692307
0 0.4375 0.9555288461538461 0.15865384615384615 0.08413461538461539
0 0.06009615384615385 0.11538461538461539 0.1201923076923077 0.2247596153846154