0 0.5216346153846154 0.20552884615384615 0.22115384615384615 0.18509615384615385
0 0.9699519230769231 0.33774038461538464 0.05889423076923077 0.3112980769230769
0 0.17427884615384615 0.40384615384615385 0.14543269230769232 0.23317307692307693
0 0.03245192307692308 0.44350961538461536 0.06490384615384616 0.2920673076923077
0 0.7572115384615384 0.7475961538461539 0.05889423076923077 0.234375
0 0.8016826923076923 0.7824519230769231 0.038461538461538464 0.21995192307692307
0 0.4855769230769231 0.8569711538461539 0.08653846153846154 0.27884615384615385
0 0.7139423076923077 0.8665865384615384 0.12139423076923077 0.15865384615384615
0 0.1814903846153846 0.8810096153846154 0.06490384615384616 0.13942307692307693
0 0.08533653846153846 0.8846153846153846 0.09375 0.22596153846153846
0 0.25240384615384615 0.9122596153846154 0.07211538461538461 0.17067307692307693
0 0.578125 0.9435096153846154 0.15865384615384615 0.11177884615384616
0 0.390625 0.953125 0.15144230769230768 0.0889423076923077
0 0.140625 0.10336538461538461 0.11538461538461539 0.20552884615384615
0 0.7403846153846154 0.11177884615384616 0.18269230769230768 0.22355769230769232