0 0.11899038461538461 0.1778846153846154 0.11538461538461539 0.1622596153846154
0 0.5649038461538461 0.19471153846153846 0.1201923076923077 0.328125
0 0.040865384615384616 0.2512019230769231 0.08173076923076923 0.1502403846153846
0 0.078125 0.43509615384615385 0.07692307692307693 0.3233173076923077
0 0.02403846153846154 0.47115384615384615 0.04807692307692308 0.24278846153846154
0 0.7067307692307693 0.4723557692307692 0.17668269230769232 0.17548076923076922
0 0.3329326923076923 0.6454326923076923 0.15504807692307693 0.24519230769230768
0 0.7884615384615384 0.6586538461538461 0.09014423076923077 0.20072115384615385
0 0.6887019230769231 0.7980769230769231 0.15865384615384615 0.21634615384615385
0 0.7716346153846154 0.8605769230769231 0.1346153846153846 0.21634615384615385
0 0.328125 0.8629807692307693 0.1466346153846154 0.25721153846153844
0 0.2548076923076923 0.8942307692307693 0.109375 0.19471153846153846
0 0.21394230769230768 0.9302884615384616 0.11057692307692307 0.1346153846153846
0 0.59375 0.9302884615384616 0.18269230769230768 0.1346153846153846
0 0.41586538461538464 0.9399038461538461 0.16105769230769232 0.11899038461538461