0 0.7848557692307693 0.1502403846153846 0.1045673076923077 0.29927884615384615
0 0.4543269230769231 0.2764423076923077 0.09375 0.3605769230769231
0 0.7091346153846154 0.2956730769230769 0.15144230769230768 0.2608173076923077
0 0.14783653846153846 0.4230769230769231 0.16826923076923078 0.28365384615384615
0 0.7980769230769231 0.4362980769230769 0.08533653846153846 0.33774038461538464
0 0.056490384615384616 0.5180288461538461 0.09615384615384616 0.21634615384615385
0 0.5805288461538461 0.8317307692307693 0.11177884615384616 0.25
0 0.7355769230769231 0.8713942307692307 0.13701923076923078 0.1346153846153846
0 0.44350961538461536 0.8798076923076923 0.12259615384615384 0.23557692307692307
0 0.35336538461538464 0.9278846153846154 0.1971153846153846 0.13942307692307693
0 0.05048076923076923 0.10336538461538461 0.08413461538461539 0.20673076923076922