0 0.4567307692307692 0.21754807692307693 0.1658653846153846 0.375
0 0.057692307692307696 0.30528846153846156 0.0673076923076923 0.23076923076923078
0 0.6862980769230769 0.36778846153846156 0.109375 0.328125
0 0.2247596153846154 0.390625 0.1201923076923077 0.296875
0 0.8052884615384616 0.4182692307692308 0.08052884615384616 0.29086538461538464
0 0.036057692307692304 0.4723557692307692 0.07091346153846154 0.25841346153846156
0 0.7259615384615384 0.4951923076923077 0.09014423076923077 0.36899038461538464
0 0.07091346153846154 0.6322115384615384 0.07692307692307693 0.21153846153846154
0 0.42908653846153844 0.6490384615384616 0.1935096153846154 0.22355769230769232
0 0.28725961538461536 0.7379807692307693 0.08774038461538461 0.23557692307692307
0 0.7788461538461539 0.7463942307692307 0.08052884615384616 0.265625
0 0.19471153846153846 0.9134615384615384 0.09495192307692307 0.14302884615384615
0 0.3088942307692308 0.9314903846153846 0.12259615384615384 0.13221153846153846
0 0.7331730769230769 0.9350961538461539 0.16346153846153846 0.125
0 0.59375 0.9471153846153846 0.14903846153846154 0.10096153846153846
0 0.6045673076923077 0.12379807692307693 0.12139423076923077 0.24278846153846154
0 0.7451923076923077 0.1310096153846154 0.15745192307692307 0.20072115384615385