0 0.5913461538461539 0.17427884615384615 0.16346153846153846 0.31490384615384615
0 0.8016826923076923 0.17668269230769232 0.07451923076923077 0.32091346153846156
0 0.03485576923076923 0.28966346153846156 0.06850961538461539 0.21394230769230768
0 0.23557692307692307 0.39903846153846156 0.10697115384615384 0.30288461538461536
0 0.06971153846153846 0.41346153846153844 0.10096153846153846 0.21875
0 0.056490384615384616 0.5024038461538461 0.11298076923076923 0.1971153846153846
0 0.7980769230769231 0.5360576923076923 0.0889423076923077 0.3173076923076923
0 0.33774038461538464 0.5480769230769231 0.16346153846153846 0.19110576923076922
0 0.04326923076923077 0.5793269230769231 0.08052884615384616 0.22716346153846154
0 0.056490384615384616 0.7439903846153846 0.08173076923076923 0.2512019230769231
0 0.7800480769230769 0.7944711538461539 0.08052884615384616 0.25841346153846156
0 0.47716346153846156 0.8557692307692307 0.11658653846153846 0.18269230769230768
0 0.7307692307692307 0.8605769230769231 0.12379807692307693 0.16466346153846154
0 0.5625 0.9242788461538461 0.16346153846153846 0.1466346153846154
0 0.7451923076923077 0.12379807692307693 0.0985576923076923 0.24639423076923078