0 0.03365384615384615 0.20072115384615385 0.0673076923076923 0.25721153846153844
0 0.7235576923076923 0.2548076923076923 0.14543269230769232 0.35096153846153844
0 0.8052884615384616 0.30528846153846156 0.0733173076923077 0.39302884615384615
0 0.09615384615384616 0.3173076923076923 0.09134615384615384 0.3329326923076923
0 0.038461538461538464 0.33774038461538464 0.07572115384615384 0.2704326923076923
0 0.1875 0.3701923076923077 0.0829326923076923 0.3088942307692308
0 0.7524038461538461 0.04807692307692308 0.125 0.09615384615384616
0 0.44711538461538464 0.5516826923076923 0.109375 0.36778846153846156
0 0.7884615384615384 0.6610576923076923 0.0889423076923077 0.30649038461538464
0 0.056490384615384616 0.7451923076923077 0.10697115384615384 0.2403846153846154
0 0.6442307692307693 0.8197115384615384 0.13822115384615385 0.18028846153846154
0 0.49038461538461536 0.8870192307692307 0.19951923076923078 0.12980769230769232
0 0.7572115384615384 0.8918269230769231 0.16105769230769232 0.12980769230769232
0 0.34615384615384615 0.9362980769230769 0.15264423076923078 0.12379807692307693