0 0.8100961538461539 0.18389423076923078 0.06850961538461539 0.3269230769230769
0 0.040865384615384616 0.28725961538461536 0.08052884615384616 0.265625
0 0.41947115384615385 0.2932692307692308 0.18269230769230768 0.3112980769230769
0 0.23798076923076922 0.39302884615384615 0.10216346153846154 0.328125
0 0.08173076923076923 0.41346153846153844 0.09735576923076923 0.21634615384615385
0 0.12379807692307693 0.43149038461538464 0.13701923076923078 0.15625
0 0.054086538461538464 0.5120192307692307 0.10697115384615384 0.18028846153846154
0 0.7992788461538461 0.5396634615384616 0.08052884615384616 0.3269230769230769
0 0.04567307692307692 0.5841346153846154 0.09134615384615384 0.21153846153846154
0 0.3449519230769231 0.7043269230769231 0.19110576923076922 0.16466346153846154
0 0.05889423076923077 0.7079326923076923 0.07692307692307693 0.19471153846153846
0 0.7788461538461539 0.8004807692307693 0.09735576923076923 0.24519230769230768
0 0.6766826923076923 0.8377403846153846 0.15745192307692307 0.2247596153846154
0 0.7439903846153846 0.8485576923076923 0.12139423076923077 0.203125
0 0.5721153846153846 0.8653846153846154 0.0733173076923077 0.26802884615384615
0 0.13822115384615385 0.9026442307692307 0.1814903846153846 0.19110576923076922
0 0.5396634615384616 0.9314903846153846 0.1310096153846154 0.13341346153846154
0 0.42908653846153844 0.9326923076923077 0.13701923076923078 0.13221153846153846
0 0.7439903846153846 0.13221153846153846 0.09375 0.2644230769230769