0 0.10096153846153846 0.15865384615384615 0.12139423076923077 0.2704326923076923
0 0.0625 0.28846153846153844 0.09134615384615384 0.18269230769230768
0 0.13701923076923078 0.38221153846153844 0.10817307692307693 0.23317307692307693
0 0.7956730769230769 0.4170673076923077 0.0733173076923077 0.33653846153846156
0 0.052884615384615384 0.4567307692307692 0.10576923076923077 0.22115384615384615
0 0.037259615384615384 0.6502403846153846 0.057692307692307696 0.19230769230769232
0 0.7824519230769231 0.6826923076923077 0.10336538461538461 0.2848557692307692
0 0.38822115384615385 0.7692307692307693 0.19591346153846154 0.234375
0 0.2920673076923077 0.8413461538461539 0.14543269230769232 0.1778846153846154
0 0.8016826923076923 0.09014423076923077 0.07091346153846154 0.17908653846153846
0 0.20072115384615385 0.90625 0.07091346153846154 0.16826923076923078
0 0.5108173076923077 0.9182692307692307 0.17548076923076922 0.15865384615384615
0 0.7019230769230769 0.11298076923076923 0.15144230769230768 0.22596153846153846