0 0.11899038461538461 0.20552884615384615 0.11658653846153846 0.36778846153846156
0 0.1502403846153846 0.3701923076923077 0.14302884615384615 0.2608173076923077
0 0.7956730769230769 0.3786057692307692 0.1045673076923077 0.2980769230769231
0 0.7608173076923077 0.4987980769230769 0.12860576923076922 0.30528846153846156
0 0.7247596153846154 0.5637019230769231 0.109375 0.26802884615384615
0 0.09134615384615384 0.6033653846153846 0.08653846153846154 0.36778846153846156
0 0.6670673076923077 0.6322115384615384 0.11899038461538461 0.17427884615384615
0 0.6586538461538461 0.7620192307692307 0.1346153846153846 0.11057692307692307
0 0.7439903846153846 0.7788461538461539 0.06490384615384616 0.24519230769230768
0 0.8052884615384616 0.7896634615384616 0.0673076923076923 0.24879807692307693
0 0.5240384615384616 0.8329326923076923 0.17548076923076922 0.16105769230769232
0 0.31850961538461536 0.8870192307692307 0.140625 0.19471153846153846
0 0.6538461538461539 0.8954326923076923 0.12860576923076922 0.109375
0 0.20552884615384615 0.9038461538461539 0.10216346153846154 0.15384615384615385