0 0.07211538461538461 0.18028846153846154 0.14182692307692307 0.21754807692307693
0 0.037259615384615384 0.3425480769230769 0.07451923076923077 0.2860576923076923
0 0.7007211538461539 0.34975961538461536 0.14302884615384615 0.20793269230769232
0 0.421875 0.3954326923076923 0.13942307692307693 0.33413461538461536
0 0.28725961538461536 0.4519230769230769 0.17548076923076922 0.2608173076923077
0 0.8137019230769231 0.4963942307692308 0.08774038461538461 0.33533653846153844
0 0.7463942307692307 0.5012019230769231 0.08413461538461539 0.3161057692307692
0 0.10697115384615384 0.5721153846153846 0.10817307692307693 0.12620192307692307
0 0.05048076923076923 0.6201923076923077 0.10096153846153846 0.27884615384615385
0 0.7451923076923077 0.06850961538461539 0.17668269230769232 0.13581730769230768
0 0.35697115384615385 0.7151442307692307 0.09615384615384616 0.328125
0 0.3125 0.7980769230769231 0.09254807692307693 0.23677884615384615
0 0.0889423076923077 0.8617788461538461 0.1141826923076923 0.20552884615384615
0 0.6346153846153846 0.8798076923076923 0.18269230769230768 0.17307692307692307
0 0.7608173076923077 0.8894230769230769 0.1658653846153846 0.12139423076923077
0 0.36658653846153844 0.9278846153846154 0.14182692307692307 0.13942307692307693
0 0.5108173076923077 0.9338942307692307 0.12259615384615384 0.12740384615384615
0 0.16947115384615385 0.9507211538461539 0.1658653846153846 0.09375
0 0.5805288461538461 0.10096153846153846 0.23317307692307693 0.19591346153846154
0 0.11899038461538461 0.10817307692307693 0.1201923076923077 0.19110576923076922