0 0.6490384615384616 0.1502403846153846 0.16346153846153846 0.2956730769230769
0 0.10216346153846154 0.16466346153846154 0.09254807692307693 0.28966346153846156
0 0.046875 0.19831730769230768 0.09014423076923077 0.31490384615384615
0 0.4423076923076923 0.28966346153846156 0.13341346153846154 0.3317307692307692
0 0.6935096153846154 0.35697115384615385 0.1814903846153846 0.21033653846153846
0 0.7596153846153846 0.3605769230769231 0.125 0.3137019230769231
0 0.15504807692307693 0.39903846153846156 0.12139423076923077 0.3076923076923077
0 0.8233173076923077 0.42427884615384615 0.0985576923076923 0.30288461538461536
0 0.7091346153846154 0.6129807692307693 0.10336538461538461 0.3329326923076923
0 0.7800480769230769 0.640625 0.12139423076923077 0.30528846153846156
0 0.7548076923076923 0.7043269230769231 0.07572115384615384 0.30649038461538464
0 0.08413461538461539 0.7668269230769231 0.12860576923076922 0.3629807692307692
0 0.4495192307692308 0.7740384615384616 0.12259615384615384 0.27884615384615385
0 0.24759615384615385 0.8569711538461539 0.0985576923076923 0.265625
0 0.6021634615384616 0.8870192307692307 0.07451923076923077 0.22115384615384615
0 0.6862980769230769 0.8978365384615384 0.13701923076923078 0.12379807692307693
0 0.33653846153846156 0.9302884615384616 0.15865384615384615 0.1346153846153846
0 0.484375 0.9314903846153846 0.15745192307692307 0.12980769230769232
0 0.7644230769230769 0.10697115384615384 0.12860576923076922 0.16826923076923078