0 0.06971153846153846 0.17307692307692307 0.13942307692307693 0.16346153846153846
0 0.4254807692307692 0.30649038461538464 0.13581730769230768 0.40024038461538464
0 0.6887019230769231 0.3737980769230769 0.2127403846153846 0.15865384615384615
0 0.9639423076923077 0.42427884615384615 0.06971153846153846 0.30408653846153844
0 0.14423076923076922 0.46033653846153844 0.15504807692307693 0.18629807692307693
0 0.8233173076923077 0.49038461538461536 0.10576923076923077 0.35096153846153844
0 0.052884615384615384 0.5901442307692307 0.08774038461538461 0.2247596153846154
0 0.34975961538461536 0.6682692307692307 0.09615384615384616 0.3737980769230769
0 0.5216346153846154 0.7019230769230769 0.08413461538461539 0.32211538461538464
0 0.23317307692307693 0.8329326923076923 0.06610576923076923 0.25841346153846156
0 0.6274038461538461 0.8449519230769231 0.0733173076923077 0.2536057692307692
0 0.08774038461538461 0.8629807692307693 0.11298076923076923 0.171875
0 0.6514423076923077 0.9098557692307693 0.14543269230769232 0.10817307692307693
0 0.7439903846153846 0.9158653846153846 0.11177884615384616 0.14783653846153846
0 0.37740384615384615 0.9278846153846154 0.15264423076923078 0.14302884615384615
0 0.5252403846153846 0.9435096153846154 0.16105769230769232 0.10817307692307693