0 0.7728365384615384 0.38221153846153844 0.11177884615384616 0.22956730769230768
0 0.1622596153846154 0.39783653846153844 0.12379807692307693 0.2536057692307692
0 0.12620192307692307 0.609375 0.109375 0.23197115384615385
0 0.4411057692307692 0.6754807692307693 0.125 0.2536057692307692
0 0.7908653846153846 0.6959134615384616 0.10697115384615384 0.3485576923076923
0 0.38221153846153844 0.7884615384615384 0.1466346153846154 0.23798076923076922
0 0.2848557692307692 0.8317307692307693 0.1778846153846154 0.26802884615384615
0 0.16947115384615385 0.9038461538461539 0.15504807692307693 0.18990384615384615
0 0.7836538461538461 0.10096153846153846 0.07211538461538461 0.20192307692307693
0 0.7091346153846154 0.109375 0.11899038461538461 0.18389423076923078
0 0.10096153846153846 0.11899038461538461 0.09615384615384616 0.23197115384615385