0 0.0673076923076923 0.17307692307692307 0.06009615384615385 0.1814903846153846
0 0.546875 0.1814903846153846 0.16105769230769232 0.3449519230769231
0 0.03245192307692308 0.26322115384615385 0.046875 0.3137019230769231
0 0.4074519230769231 0.5877403846153846 0.18509615384615385 0.26802884615384615
0 0.0985576923076923 0.6105769230769231 0.078125 0.2091346153846154
0 0.04927884615384615 0.6358173076923077 0.0625 0.2956730769230769
0 0.3088942307692308 0.6923076923076923 0.11177884615384616 0.2956730769230769
0 0.7848557692307693 0.7524038461538461 0.08052884615384616 0.2764423076923077
0 0.6754807692307693 0.8834134615384616 0.14903846153846154 0.2283653846153846
0 0.53125 0.9002403846153846 0.15144230769230768 0.17908653846153846
0 0.171875 0.9242788461538461 0.1201923076923077 0.1502403846153846
0 0.29447115384615385 0.9314903846153846 0.1502403846153846 0.13581730769230768
0 0.6502403846153846 0.10336538461538461 0.0673076923076923 0.20072115384615385
0 0.7151442307692307 0.1201923076923077 0.07451923076923077 0.2403846153846154