0 0.054086538461538464 0.23677884615384615 0.10817307692307693 0.23317307692307693
0 0.6442307692307693 0.328125 0.11298076923076923 0.34615384615384615
0 0.7872596153846154 0.36658653846153844 0.09735576923076923 0.4230769230769231
0 0.40625 0.36899038461538464 0.20192307692307693 0.16346153846153846
0 0.30649038461538464 0.4831730769230769 0.09735576923076923 0.36538461538461536
0 0.038461538461538464 0.5 0.07451923076923077 0.3004807692307692
0 0.7487980769230769 0.5661057692307693 0.1141826923076923 0.33533653846153844
0 0.46634615384615385 0.6850961538461539 0.12620192307692307 0.24759615384615385
0 0.3112980769230769 0.7632211538461539 0.08653846153846154 0.30528846153846156
0 0.07451923076923077 0.7836538461538461 0.054086538461538464 0.19471153846153846
0 0.7884615384615384 0.8016826923076923 0.06850961538461539 0.31490384615384615
0 0.7175480769230769 0.8581730769230769 0.109375 0.21754807692307693
0 0.20072115384615385 0.8930288461538461 0.11538461538461539 0.2127403846153846
0 0.5012019230769231 0.90625 0.18028846153846154 0.18269230769230768
0 0.35096153846153844 0.9098557692307693 0.19230769230769232 0.17548076923076922
0 0.6286057692307693 0.9338942307692307 0.17067307692307693 0.12740384615384615
0 0.8040865384615384 0.10697115384615384 0.09014423076923077 0.21033653846153846