0 0.14543269230769232 0.20793269230769232 0.11298076923076923 0.2091346153846154
0 0.1045673076923077 0.24519230769230768 0.0985576923076923 0.25721153846153844
0 0.2127403846153846 0.25961538461538464 0.1502403846153846 0.16826923076923078
0 0.07932692307692307 0.36538461538461536 0.08774038461538461 0.2956730769230769
0 0.18990384615384615 0.421875 0.17668269230769232 0.14543269230769232
0 0.03245192307692308 0.4519230769230769 0.06370192307692307 0.1935096153846154
0 0.06610576923076923 0.49278846153846156 0.06129807692307692 0.1201923076923077
0 0.039663461538461536 0.6225961538461539 0.07932692307692307 0.28365384615384615
0 0.21995192307692307 0.07692307692307693 0.17067307692307693 0.15384615384615385
0 0.47115384615384615 0.8449519230769231 0.2091346153846154 0.18389423076923078
0 0.7235576923076923 0.8461538461538461 0.06971153846153846 0.30649038461538464
0 0.7367788461538461 0.8725961538461539 0.15625 0.12860576923076922
0 0.25961538461538464 0.8846153846153846 0.15865384615384615 0.22596153846153846
0 0.35697115384615385 0.9254807692307693 0.14182692307692307 0.14423076923076922
0 0.203125 0.9375 0.11778846153846154 0.1201923076923077
0 0.5709134615384616 0.9435096153846154 0.1658653846153846 0.10817307692307693