0 0.765625 0.25841346153846156 0.13822115384615385 0.19110576923076922
0 0.054086538461538464 0.27524038461538464 0.10817307692307693 0.2283653846153846
0 0.6742788461538461 0.28725961538461536 0.125 0.2848557692307692
0 0.19471153846153846 0.3641826923076923 0.0985576923076923 0.27163461538461536
0 0.765625 0.42427884615384615 0.109375 0.3581730769230769
0 0.2776442307692308 0.4338942307692308 0.14783653846153846 0.25961538461538464
0 0.1141826923076923 0.47115384615384615 0.0625 0.24278846153846154
0 0.054086538461538464 0.5685096153846154 0.09014423076923077 0.2980769230769231
0 0.3112980769230769 0.6502403846153846 0.17307692307692307 0.2764423076923077
0 0.8028846153846154 0.6574519230769231 0.057692307692307696 0.33774038461538464
0 0.7475961538461539 0.7524038461538461 0.09615384615384616 0.29086538461538464
0 0.3076923076923077 0.8016826923076923 0.11538461538461539 0.27884615384615385
0 0.08413461538461539 0.8028846153846154 0.08173076923076923 0.19230769230769232
0 0.23076923076923078 0.8389423076923077 0.16346153846153846 0.18629807692307693
0 0.6346153846153846 0.8882211538461539 0.1971153846153846 0.17548076923076922
0 0.484375 0.921875 0.18509615384615385 0.15144230769230768
0 0.1971153846153846 0.9375 0.14423076923076922 0.1201923076923077
0 0.7451923076923077 0.11778846153846154 0.16346153846153846 0.23557692307692307
0 0.078125 0.1346153846153846 0.11538461538461539 0.265625