0 0.36899038461538464 0.15745192307692307 0.09254807692307693 0.3137019230769231
0 0.1201923076923077 0.23798076923076922 0.0625 0.21634615384615385
0 0.2692307692307692 0.2548076923076923 0.1310096153846154 0.29927884615384615
0 0.20192307692307693 0.25600961538461536 0.10336538461538461 0.23798076923076922
0 0.7932692307692307 0.43028846153846156 0.13341346153846154 0.32211538461538464
0 0.04447115384615385 0.6237980769230769 0.0889423076923077 0.27884615384615385
0 0.9483173076923077 0.6358173076923077 0.04927884615384615 0.24158653846153846
0 0.20793269230769232 0.0673076923076923 0.1502403846153846 0.13341346153846154
0 0.25841346153846156 0.8317307692307693 0.12740384615384615 0.23317307692307693
0 0.7512019230769231 0.8329326923076923 0.13822115384615385 0.2127403846153846
0 0.6778846153846154 0.8774038461538461 0.140625 0.22716346153846154
0 0.5516826923076923 0.9098557692307693 0.1971153846153846 0.14182692307692307
0 0.055288461538461536 0.09254807692307693 0.0829326923076923 0.15625