0 0.1045673076923077 0.18870192307692307 0.09014423076923077 0.3161057692307692
0 0.7860576923076923 0.31850961538461536 0.109375 0.38100961538461536
0 0.06971153846153846 0.33052884615384615 0.11899038461538461 0.2536057692307692
0 0.21153846153846154 0.3557692307692308 0.12379807692307693 0.31971153846153844
0 0.07572115384615384 0.5853365384615384 0.078125 0.13822115384615385
0 0.7355769230769231 0.7103365384615384 0.14903846153846154 0.26322115384615385
0 0.22596153846153846 0.7896634615384616 0.10576923076923077 0.24278846153846154
0 0.7920673076923077 0.8161057692307693 0.08653846153846154 0.24519230769230768
0 0.08413461538461539 0.8221153846153846 0.057692307692307696 0.21033653846153846
0 0.5925480769230769 0.8521634615384616 0.15985576923076922 0.14543269230769232
0 0.3293269230769231 0.8786057692307693 0.10216346153846154 0.18389423076923078
0 0.18990384615384615 0.9435096153846154 0.125 0.10817307692307693
0 0.3918269230769231 0.9435096153846154 0.12980769230769232 0.10817307692307693
0 0.3701923076923077 0.11177884615384616 0.18269230769230768 0.22355769230769232