0 0.09375 0.22235576923076922 0.10096153846153846 0.34975961538461536
0 0.7896634615384616 0.3004807692307692 0.109375 0.3389423076923077
0 0.04447115384615385 0.36778846153846156 0.0889423076923077 0.3004807692307692
0 0.12740384615384615 0.4266826923076923 0.11538461538461539 0.2932692307692308
0 0.6694711538461539 0.057692307692307696 0.10216346153846154 0.11538461538461539
0 0.04927884615384615 0.578125 0.0625 0.22115384615384615
0 0.4098557692307692 0.6009615384615384 0.14182692307692307 0.3088942307692308
0 0.7415865384615384 0.6550480769230769 0.17307692307692307 0.20793269230769232
0 0.6286057692307693 0.7620192307692307 0.11057692307692307 0.20072115384615385
0 0.8040865384615384 0.7692307692307693 0.05889423076923077 0.28365384615384615
0 0.7379807692307693 0.8269230769230769 0.0829326923076923 0.2608173076923077
0 0.3870192307692308 0.9242788461538461 0.18389423076923078 0.1502403846153846
0 0.578125 0.9326923076923077 0.17668269230769232 0.11057692307692307
0 0.1778846153846154 0.9411057692307693 0.16346153846153846 0.11298076923076923
0 0.3581730769230769 0.10576923076923077 0.1971153846153846 0.21153846153846154