0 0.6189903846153846 0.17427884615384615 0.1658653846153846 0.33653846153846156
0 0.038461538461538464 0.34375 0.07692307692307693 0.22596153846153846
0 0.7980769230769231 0.4110576923076923 0.10216346153846154 0.33052884615384615
0 0.03245192307692308 0.5012019230769231 0.06490384615384616 0.24158653846153846
0 0.6838942307692307 0.5240384615384616 0.10576923076923077 0.40384615384615385
0 0.04567307692307692 0.7199519230769231 0.08533653846153846 0.2536057692307692
0 0.7620192307692307 0.7680288461538461 0.09975961538461539 0.19831730769230768
0 0.24158653846153846 0.7860576923076923 0.13701923076923078 0.171875
0 0.36538461538461536 0.8677884615384616 0.18269230769230768 0.18870192307692307
0 0.6754807692307693 0.8701923076923077 0.13701923076923078 0.15144230769230768
0 0.5336538461538461 0.8786057692307693 0.10576923076923077 0.23798076923076922
0 0.1814903846153846 0.9086538461538461 0.08173076923076923 0.1814903846153846
0 0.2932692307692308 0.9314903846153846 0.1346153846153846 0.13221153846153846
0 0.42908653846153844 0.9471153846153846 0.16105769230769232 0.10096153846153846
0 0.7956730769230769 0.12139423076923077 0.12139423076923077 0.24278846153846154
0 0.0625 0.13341346153846154 0.12259615384615384 0.24759615384615385