0 0.7319711538461539 0.31850961538461536 0.10336538461538461 0.32572115384615385
0 0.7463942307692307 0.5096153846153846 0.052884615384615384 0.29927884615384615
0 0.07091346153846154 0.5372596153846154 0.07091346153846154 0.23557692307692307
0 0.7007211538461539 0.5576923076923077 0.07091346153846154 0.34615384615384615
0 0.8088942307692307 0.5661057692307693 0.09735576923076923 0.31490384615384615
0 0.39783653846153844 0.609375 0.15264423076923078 0.21995192307692307
0 0.2824519230769231 0.7247596153846154 0.125 0.140625
0 0.765625 0.7548076923076923 0.09134615384615384 0.2283653846153846
0 0.6754807692307693 0.7740384615384616 0.10576923076923077 0.21033653846153846
0 0.5949519230769231 0.8882211538461539 0.17548076923076922 0.21875
0 0.22115384615384615 0.9278846153846154 0.1201923076923077 0.13942307692307693
0 0.4050480769230769 0.9278846153846154 0.15144230769230768 0.13942307692307693
0 0.07451923076923077 0.09735576923076923 0.14302884615384615 0.18990384615384615