0 0.7235576923076923 0.15865384615384615 0.07932692307692307 0.3161057692307692
0 0.04326923076923077 0.21514423076923078 0.08653846153846154 0.19471153846153846
0 0.6454326923076923 0.23918269230769232 0.14903846153846154 0.3629807692307692
0 0.7956730769230769 0.32211538461538464 0.0673076923076923 0.2848557692307692
0 0.08533653846153846 0.4699519230769231 0.12259615384615384 0.19831730769230768
0 0.7572115384615384 0.5697115384615384 0.11778846153846154 0.16947115384615385
0 0.06009615384615385 0.5877403846153846 0.1201923076923077 0.12860576923076922
0 0.4891826923076923 0.6634615384615384 0.10216346153846154 0.11538461538461539
0 0.7860576923076923 0.7139423076923077 0.07451923076923077 0.18629807692307693
0 0.6177884615384616 0.71875 0.13701923076923078 0.18269230769230768
0 0.703125 0.7439903846153846 0.11538461538461539 0.16346153846153846
0 0.31971153846153844 0.7560096153846154 0.15384615384615385 0.27283653846153844
0 0.8088942307692307 0.7908653846153846 0.054086538461538464 0.25
0 0.38341346153846156 0.8088942307692307 0.17307692307692307 0.24519230769230768
0 0.2536057692307692 0.8257211538461539 0.1310096153846154 0.10576923076923077
0 0.10336538461538461 0.08413461538461539 0.08774038461538461 0.16826923076923078
0 0.6658653846153846 0.8533653846153846 0.1502403846153846 0.09735576923076923
0 0.5612980769230769 0.8629807692307693 0.14543269230769232 0.22115384615384615
0 0.25721153846153844 0.890625 0.15264423076923078 0.15144230769230768
0 0.6959134615384616 0.9194711538461539 0.16105769230769232 0.15625
0 0.3786057692307692 0.9314903846153846 0.13221153846153846 0.13221153846153846
0 0.2247596153846154 0.9435096153846154 0.14182692307692307 0.10817307692307693
0 0.671875 0.11057692307692307 0.08533653846153846 0.22115384615384615
0 0.7608173076923077 0.1346153846153846 0.0733173076923077 0.26802884615384615