0 0.28125 0.234375 0.11778846153846154 0.3786057692307692
0 0.03365384615384615 0.3173076923076923 0.06490384615384616 0.34134615384615385
0 0.41586538461538464 0.40625 0.15865384615384615 0.25
0 0.24519230769230768 0.4206730769230769 0.055288461538461536 0.28846153846153844
0 0.7872596153846154 0.43149038461538464 0.109375 0.3473557692307692
0 0.09495192307692307 0.4579326923076923 0.09495192307692307 0.21394230769230768
0 0.6935096153846154 0.49399038461538464 0.08653846153846154 0.3329326923076923
0 0.7091346153846154 0.6141826923076923 0.1201923076923077 0.296875
0 0.052884615384615384 0.6382211538461539 0.0673076923076923 0.22355769230769232
0 0.7872596153846154 0.78125 0.07211538461538461 0.2403846153846154
0 0.59375 0.8545673076923077 0.14423076923076922 0.18509615384615385
0 0.23197115384615385 0.9038461538461539 0.14903846153846154 0.18990384615384615
0 0.5 0.9170673076923077 0.18629807692307693 0.1622596153846154
0 0.3557692307692308 0.9447115384615384 0.14423076923076922 0.10697115384615384