0 0.11658653846153846 0.15504807692307693 0.09975961538461539 0.25
0 0.056490384615384616 0.28725961538461536 0.08774038461538461 0.22115384615384615
0 0.14182692307692307 0.3786057692307692 0.14543269230769232 0.23798076923076922
0 0.7872596153846154 0.41586538461538464 0.09735576923076923 0.3137019230769231
0 0.04807692307692308 0.5072115384615384 0.08774038461538461 0.25240384615384615
0 0.03485576923076923 0.6538461538461539 0.06850961538461539 0.27524038461538464
0 0.7836538461538461 0.6790865384615384 0.09375 0.28365384615384615
0 0.3762019230769231 0.8100961538461539 0.19591346153846154 0.2403846153846154
0 0.2764423076923077 0.8689903846153846 0.10576923076923077 0.23317307692307693
0 0.20552884615384615 0.8870192307692307 0.06129807692307692 0.16466346153846154
0 0.12740384615384615 0.9254807692307693 0.08533653846153846 0.1466346153846154
0 0.7211538461538461 0.12980769230769232 0.14783653846153846 0.25841346153846156