0 0.49399038461538464 0.14423076923076922 0.20793269230769232 0.25600961538461536
0 0.07692307692307693 0.19471153846153846 0.1141826923076923 0.1971153846153846
0 0.31490384615384615 0.2247596153846154 0.13221153846153846 0.2776442307692308
0 0.2403846153846154 0.24278846153846154 0.09615384615384616 0.32211538461538464
0 0.054086538461538464 0.2980769230769231 0.10817307692307693 0.28846153846153844
0 0.042067307692307696 0.4855769230769231 0.07091346153846154 0.27283653846153844
0 0.09014423076923077 0.5408653846153846 0.11177884615384616 0.2091346153846154
0 0.953125 0.5733173076923077 0.06971153846153846 0.3088942307692308
0 0.04447115384615385 0.6742788461538461 0.0829326923076923 0.23317307692307693
0 0.7079326923076923 0.07091346153846154 0.19471153846153846 0.140625
0 0.7728365384615384 0.7908653846153846 0.1346153846153846 0.2860576923076923
0 0.41586538461538464 0.9002403846153846 0.15144230769230768 0.15625
0 0.18269230769230768 0.9038461538461539 0.08653846153846154 0.13581730769230768
0 0.25961538461538464 0.9278846153846154 0.12740384615384615 0.14302884615384615
0 0.5480769230769231 0.9290865384615384 0.1658653846153846 0.10336538461538461
0 0.15504807692307693 0.11778846153846154 0.10576923076923077 0.18990384615384615