0 0.5024038461538461 0.19110576923076922 0.21754807692307693 0.265625
0 0.04927884615384615 0.19591346153846154 0.09254807692307693 0.2932692307692308
0 0.6850961538461539 0.26802884615384615 0.13822115384615385 0.2980769230769231
0 0.1201923076923077 0.27283653846153844 0.12860576923076922 0.28125
0 0.7536057692307693 0.3317307692307692 0.08413461538461539 0.3245192307692308
0 0.8088942307692307 0.4579326923076923 0.09134615384615384 0.32572115384615385
0 0.056490384615384616 0.5048076923076923 0.08533653846153846 0.3545673076923077
0 0.71875 0.7932692307692307 0.09615384615384616 0.24639423076923078
0 0.7956730769230769 0.8004807692307693 0.0625 0.3173076923076923
0 0.5300480769230769 0.8762019230769231 0.11177884615384616 0.24639423076923078
0 0.65625 0.8930288461538461 0.1502403846153846 0.16947115384615385
0 0.21634615384615385 0.9050480769230769 0.1310096153846154 0.18629807692307693
0 0.33533653846153844 0.9050480769230769 0.15865384615384615 0.18629807692307693
0 0.7668269230769231 0.13341346153846154 0.1346153846153846 0.2668269230769231