0 0.8137019230769231 0.16346153846153846 0.0889423076923077 0.28365384615384615
0 0.7403846153846154 0.5108173076923077 0.1141826923076923 0.3112980769230769
0 0.052884615384615384 0.5168269230769231 0.10576923076923077 0.23557692307692307
0 0.8040865384615384 0.5240384615384616 0.09134615384615384 0.31009615384615385
0 0.35336538461538464 0.6153846153846154 0.21033653846153846 0.18870192307692307
0 0.054086538461538464 0.7067307692307693 0.10817307692307693 0.27884615384615385
0 0.33413461538461536 0.7403846153846154 0.20192307692307693 0.16105769230769232
0 0.7764423076923077 0.7920673076923077 0.0829326923076923 0.2247596153846154
0 0.7199519230769231 0.8713942307692307 0.1201923076923077 0.21875
0 0.5997596153846154 0.8737980769230769 0.11899038461538461 0.22235576923076922
0 0.4266826923076923 0.9362980769230769 0.14783653846153846 0.12620192307692307
0 0.2800480769230769 0.9399038461538461 0.14903846153846154 0.11658653846153846
0 0.7451923076923077 0.1346153846153846 0.0829326923076923 0.26802884615384615