0 0.11899038461538461 0.1658653846153846 0.13581730769230768 0.21514423076923078
0 0.25600961538461536 0.22596153846153846 0.18269230769230768 0.20432692307692307
0 0.75 0.22716346153846154 0.10697115384615384 0.2980769230769231
0 0.03365384615384615 0.2439903846153846 0.05889423076923077 0.171875
0 0.8028846153846154 0.3076923076923077 0.08052884615384616 0.3329326923076923
0 0.030048076923076924 0.38461538461538464 0.057692307692307696 0.265625
0 0.3016826923076923 0.41466346153846156 0.21033653846153846 0.2620192307692308
0 0.4495192307692308 0.5841346153846154 0.10697115384615384 0.35216346153846156
0 0.7956730769230769 0.6850961538461539 0.08653846153846154 0.28966346153846156
0 0.7199519230769231 0.8605769230769231 0.07932692307692307 0.18028846153846154
0 0.18509615384615385 0.8653846153846154 0.07932692307692307 0.11538461538461539
0 0.6141826923076923 0.8942307692307693 0.15144230769230768 0.20673076923076922
0 0.4891826923076923 0.9158653846153846 0.16105769230769232 0.16346153846153846
0 0.14302884615384615 0.9302884615384616 0.11298076923076923 0.1346153846153846
0 0.3449519230769231 0.9350961538461539 0.15144230769230768 0.125
0 0.28725961538461536 0.11899038461538461 0.19110576923076922 0.23798076923076922