0 0.7764423076923077 0.14182692307692307 0.13822115384615385 0.28365384615384615
0 0.5036057692307693 0.16826923076923078 0.18028846153846154 0.32211538461538464
0 0.7379807692307693 0.20793269230769232 0.11778846153846154 0.3125
0 0.625 0.2091346153846154 0.09495192307692307 0.3161057692307692
0 0.06850961538461539 0.22716346153846154 0.08653846153846154 0.29086538461538464
0 0.7115384615384616 0.296875 0.12259615384615384 0.31490384615384615
0 0.08413461538461539 0.3125 0.0985576923076923 0.3088942307692308
0 0.24158653846153846 0.3545673076923077 0.11177884615384616 0.3245192307692308
0 0.8040865384615384 0.453125 0.09975961538461539 0.2980769230769231
0 0.3449519230769231 0.4735576923076923 0.13942307692307693 0.40384615384615385
0 0.7067307692307693 0.4987980769230769 0.15144230769230768 0.2512019230769231
0 0.05048076923076923 0.5084134615384616 0.09975961538461539 0.265625
0 0.7848557692307693 0.765625 0.06850961538461539 0.27524038461538464
0 0.5384615384615384 0.8497596153846154 0.08052884615384616 0.2764423076923077
0 0.43028846153846156 0.8834134615384616 0.17668269230769232 0.14543269230769232
0 0.6754807692307693 0.8882211538461539 0.14302884615384615 0.140625
0 0.32211538461538464 0.9338942307692307 0.17548076923076922 0.1310096153846154
0 0.19471153846153846 0.9350961538461539 0.13942307692307693 0.125