0 0.14903846153846154 0.15745192307692307 0.0889423076923077 0.28125
0 0.10216346153846154 0.22115384615384615 0.07932692307692307 0.28846153846153844
0 0.04567307692307692 0.2403846153846154 0.07692307692307693 0.22596153846153846
0 0.8052884615384616 0.30288461538461536 0.08653846153846154 0.29447115384615385
0 0.04447115384615385 0.3641826923076923 0.0889423076923077 0.25
0 0.7079326923076923 0.41947115384615385 0.109375 0.32091346153846156
0 0.7572115384615384 0.5961538461538461 0.11298076923076923 0.27524038461538464
0 0.056490384615384616 0.6923076923076923 0.08653846153846154 0.24519230769230768
0 0.8028846153846154 0.7043269230769231 0.07932692307692307 0.2824519230769231
0 0.7524038461538461 0.7956730769230769 0.1201923076923077 0.22115384615384615
0 0.6766826923076923 0.8125 0.1141826923076923 0.2956730769230769
0 0.5516826923076923 0.8485576923076923 0.10336538461538461 0.2980769230769231
0 0.484375 0.8774038461538461 0.10096153846153846 0.24158653846153846
0 0.31009615384615385 0.9290865384615384 0.16826923076923078 0.140625
0 0.7716346153846154 0.109375 0.1201923076923077 0.21875
0 0.6862980769230769 0.12139423076923077 0.08413461538461539 0.24278846153846154