0 0.027644230769230768 0.14783653846153846 0.055288461538461536 0.19951923076923078
0 0.0985576923076923 0.1658653846153846 0.10697115384615384 0.2704326923076923
0 0.1502403846153846 0.3557692307692308 0.1045673076923077 0.25
0 0.7800480769230769 0.3954326923076923 0.12139423076923077 0.328125
0 0.03485576923076923 0.43509615384615385 0.06971153846153846 0.23317307692307693
0 0.7692307692307693 0.49399038461538464 0.1141826923076923 0.28846153846153844
0 0.7163461538461539 0.5372596153846154 0.11778846153846154 0.2512019230769231
0 0.08173076923076923 0.5625 0.06129807692307692 0.21634615384615385
0 0.6875 0.6081730769230769 0.11899038461538461 0.11538461538461539
0 0.6610576923076923 0.7319711538461539 0.14903846153846154 0.16826923076923078
0 0.8064903846153846 0.7800480769230769 0.056490384615384616 0.23557692307692307
0 0.7584134615384616 0.796875 0.046875 0.24759615384615385
0 0.5168269230769231 0.8088942307692307 0.15865384615384615 0.1814903846153846
0 0.65625 0.8641826923076923 0.140625 0.140625
0 0.48197115384615385 0.8725961538461539 0.18870192307692307 0.17908653846153846
0 0.203125 0.8918269230769231 0.07572115384615384 0.1814903846153846
0 0.3016826923076923 0.8942307692307693 0.12379807692307693 0.19230769230769232