0 0.06129807692307692 0.19471153846153846 0.07932692307692307 0.26322115384615385
0 0.14182692307692307 0.19831730769230768 0.1502403846153846 0.20552884615384615
0 0.4423076923076923 0.2776442307692308 0.09615384615384616 0.33533653846153844
0 0.15264423076923078 0.3629807692307692 0.13581730769230768 0.18269230769230768
0 0.052884615384615384 0.37259615384615385 0.10576923076923077 0.27403846153846156
0 0.4014423076923077 0.5793269230769231 0.1814903846153846 0.23557692307692307
0 0.040865384615384616 0.6382211538461539 0.0625 0.2283653846153846
0 0.7920673076923077 0.6959134615384616 0.07932692307692307 0.27524038461538464
0 0.15504807692307693 0.07451923076923077 0.1814903846153846 0.11057692307692307
0 0.7163461538461539 0.8822115384615384 0.15504807692307693 0.13942307692307693
0 0.59375 0.9014423076923077 0.14783653846153846 0.19591346153846154
0 0.2608173076923077 0.9086538461538461 0.1201923076923077 0.11778846153846154
0 0.3269230769230769 0.9387019230769231 0.20192307692307693 0.12139423076923077
0 0.7896634615384616 0.10697115384615384 0.0985576923076923 0.21394230769230768