0 0.08173076923076923 0.203125 0.12980769230769232 0.2283653846153846
0 0.31490384615384615 0.22716346153846154 0.14543269230769232 0.32091346153846156
0 0.24278846153846154 0.23798076923076922 0.12620192307692307 0.36778846153846156
0 0.054086538461538464 0.2920673076923077 0.0829326923076923 0.25
0 0.046875 0.484375 0.09134615384615384 0.30288461538461536
0 0.09615384615384616 0.5228365384615384 0.0889423076923077 0.22235576923076922
0 0.7055288461538461 0.054086538461538464 0.21875 0.10817307692307693
0 0.9579326923076923 0.5444711538461539 0.05889423076923077 0.25
0 0.04567307692307692 0.6394230769230769 0.08533653846153846 0.2776442307692308
0 0.3918269230769231 0.07211538461538461 0.17908653846153846 0.14302884615384615
0 0.7680288461538461 0.7920673076923077 0.12860576923076922 0.25721153846153844
0 0.078125 0.8461538461538461 0.07932692307692307 0.2536057692307692
0 0.23918269230769232 0.9002403846153846 0.17908653846153846 0.1971153846153846
0 0.4074519230769231 0.9110576923076923 0.1502403846153846 0.17548076923076922
0 0.5576923076923077 0.9146634615384616 0.17668269230769232 0.13942307692307693
0 0.09735576923076923 0.11899038461538461 0.07211538461538461 0.21033653846153846
0 0.4855769230769231 0.13341346153846154 0.22115384615384615 0.2668269230769231
0 0.14783653846153846 0.13701923076923078 0.07932692307692307 0.23918269230769232