0 0.7475961538461539 0.16826923076923078 0.13341346153846154 0.26322115384615385
0 0.5973557692307693 0.18028846153846154 0.09014423076923077 0.3425480769230769
0 0.796875 0.41225961538461536 0.09495192307692307 0.29927884615384615
0 0.24879807692307693 0.41466346153846156 0.09735576923076923 0.3401442307692308
0 0.10216346153846154 0.4963942307692308 0.13942307692307693 0.17668269230769232
0 0.7163461538461539 0.5757211538461539 0.11177884615384616 0.14783653846153846
0 0.7884615384615384 0.7103365384615384 0.07211538461538461 0.25721153846153844
0 0.6598557692307693 0.7956730769230769 0.1502403846153846 0.12860576923076922
0 0.7716346153846154 0.8305288461538461 0.06610576923076923 0.19831730769230768
0 0.09375 0.8509615384615384 0.05889423076923077 0.2403846153846154
0 0.5 0.875 0.1045673076923077 0.2439903846153846
0 0.1778846153846154 0.8942307692307693 0.0733173076923077 0.11658653846153846
0 0.6887019230769231 0.9026442307692307 0.15384615384615385 0.11899038461538461
0 0.2980769230769231 0.9411057692307693 0.1201923076923077 0.11298076923076923