0 0.49399038461538464 0.18629807692307693 0.15144230769230768 0.3401442307692308
0 0.20793269230769232 0.24639423076923078 0.17067307692307693 0.18269230769230768
0 0.09615384615384616 0.24879807692307693 0.06129807692307692 0.2980769230769231
0 0.7151442307692307 0.31971153846153844 0.10576923076923077 0.3581730769230769
0 0.7367788461538461 0.36177884615384615 0.15985576923076922 0.24759615384615385
0 0.8088942307692307 0.43028846153846156 0.04326923076923077 0.34975961538461536
0 0.3641826923076923 0.44350961538461536 0.21153846153846154 0.21514423076923078
0 0.7487980769230769 0.49158653846153844 0.12860576923076922 0.2620192307692308
0 0.7944711538461539 0.0625 0.08653846153846154 0.125
0 0.45072115384615385 0.6274038461538461 0.20552884615384615 0.22115384615384615
0 0.7848557692307693 0.671875 0.11538461538461539 0.234375
0 0.6887019230769231 0.6875 0.0829326923076923 0.23918269230769232
0 0.3641826923076923 0.7319711538461539 0.13942307692307693 0.265625
0 0.06850961538461539 0.7475961538461539 0.1045673076923077 0.30408653846153844
0 0.7439903846153846 0.8701923076923077 0.14302884615384615 0.17427884615384615
0 0.3269230769230769 0.8737980769230769 0.12620192307692307 0.1310096153846154
0 0.5024038461538461 0.9278846153846154 0.15985576923076922 0.14302884615384615
0 0.3449519230769231 0.9627403846153846 0.16105769230769232 0.06971153846153846
0 0.7608173076923077 0.13701923076923078 0.12860576923076922 0.25600961538461536
0 0.6526442307692307 0.13942307692307693 0.13701923076923078 0.2776442307692308