0 0.15504807692307693 0.21033653846153846 0.07451923076923077 0.3317307692307692
0 0.037259615384615384 0.22355769230769232 0.06129807692307692 0.2512019230769231
0 0.22596153846153846 0.2283653846153846 0.08413461538461539 0.3701923076923077
0 0.08173076923076923 0.23197115384615385 0.0733173076923077 0.3701923076923077
0 0.29927884615384615 0.27884615384615385 0.12740384615384615 0.3545673076923077
0 0.06610576923076923 0.47115384615384615 0.1141826923076923 0.27163461538461536
0 0.9483173076923077 0.5841346153846154 0.10216346153846154 0.1875
0 0.10817307692307693 0.6454326923076923 0.08774038461538461 0.20072115384615385
0 0.05048076923076923 0.6514423076923077 0.09375 0.29447115384615385
0 0.9399038461538461 0.7536057692307693 0.08173076923076923 0.20192307692307693
0 0.7764423076923077 0.7872596153846154 0.11298076923076923 0.2704326923076923
0 0.6514423076923077 0.08052884615384616 0.24639423076923078 0.15745192307692307
0 0.25240384615384615 0.8004807692307693 0.1201923076923077 0.234375
0 0.09014423076923077 0.8689903846153846 0.09495192307692307 0.2439903846153846
0 0.16826923076923078 0.8954326923076923 0.09134615384615384 0.16466346153846154
0 0.4182692307692308 0.9038461538461539 0.1814903846153846 0.18990384615384615
0 0.2704326923076923 0.9050480769230769 0.1622596153846154 0.1875
0 0.6862980769230769 0.9074519230769231 0.14543269230769232 0.15745192307692307
0 0.5540865384615384 0.9098557692307693 0.19591346153846154 0.1778846153846154
0 0.7956730769230769 0.09615384615384616 0.08774038461538461 0.17908653846153846
0 0.37259615384615385 0.10336538461538461 0.18389423076923078 0.20673076923076922
0 0.09014423076923077 0.1310096153846154 0.11538461538461539 0.2283653846153846