0 0.7716346153846154 0.140625 0.140625 0.28125
0 0.734375 0.1814903846153846 0.13942307692307693 0.2548076923076923
0 0.06009615384615385 0.19230769230769232 0.09615384615384616 0.34975961538461536
0 0.5036057692307693 0.19471153846153846 0.21875 0.28966346153846156
0 0.6826923076923077 0.25240384615384615 0.12259615384615384 0.34134615384615385
0 0.11778846153846154 0.2848557692307692 0.11298076923076923 0.3137019230769231
0 0.7584134615384616 0.3317307692307692 0.0889423076923077 0.3425480769230769
0 0.7908653846153846 0.4579326923076923 0.12379807692307693 0.2620192307692308
0 0.036057692307692304 0.5264423076923077 0.07091346153846154 0.27884615384615385
0 0.7788461538461539 0.7668269230769231 0.09254807692307693 0.30528846153846156
0 0.7199519230769231 0.8028846153846154 0.0829326923076923 0.2283653846153846
0 0.5384615384615384 0.8798076923076923 0.09134615384615384 0.23557692307692307
0 0.6682692307692307 0.8954326923076923 0.14302884615384615 0.11778846153846154
0 0.33774038461538464 0.8966346153846154 0.14423076923076922 0.20432692307692307
0 0.23677884615384615 0.9242788461538461 0.1346153846153846 0.14903846153846154