0 0.7992788461538461 0.14903846153846154 0.08413461538461539 0.2980769230769231
0 0.09014423076923077 0.16346153846153846 0.13822115384615385 0.2247596153846154
0 0.026442307692307692 0.35336538461538464 0.052884615384615384 0.2692307692307692
0 0.9651442307692307 0.3641826923076923 0.06850961538461539 0.12740384615384615
0 0.11177884615384616 0.42788461538461536 0.08173076923076923 0.33052884615384615
0 0.051682692307692304 0.45913461538461536 0.06129807692307692 0.3004807692307692
0 0.2608173076923077 0.055288461538461536 0.08653846153846154 0.109375
0 0.7980769230769231 0.5444711538461539 0.07692307692307693 0.31009615384615385
0 0.7584134615384616 0.6286057692307693 0.08173076923076923 0.34975961538461536
0 0.9675480769230769 0.6742788461538461 0.06370192307692307 0.2091346153846154
0 0.36538461538461536 0.6923076923076923 0.10096153846153846 0.28725961538461536
0 0.06009615384615385 0.7572115384615384 0.06490384615384616 0.234375
0 0.7800480769230769 0.8052884615384616 0.08774038461538461 0.20673076923076922
0 0.28125 0.8137019230769231 0.14903846153846154 0.13701923076923078
0 0.5745192307692307 0.828125 0.17307692307692307 0.19110576923076922
0 0.46153846153846156 0.9038461538461539 0.12620192307692307 0.18990384615384615
0 0.2620192307692308 0.9338942307692307 0.13822115384615385 0.125
0 0.6394230769230769 0.9338942307692307 0.1814903846153846 0.1310096153846154
0 0.3245192307692308 0.9423076923076923 0.16826923076923078 0.11057692307692307
0 0.15985576923076922 0.9495192307692307 0.13701923076923078 0.09615384615384616