0 0.11057692307692307 0.15625 0.12259615384615384 0.17668269230769232
0 0.703125 0.18629807692307693 0.07932692307692307 0.36177884615384615
0 0.53125 0.21514423076923078 0.18990384615384615 0.37740384615384615
0 0.04807692307692308 0.27884615384615385 0.09495192307692307 0.23317307692307693
0 0.037259615384615384 0.39903846153846156 0.07451923076923077 0.2860576923076923
0 0.019230769230769232 0.47596153846153844 0.038461538461538464 0.21153846153846154
0 0.3173076923076923 0.6165865384615384 0.14783653846153846 0.25
0 0.055288461538461536 0.6574519230769231 0.04567307692307692 0.19230769230769232
0 0.8125 0.6971153846153846 0.09975961538461539 0.2932692307692308
0 0.6826923076923077 0.8052884615384616 0.15264423076923078 0.21033653846153846
0 0.21514423076923078 0.8341346153846154 0.0889423076923077 0.14903846153846154
0 0.07451923076923077 0.8509615384615384 0.04567307692307692 0.19831730769230768
0 0.37740384615384615 0.8846153846153846 0.07692307692307693 0.22596153846153846
0 0.7548076923076923 0.9002403846153846 0.10576923076923077 0.15625
0 0.5024038461538461 0.9026442307692307 0.12980769230769232 0.18990384615384615
0 0.30649038461538464 0.921875 0.0889423076923077 0.15144230769230768
0 0.16947115384615385 0.9350961538461539 0.10336538461538461 0.125
0 0.6021634615384616 0.9375 0.15625 0.1201923076923077