0 0.08413461538461539 0.2091346153846154 0.09495192307692307 0.23918269230769232
0 0.30649038461538464 0.21394230769230768 0.08173076923076923 0.2980769230769231
0 0.23197115384615385 0.2536057692307692 0.09254807692307693 0.390625
0 0.04927884615384615 0.2776442307692308 0.07451923076923077 0.24519230769230768
0 0.052884615384615384 0.4639423076923077 0.07692307692307693 0.2920673076923077
0 0.7139423076923077 0.05048076923076923 0.13942307692307693 0.10096153846153846
0 0.09254807692307693 0.5144230769230769 0.0733173076923077 0.20552884615384615
0 0.9627403846153846 0.5276442307692307 0.056490384615384616 0.25841346153846156
0 0.7680288461538461 0.7800480769230769 0.1201923076923077 0.29086538461538464
0 0.3762019230769231 0.08653846153846154 0.1310096153846154 0.171875
0 0.41346153846153844 0.9146634615384616 0.1346153846153846 0.1658653846153846
0 0.5540865384615384 0.9242788461538461 0.17427884615384615 0.1502403846153846
0 0.265625 0.9290865384615384 0.13221153846153846 0.13701923076923078
0 0.7980769230769231 0.10817307692307693 0.09014423076923077 0.21514423076923078
0 0.14423076923076922 0.109375 0.06370192307692307 0.1875
0 0.49759615384615385 0.13581730769230768 0.1935096153846154 0.2127403846153846