0 0.7067307692307693 0.18028846153846154 0.12980769230769232 0.3425480769230769
0 0.7980769230769231 0.22716346153846154 0.0829326923076923 0.2956730769230769
0 0.03245192307692308 0.37740384615384615 0.06370192307692307 0.30649038461538464
0 0.24639423076923078 0.3870192307692308 0.11658653846153846 0.2704326923076923
0 0.7704326923076923 0.49399038461538464 0.09134615384615384 0.3161057692307692
0 0.40625 0.5108173076923077 0.17908653846153846 0.31490384615384615
0 0.06610576923076923 0.5432692307692307 0.11538461538461539 0.1935096153846154
0 0.3245192307692308 0.6550480769230769 0.18269230769230768 0.1875
0 0.052884615384615384 0.6862980769230769 0.054086538461538464 0.17307692307692307
0 0.7944711538461539 0.7548076923076923 0.06129807692307692 0.2980769230769231
0 0.6201923076923077 0.7680288461538461 0.23918269230769232 0.24158653846153846
0 0.7427884615384616 0.8341346153846154 0.0625 0.24639423076923078
0 0.203125 0.8882211538461539 0.10697115384615384 0.125
0 0.31009615384615385 0.8990384615384616 0.1346153846153846 0.1971153846153846
0 0.6213942307692307 0.90625 0.16826923076923078 0.15384615384615385
0 0.4206730769230769 0.9302884615384616 0.14903846153846154 0.1346153846153846