0 0.1201923076923077 0.15865384615384615 0.12860576923076922 0.28725961538461536
0 0.6538461538461539 0.16105769230769232 0.15625 0.32211538461538464
0 0.05048076923076923 0.21995192307692307 0.09495192307692307 0.3004807692307692
0 0.7752403846153846 0.22596153846153846 0.09495192307692307 0.140625
0 0.44350961538461536 0.2824519230769231 0.13341346153846154 0.33653846153846156
0 0.7704326923076923 0.35697115384615385 0.09134615384615384 0.29086538461538464
0 0.23076923076923078 0.390625 0.09014423076923077 0.3389423076923077
0 0.037259615384615384 0.4182692307692308 0.07451923076923077 0.2536057692307692
0 0.8149038461538461 0.4375 0.07211538461538461 0.2776442307692308
0 0.12860576923076922 0.4543269230769231 0.08413461538461539 0.26802884615384615
0 0.7175480769230769 0.6129807692307693 0.10697115384615384 0.33533653846153844
0 0.7992788461538461 0.6634615384615384 0.07211538461538461 0.3173076923076923
0 0.7451923076923077 0.7295673076923077 0.078125 0.2644230769230769
0 0.08533653846153846 0.7548076923076923 0.09495192307692307 0.2848557692307692
0 0.6983173076923077 0.8425480769230769 0.14302884615384615 0.1875
0 0.26322115384615385 0.8497596153846154 0.078125 0.2644230769230769
0 0.5216346153846154 0.8521634615384616 0.1814903846153846 0.1935096153846154
0 0.34375 0.9278846153846154 0.17427884615384615 0.14182692307692307
0 0.4891826923076923 0.9387019230769231 0.1778846153846154 0.12139423076923077
0 0.7608173076923077 0.09975961538461539 0.13822115384615385 0.17067307692307693