0 0.04927884615384615 0.19110576923076922 0.0985576923076923 0.19591346153846154
0 0.6790865384615384 0.20072115384615385 0.15625 0.4014423076923077
0 0.6430288461538461 0.24639423076923078 0.1201923076923077 0.39903846153846156
0 0.7620192307692307 0.30649038461538464 0.08173076923076923 0.28846153846153844
0 0.8161057692307693 0.34375 0.06129807692307692 0.3293269230769231
0 0.052884615384615384 0.39783653846153844 0.09375 0.20192307692307693
0 0.7451923076923077 0.5528846153846154 0.17668269230769232 0.234375
0 0.07932692307692307 0.5552884615384616 0.1141826923076923 0.12740384615384615
0 0.3269230769230769 0.6778846153846154 0.15985576923076922 0.28125
0 0.7764423076923077 0.6947115384615384 0.09014423076923077 0.27524038461538464
0 0.6213942307692307 0.7247596153846154 0.15264423076923078 0.140625
0 0.7043269230769231 0.7379807692307693 0.13822115384615385 0.15745192307692307
0 0.43149038461538464 0.7548076923076923 0.14302884615384615 0.2956730769230769
0 0.7932692307692307 0.8088942307692307 0.052884615384615384 0.23197115384615385
0 0.2704326923076923 0.8413461538461539 0.08173076923076923 0.23317307692307693
0 0.6394230769230769 0.8485576923076923 0.14423076923076922 0.11057692307692307
0 0.3605769230769231 0.8641826923076923 0.10216346153846154 0.2512019230769231
0 0.29086538461538464 0.8653846153846154 0.1310096153846154 0.17067307692307693
0 0.5733173076923077 0.8653846153846154 0.13341346153846154 0.19230769230769232
0 0.6995192307692307 0.9026442307692307 0.16346153846153846 0.18990384615384615
0 0.21995192307692307 0.9338942307692307 0.13701923076923078 0.1310096153846154
0 0.4639423076923077 0.9507211538461539 0.11899038461538461 0.09134615384615384
0 0.7427884615384616 0.11177884615384616 0.125 0.22355769230769232