0 0.12139423076923077 0.2704326923076923 0.11538461538461539 0.24879807692307693
0 0.4579326923076923 0.2764423076923077 0.18990384615384615 0.3245192307692308
0 0.19951923076923078 0.43149038461538464 0.1201923076923077 0.125
0 0.09615384615384616 0.4855769230769231 0.10697115384615384 0.29927884615384615
0 0.054086538461538464 0.6129807692307693 0.08052884615384616 0.20072115384615385
0 0.35216346153846156 0.8269230769230769 0.1658653846153846 0.14783653846153846
0 0.484375 0.8713942307692307 0.16826923076923078 0.23798076923076922
0 0.30649038461538464 0.8918269230769231 0.18990384615384615 0.18509615384615385
0 0.19230769230769232 0.9314903846153846 0.13221153846153846 0.1346153846153846
0 0.040865384615384616 0.1201923076923077 0.08173076923076923 0.2403846153846154
0 0.2548076923076923 0.12139423076923077 0.13701923076923078 0.22716346153846154