0 0.09975961538461539 0.18028846153846154 0.06971153846153846 0.3004807692307692
0 0.25600961538461536 0.1875 0.171875 0.12379807692307693
0 0.0733173076923077 0.3449519230769231 0.08533653846153846 0.2127403846153846
0 0.19110576923076922 0.38100961538461536 0.16706730769230768 0.22235576923076922
0 0.7836538461538461 0.47836538461538464 0.07692307692307693 0.21754807692307693
0 0.09375 0.5228365384615384 0.09254807692307693 0.1935096153846154
0 0.06850961538461539 0.5841346153846154 0.07211538461538461 0.18389423076923078
0 0.04326923076923077 0.6622596153846154 0.07211538461538461 0.21033653846153846
0 0.23197115384615385 0.8365384615384616 0.10216346153846154 0.23798076923076922
0 0.3317307692307692 0.9194711538461539 0.14903846153846154 0.15625
0 0.5817307692307693 0.9194711538461539 0.1875 0.15625