0 0.7007211538461539 0.2439903846153846 0.1502403846153846 0.22235576923076922
0 0.6117788461538461 0.33653846153846156 0.15384615384615385 0.31490384615384615
0 0.3942307692307692 0.3629807692307692 0.13581730769230768 0.36778846153846156
0 0.734375 0.5144230769230769 0.09615384615384616 0.46634615384615385
0 0.7896634615384616 0.5168269230769231 0.05048076923076923 0.3798076923076923
0 0.039663461538461536 0.6057692307692307 0.039663461538461536 0.2704326923076923
0 0.0829326923076923 0.6370192307692307 0.09615384615384616 0.22115384615384615
0 0.4735576923076923 0.6418269230769231 0.14783653846153846 0.22235576923076922
0 0.703125 0.6862980769230769 0.09134615384615384 0.18269230769230768
0 0.6502403846153846 0.7475961538461539 0.13822115384615385 0.18389423076923078
0 0.53125 0.7572115384615384 0.19951923076923078 0.15745192307692307
0 0.7019230769230769 0.8485576923076923 0.14182692307692307 0.125
0 0.4338942307692308 0.8689903846153846 0.10096153846153846 0.25961538461538464
0 0.3701923076923077 0.8713942307692307 0.07932692307692307 0.25600961538461536
0 0.49759615384615385 0.9050480769230769 0.14543269230769232 0.18629807692307693
0 0.6418269230769231 0.90625 0.14543269230769232 0.1502403846153846
0 0.23317307692307693 0.9314903846153846 0.15745192307692307 0.1346153846153846
0 0.5733173076923077 0.9399038461538461 0.12980769230769232 0.11658653846153846
0 0.6382211538461539 0.09495192307692307 0.18629807692307693 0.15625