0 0.06129807692307692 0.20072115384615385 0.10216346153846154 0.23677884615384615
0 0.8040865384615384 0.24278846153846154 0.09975961538461539 0.30649038461538464
0 0.025240384615384616 0.31971153846153844 0.05048076923076923 0.24519230769230768
0 0.7487980769230769 0.32572115384615385 0.13581730769230768 0.3473557692307692
0 0.12379807692307693 0.43509615384615385 0.0829326923076923 0.26802884615384615
0 0.7788461538461539 0.04567307692307692 0.09615384615384616 0.09134615384615384
0 0.3137019230769231 0.4963942307692308 0.1141826923076923 0.390625
0 0.7427884615384616 0.5336538461538461 0.09735576923076923 0.2980769230769231
0 0.7944711538461539 0.5913461538461539 0.07932692307692307 0.31009615384615385
0 0.6935096153846154 0.5961538461538461 0.06850961538461539 0.35336538461538464
0 0.06009615384615385 0.6622596153846154 0.07091346153846154 0.32091346153846156
0 0.7439903846153846 0.7860576923076923 0.13822115384615385 0.19110576923076922
0 0.09014423076923077 0.08533653846153846 0.13942307692307693 0.11057692307692307
0 0.6418269230769231 0.8581730769230769 0.16947115384615385 0.14302884615384615
0 0.3112980769230769 0.8942307692307693 0.11057692307692307 0.19230769230769232
0 0.2091346153846154 0.9098557692307693 0.10817307692307693 0.13581730769230768
0 0.4050480769230769 0.9278846153846154 0.12980769230769232 0.14302884615384615