0 0.7920673076923077 0.23798076923076922 0.11899038461538461 0.30408653846153844
0 0.15504807692307693 0.27163461538461536 0.12740384615384615 0.2776442307692308
0 0.7403846153846154 0.32091346153846156 0.14903846153846154 0.36778846153846156
0 0.7331730769230769 0.5144230769230769 0.11899038461538461 0.3425480769230769
0 0.0733173076923077 0.5504807692307693 0.12259615384615384 0.24879807692307693
0 0.7740384615384616 0.057692307692307696 0.14423076923076922 0.11538461538461539
0 0.8028846153846154 0.5817307692307693 0.08173076923076923 0.32091346153846156
0 0.3641826923076923 0.5877403846153846 0.19591346153846154 0.265625
0 0.6923076923076923 0.5913461538461539 0.08052884615384616 0.3713942307692308
0 0.052884615384615384 0.6574519230769231 0.08173076923076923 0.21875
0 0.29447115384615385 0.7572115384615384 0.09735576923076923 0.28846153846153844
0 0.07091346153846154 0.7728365384615384 0.07692307692307693 0.22235576923076922
0 0.7572115384615384 0.7908653846153846 0.12740384615384615 0.23317307692307693
0 0.6550480769230769 0.8088942307692307 0.13221153846153846 0.28365384615384615
0 0.5805288461538461 0.9110576923076923 0.18870192307692307 0.13581730769230768
0 0.39663461538461536 0.9206730769230769 0.1971153846153846 0.15504807692307693
0 0.22115384615384615 0.9314903846153846 0.14903846153846154 0.11538461538461539
0 0.06370192307692307 0.1045673076923077 0.12740384615384615 0.1778846153846154