0 0.7391826923076923 0.15745192307692307 0.12259615384615384 0.234375
0 0.7151442307692307 0.2980769230769231 0.13701923076923078 0.19230769230769232
0 0.6177884615384616 0.3112980769230769 0.1466346153846154 0.24639423076923078
0 0.37740384615384615 0.3161057692307692 0.1658653846153846 0.27524038461538464
0 0.7391826923076923 0.49399038461538464 0.10096153846153846 0.25961538461538464
0 0.7800480769230769 0.5372596153846154 0.052884615384615384 0.3088942307692308
0 0.4411057692307692 0.5480769230769231 0.125 0.16346153846153846
0 0.03485576923076923 0.5865384615384616 0.05889423076923077 0.22235576923076922
0 0.828125 0.6117788461538461 0.06490384615384616 0.2824519230769231
0 0.0733173076923077 0.640625 0.06610576923076923 0.21875
0 0.6502403846153846 0.7439903846153846 0.13822115384615385 0.203125
0 0.5396634615384616 0.7800480769230769 0.1814903846153846 0.13701923076923078
0 0.41947115384615385 0.8197115384615384 0.09254807692307693 0.2920673076923077
0 0.3581730769230769 0.8581730769230769 0.06490384615384616 0.2283653846153846
0 0.4855769230769231 0.8846153846153846 0.109375 0.15144230769230768
0 0.6213942307692307 0.9086538461538461 0.13221153846153846 0.14543269230769232
0 0.2403846153846154 0.921875 0.15865384615384615 0.15144230769230768
0 0.5661057692307693 0.9519230769230769 0.14182692307692307 0.09254807692307693
0 0.6237980769230769 0.11057692307692307 0.1622596153846154 0.16105769230769232