0 0.04326923076923077 0.2127403846153846 0.08533653846153846 0.18509615384615385
0 0.6923076923076923 0.21995192307692307 0.140625 0.3737980769230769
0 0.6634615384615384 0.2776442307692308 0.10576923076923077 0.3425480769230769
0 0.7704326923076923 0.2932692307692308 0.0829326923076923 0.34615384615384615
0 0.06129807692307692 0.38341346153846156 0.09375 0.22115384615384615
0 0.7451923076923077 0.5396634615384616 0.15985576923076922 0.2283653846153846
0 0.06971153846153846 0.5480769230769231 0.09975961538461539 0.17548076923076922
0 0.5060096153846154 0.6117788461538461 0.11899038461538461 0.15504807692307693
0 0.3112980769230769 0.6538461538461539 0.15625 0.35216346153846156
0 0.7620192307692307 0.6899038461538461 0.09014423076923077 0.2764423076923077
0 0.7223557692307693 0.6899038461538461 0.12139423076923077 0.2439903846153846
0 0.625 0.7199519230769231 0.15144230769230768 0.19831730769230768
0 0.42908653846153844 0.7524038461538461 0.1658653846153846 0.2764423076923077
0 0.8028846153846154 0.8197115384615384 0.06490384615384616 0.24639423076923078
0 0.6262019230769231 0.8329326923076923 0.1658653846153846 0.10576923076923077
0 0.24879807692307693 0.8413461538461539 0.05889423076923077 0.19951923076923078
0 0.5540865384615384 0.8557692307692307 0.12139423076923077 0.11658653846153846
0 0.30288461538461536 0.890625 0.15865384615384615 0.15144230769230768
0 0.3701923076923077 0.90625 0.10576923076923077 0.18269230769230768
0 0.6814903846153846 0.9086538461538461 0.16706730769230768 0.1814903846153846
0 0.1971153846153846 0.9278846153846154 0.11057692307692307 0.14302884615384615
0 0.4795673076923077 0.9338942307692307 0.1466346153846154 0.12740384615384615
0 0.7487980769230769 0.1141826923076923 0.10216346153846154 0.2283653846153846