0 0.8004807692307693 0.1466346153846154 0.07572115384615384 0.2932692307692308
0 0.13581730769230768 0.1466346153846154 0.14543269230769232 0.2608173076923077
0 0.6442307692307693 0.1875 0.08653846153846154 0.31490384615384615
0 0.7355769230769231 0.21153846153846154 0.13822115384615385 0.3713942307692308
0 0.0625 0.2403846153846154 0.125 0.26802884615384615
0 0.44711538461538464 0.3173076923076923 0.1045673076923077 0.3317307692307692
0 0.7139423076923077 0.36658653846153844 0.1141826923076923 0.32572115384615385
0 0.27884615384615385 0.3858173076923077 0.15625 0.33774038461538464
0 0.7836538461538461 0.40865384615384615 0.08653846153846154 0.33413461538461536
0 0.039663461538461536 0.5360576923076923 0.07932692307692307 0.3161057692307692
0 0.9375 0.5396634615384616 0.06370192307692307 0.2704326923076923
0 0.7932692307692307 0.65625 0.09134615384615384 0.28725961538461536
0 0.33653846153846156 0.6862980769230769 0.21875 0.20072115384615385
0 0.06850961538461539 0.7127403846153846 0.0733173076923077 0.2403846153846154
0 0.9338942307692307 0.7908653846153846 0.09615384615384616 0.13341346153846154
0 0.7512019230769231 0.8137019230769231 0.11899038461538461 0.18509615384615385
0 0.43509615384615385 0.8197115384615384 0.22355769230769232 0.1971153846153846
0 0.27403846153846156 0.8377403846153846 0.109375 0.2403846153846154
0 0.6814903846153846 0.8966346153846154 0.1502403846153846 0.15745192307692307
0 0.4326923076923077 0.9038461538461539 0.1658653846153846 0.171875
0 0.14423076923076922 0.9194711538461539 0.125 0.15625
0 0.5564903846153846 0.9338942307692307 0.14182692307692307 0.12740384615384615
0 0.5649038461538461 0.12379807692307693 0.14423076923076922 0.24759615384615385