0 0.640625 0.22716346153846154 0.140625 0.35336538461538464
0 0.0625 0.3088942307692308 0.09254807692307693 0.25961538461538464
0 0.7271634615384616 0.31850961538461536 0.11658653846153846 0.32572115384615385
0 0.8004807692307693 0.4074519230769231 0.08052884615384616 0.3233173076923077
0 0.9675480769230769 0.41225961538461536 0.06370192307692307 0.27163461538461536
0 0.08052884615384616 0.5168269230769231 0.1141826923076923 0.2512019230769231
0 0.039663461538461536 0.5805288461538461 0.07932692307692307 0.23197115384615385
0 0.328125 0.6766826923076923 0.16947115384615385 0.15384615384615385
0 0.5889423076923077 0.7379807692307693 0.14182692307692307 0.19951923076923078
0 0.21875 0.84375 0.10697115384615384 0.140625
0 0.46274038461538464 0.8725961538461539 0.07451923076923077 0.25
0 0.296875 0.8930288461538461 0.07572115384615384 0.2127403846153846
0 0.7139423076923077 0.9038461538461539 0.18269230769230768 0.1875
0 0.3605769230769231 0.9338942307692307 0.18269230769230768 0.12740384615384615
0 0.5709134615384616 0.9399038461538461 0.14783653846153846 0.11899038461538461
0 0.09735576923076923 0.09735576923076923 0.09254807692307693 0.1935096153846154
0 0.04326923076923077 0.11899038461538461 0.08533653846153846 0.23798076923076922