0 0.10216346153846154 0.24278846153846154 0.08653846153846154 0.27283653846153844
0 0.16947115384615385 0.24519230769230768 0.1346153846153846 0.23557692307692307
0 0.20072115384615385 0.24759615384615385 0.1658653846153846 0.13701923076923078
0 0.08533653846153846 0.3894230769230769 0.09014423076923077 0.27524038461538464
0 0.21995192307692307 0.40865384615384615 0.18990384615384615 0.1875
0 0.06850961538461539 0.5048076923076923 0.10336538461538461 0.17067307692307693
0 0.04447115384615385 0.6153846153846154 0.0889423076923077 0.23197115384615385
0 0.22956730769230768 0.08173076923076923 0.1622596153846154 0.1622596153846154
0 0.7091346153846154 0.8341346153846154 0.09134615384615384 0.3269230769230769
0 0.7355769230769231 0.8713942307692307 0.14543269230769232 0.16826923076923078
0 0.3954326923076923 0.875 0.09375 0.24519230769230768
0 0.24639423076923078 0.8834134615384616 0.13581730769230768 0.1935096153846154
0 0.5564903846153846 0.9278846153846154 0.18269230769230768 0.14302884615384615
0 0.3233173076923077 0.9278846153846154 0.1466346153846154 0.13942307692307693