0 0.0673076923076923 0.18990384615384615 0.11899038461538461 0.25841346153846156
0 0.7908653846153846 0.234375 0.0889423076923077 0.2920673076923077
0 0.7439903846153846 0.328125 0.15144230769230768 0.38100961538461536
0 0.734375 0.4891826923076923 0.08413461538461539 0.34134615384615385
0 0.8137019230769231 0.5829326923076923 0.06971153846153846 0.3233173076923077
0 0.7043269230769231 0.6009615384615384 0.09014423076923077 0.36538461538461536
0 0.06370192307692307 0.609375 0.07451923076923077 0.2536057692307692
0 0.7608173076923077 0.7704326923076923 0.11658653846153846 0.18870192307692307
0 0.6574519230769231 0.8677884615384616 0.1502403846153846 0.16466346153846154
0 0.328125 0.8942307692307693 0.10576923076923077 0.18990384615384615
0 0.21514423076923078 0.9182692307692307 0.1310096153846154 0.15985576923076922
0 0.4206730769230769 0.9230769230769231 0.17307692307692307 0.1502403846153846