0 0.0829326923076923 0.20673076923076922 0.0673076923076923 0.2704326923076923
0 0.039663461538461536 0.22115384615384615 0.046875 0.25600961538461536
0 0.21634615384615385 0.23197115384615385 0.09495192307692307 0.3629807692307692
0 0.296875 0.26802884615384615 0.11658653846153846 0.31490384615384615
0 0.7884615384615384 0.36658653846153844 0.10576923076923077 0.31971153846153844
0 0.06490384615384616 0.46033653846153844 0.09735576923076923 0.29927884615384615
0 0.039663461538461536 0.6622596153846154 0.07091346153846154 0.265625
0 0.7728365384615384 0.7896634615384616 0.09975961538461539 0.2704326923076923
0 0.6550480769230769 0.08533653846153846 0.20793269230769232 0.17067307692307693
0 0.26802884615384615 0.8834134615384616 0.13221153846153846 0.15144230769230768
0 0.6971153846153846 0.8978365384615384 0.13581730769230768 0.13221153846153846
0 0.5685096153846154 0.9050480769230769 0.16466346153846154 0.15144230769230768
0 0.4170673076923077 0.9122596153846154 0.14783653846153846 0.17427884615384615
0 0.36899038461538464 0.09254807692307693 0.18269230769230768 0.18509615384615385
0 0.29086538461538464 0.953125 0.15384615384615385 0.0889423076923077
0 0.11899038461538461 0.10576923076923077 0.09735576923076923 0.20793269230769232