0 0.7427884615384616 0.15504807692307693 0.11057692307692307 0.26322115384615385
0 0.7043269230769231 0.265625 0.14302884615384615 0.24158653846153846
0 0.625 0.3088942307692308 0.140625 0.27403846153846156
0 0.3858173076923077 0.3389423076923077 0.12980769230769232 0.28365384615384615
0 0.7151442307692307 0.49399038461538464 0.09375 0.3161057692307692
0 0.7728365384615384 0.5096153846153846 0.08774038461538461 0.2932692307692308
0 0.10817307692307693 0.5204326923076923 0.05889423076923077 0.14783653846153846
0 0.46875 0.5913461538461539 0.15504807692307693 0.21394230769230768
0 0.06009615384615385 0.609375 0.06850961538461539 0.24278846153846154
0 0.07572115384615384 0.6694711538461539 0.0673076923076923 0.3125
0 0.7560096153846154 0.7307692307692307 0.054086538461538464 0.18509615384615385
0 0.7091346153846154 0.7355769230769231 0.0733173076923077 0.25841346153846156
0 0.546875 0.7608173076923077 0.1814903846153846 0.14302884615384615
0 0.35336538461538464 0.8509615384615384 0.12860576923076922 0.2403846153846154
0 0.44350961538461536 0.8581730769230769 0.1045673076923077 0.2403846153846154
0 0.6298076923076923 0.890625 0.16826923076923078 0.15144230769230768
0 0.4831730769230769 0.8966346153846154 0.11298076923076923 0.16346153846153846
0 0.24639423076923078 0.9350961538461539 0.15144230769230768 0.125
0 0.5600961538461539 0.9471153846153846 0.17307692307692307 0.10096153846153846
0 0.6262019230769231 0.11177884615384616 0.17307692307692307 0.16346153846153846