0 0.0733173076923077 0.22115384615384615 0.09134615384615384 0.2283653846153846
0 0.07572115384615384 0.34615384615384615 0.0673076923076923 0.2644230769230769
0 0.328125 0.3870192307692308 0.07572115384615384 0.4230769230769231
0 0.04447115384615385 0.40625 0.0889423076923077 0.27403846153846156
0 0.15504807692307693 0.4170673076923077 0.12860576923076922 0.2800480769230769
0 0.04447115384615385 0.5769230769230769 0.0889423076923077 0.2800480769230769
0 0.4795673076923077 0.0673076923076923 0.11658653846153846 0.13341346153846154
0 0.5588942307692307 0.7259615384615384 0.17067307692307693 0.18990384615384615
0 0.7944711538461539 0.7596153846153846 0.08052884615384616 0.22355769230769232
0 0.36658653846153844 0.7932692307692307 0.14543269230769232 0.23557692307692307
0 0.5024038461538461 0.8677884615384616 0.09134615384615384 0.25961538461538464
0 0.18629807692307693 0.8713942307692307 0.14423076923076922 0.140625
0 0.28125 0.8774038461538461 0.06850961538461539 0.23557692307692307
0 0.6935096153846154 0.8810096153846154 0.1201923076923077 0.14783653846153846
0 0.41947115384615385 0.8882211538461539 0.16105769230769232 0.16105769230769232
0 0.5913461538461539 0.9050480769230769 0.12740384615384615 0.13822115384615385
0 0.10216346153846154 0.09495192307692307 0.08173076923076923 0.18509615384615385
0 0.7608173076923077 0.12620192307692307 0.15985576923076922 0.25240384615384615