0 0.796875 0.1658653846153846 0.11057692307692307 0.3125
0 0.4651442307692308 0.25240384615384615 0.1466346153846154 0.3137019230769231
0 0.06971153846153846 0.296875 0.0829326923076923 0.21514423076923078
0 0.734375 0.33052884615384615 0.10096153846153846 0.35096153846153844
0 0.41466346153846156 0.43990384615384615 0.11658653846153846 0.31850961538461536
0 0.8076923076923077 0.44471153846153844 0.10576923076923077 0.3137019230769231
0 0.06850961538461539 0.5240384615384616 0.12620192307692307 0.2932692307692308
0 0.3076923076923077 0.5504807692307693 0.18870192307692307 0.296875
0 0.1045673076923077 0.08413461538461539 0.09375 0.16826923076923078
0 0.2127403846153846 0.8425480769230769 0.1045673076923077 0.15144230769230768
0 0.5793269230769231 0.8497596153846154 0.12980769230769232 0.2956730769230769
0 0.46153846153846156 0.8617788461538461 0.09014423076923077 0.27524038461538464
0 0.7415865384615384 0.8629807692307693 0.16826923076923078 0.17427884615384615
0 0.3581730769230769 0.9278846153846154 0.15985576923076922 0.14302884615384615
0 0.21995192307692307 0.9290865384615384 0.10697115384615384 0.125
0 0.051682692307692304 0.10697115384615384 0.078125 0.17427884615384615