0 0.53125 0.19471153846153846 0.09975961538461539 0.29447115384615385
0 0.6286057692307693 0.19831730769230768 0.10336538461538461 0.3786057692307692
0 0.054086538461538464 0.20192307692307693 0.0829326923076923 0.24759615384615385
0 0.02403846153846154 0.31971153846153844 0.04807692307692308 0.17548076923076922
0 0.7992788461538461 0.359375 0.07692307692307693 0.35336538461538464
0 0.27403846153846156 0.4266826923076923 0.19110576923076922 0.23798076923076922
0 0.037259615384615384 0.5072115384615384 0.07451923076923077 0.23076923076923078
0 0.38822115384615385 0.6454326923076923 0.13822115384615385 0.203125
0 0.7860576923076923 0.7764423076923077 0.08653846153846154 0.2704326923076923
0 0.23677884615384615 0.8269230769230769 0.12860576923076922 0.12139423076923077
0 0.0985576923076923 0.828125 0.1141826923076923 0.22115384615384615
0 0.3713942307692308 0.8858173076923077 0.1466346153846154 0.14783653846153846
0 0.5661057692307693 0.9134615384615384 0.18990384615384615 0.14302884615384615
0 0.22355769230769232 0.9194711538461539 0.125 0.15625
0 0.6502403846153846 0.9314903846153846 0.12860576923076922 0.12980769230769232
0 0.36658653846153844 0.9627403846153846 0.1466346153846154 0.06971153846153846