0 0.7475961538461539 0.16346153846153846 0.17427884615384615 0.17668269230769232
0 0.4735576923076923 0.24278846153846154 0.15264423076923078 0.3473557692307692
0 0.02403846153846154 0.2704326923076923 0.046875 0.28725961538461536
0 0.3701923076923077 0.35096153846153844 0.07211538461538461 0.35096153846153844
0 0.8040865384615384 0.3870192307692308 0.07932692307692307 0.3401442307692308
0 0.051682692307692304 0.46153846153846156 0.09375 0.265625
0 0.734375 0.46875 0.13581730769230768 0.33533653846153844
0 0.13221153846153846 0.47836538461538464 0.07932692307692307 0.22235576923076922
0 0.7956730769230769 0.7127403846153846 0.07451923076923077 0.28125
0 0.7163461538461539 0.7752403846153846 0.10336538461538461 0.21995192307692307
0 0.22115384615384615 0.8317307692307693 0.1201923076923077 0.2283653846153846
0 0.5564903846153846 0.8485576923076923 0.1310096153846154 0.23557692307692307
0 0.6814903846153846 0.8942307692307693 0.13942307692307693 0.125
0 0.28846153846153844 0.9278846153846154 0.14903846153846154 0.13942307692307693
0 0.44591346153846156 0.9278846153846154 0.18028846153846154 0.13942307692307693
0 0.59375 0.11298076923076923 0.17427884615384615 0.22596153846153846