0 0.5913461538461539 0.15745192307692307 0.2283653846153846 0.234375
0 0.1201923076923077 0.19110576923076922 0.10576923076923077 0.15504807692307693
0 0.23918269230769232 0.2439903846153846 0.13221153846153846 0.27524038461538464
0 0.140625 0.33653846153846156 0.12379807692307693 0.19591346153846154
0 0.04807692307692308 0.37259615384615385 0.09615384615384616 0.2536057692307692
0 0.13822115384615385 0.4651442307692308 0.07211538461538461 0.21754807692307693
0 0.03245192307692308 0.4831730769230769 0.06370192307692307 0.2608173076923077
0 0.052884615384615384 0.6442307692307693 0.0733173076923077 0.21995192307692307
0 0.7896634615384616 0.6862980769230769 0.07091346153846154 0.2776442307692308
0 0.4266826923076923 0.6983173076923077 0.10216346153846154 0.2956730769230769
0 0.6009615384615384 0.8689903846153846 0.15865384615384615 0.25721153846153844
0 0.7283653846153846 0.8725961538461539 0.15865384615384615 0.17067307692307693
0 0.24759615384615385 0.9302884615384616 0.1201923076923077 0.1346153846153846
0 0.33533653846153844 0.9350961538461539 0.1466346153846154 0.125
0 0.7944711538461539 0.12379807692307693 0.1141826923076923 0.23677884615384615