0 0.15384615384615385 0.16706730769230768 0.12379807692307693 0.27163461538461536
0 0.09735576923076923 0.21514423076923078 0.08774038461538461 0.30408653846153844
0 0.7091346153846154 0.22716346153846154 0.1346153846153846 0.3545673076923077
0 0.7992788461538461 0.28725961538461536 0.09254807692307693 0.33774038461538464
0 0.056490384615384616 0.3786057692307692 0.07932692307692307 0.28725961538461536
0 0.125 0.4411057692307692 0.13942307692307693 0.15384615384615385
0 0.4170673076923077 0.609375 0.1658653846153846 0.25
0 0.05889423076923077 0.6454326923076923 0.08052884615384616 0.265625
0 0.7788461538461539 0.6694711538461539 0.09735576923076923 0.2668269230769231
0 0.5108173076923077 0.8798076923076923 0.11899038461538461 0.22716346153846154
0 0.7367788461538461 0.8858173076923077 0.14903846153846154 0.11778846153846154
0 0.3016826923076923 0.9399038461538461 0.15985576923076922 0.11658653846153846