0 0.4891826923076923 0.21033653846153846 0.21033653846153846 0.30528846153846156
0 0.796875 0.2548076923076923 0.0889423076923077 0.3317307692307692
0 0.040865384615384616 0.30288461538461536 0.08173076923076923 0.25600961538461536
0 0.21153846153846154 0.33653846153846156 0.12379807692307693 0.3076923076923077
0 0.3004807692307692 0.3954326923076923 0.1971153846153846 0.25
0 0.6935096153846154 0.41947115384615385 0.09615384615384616 0.390625
0 0.10817307692307693 0.42908653846153844 0.10576923076923077 0.3173076923076923
0 0.039663461538461536 0.5 0.07932692307692307 0.2800480769230769
0 0.06490384615384616 0.6418269230769231 0.051682692307692304 0.140625
0 0.3473557692307692 0.6730769230769231 0.09495192307692307 0.4026442307692308
0 0.7980769230769231 0.7872596153846154 0.10336538461538461 0.2932692307692308
0 0.6189903846153846 0.8449519230769231 0.14302884615384615 0.3088942307692308
0 0.6959134615384616 0.8617788461538461 0.109375 0.27524038461538464
0 0.7463942307692307 0.09375 0.11057692307692307 0.1875
0 0.171875 0.9302884615384616 0.11298076923076923 0.1346153846153846
0 0.42427884615384615 0.9411057692307693 0.13221153846153846 0.11298076923076923