0 0.7439903846153846 0.18389423076923078 0.10336538461538461 0.33533653846153844
0 0.6610576923076923 0.21754807692307693 0.05889423076923077 0.34134615384615385
0 0.06129807692307692 0.31971153846153844 0.12259615384615384 0.20673076923076922
0 0.7079326923076923 0.3485576923076923 0.09014423076923077 0.42788461538461536
0 0.17908653846153846 0.3798076923076923 0.07572115384615384 0.35096153846153844
0 0.8161057692307693 0.42788461538461536 0.07692307692307693 0.28125
0 0.328125 0.4831730769230769 0.1622596153846154 0.3016826923076923
0 0.040865384615384616 0.5612980769230769 0.0733173076923077 0.2283653846153846
0 0.8076923076923077 0.6959134615384616 0.0673076923076923 0.2692307692307692
0 0.07692307692307693 0.7512019230769231 0.0889423076923077 0.20552884615384615
0 0.6045673076923077 0.7692307692307693 0.1971153846153846 0.1502403846153846
0 0.4579326923076923 0.8209134615384616 0.19110576923076922 0.2127403846153846
0 0.6610576923076923 0.8846153846153846 0.12259615384615384 0.1814903846153846
0 0.7608173076923077 0.8870192307692307 0.11298076923076923 0.17307692307692307
0 0.2536057692307692 0.9278846153846154 0.1310096153846154 0.14302884615384615
0 0.4699519230769231 0.9302884615384616 0.12740384615384615 0.1346153846153846
0 0.5733173076923077 0.9411057692307693 0.14182692307692307 0.11298076923076923
0 0.5853365384615384 0.13701923076923078 0.10817307692307693 0.27403846153846156
0 0.7884615384615384 0.13822115384615385 0.0673076923076923 0.2764423076923077
0 0.12860576923076922 0.13701923076923078 0.13822115384615385 0.2283653846153846