0 0.042067307692307696 0.17668269230769232 0.08413461538461539 0.21514423076923078
0 0.11538461538461539 0.18629807692307693 0.1201923076923077 0.2980769230769231
0 0.14903846153846154 0.36778846153846156 0.09975961538461539 0.3233173076923077
0 0.7860576923076923 0.38822115384615385 0.13581730769230768 0.28846153846153844
0 0.046875 0.453125 0.07692307692307693 0.21634615384615385
0 0.7632211538461539 0.48197115384615385 0.13221153846153846 0.2860576923076923
0 0.7259615384615384 0.5276442307692307 0.109375 0.26322115384615385
0 0.07572115384615384 0.5685096153846154 0.078125 0.234375
0 0.7079326923076923 0.5961538461538461 0.08533653846153846 0.15384615384615385
0 0.04567307692307692 0.7163461538461539 0.08774038461538461 0.25721153846153844
0 0.671875 0.734375 0.15865384615384615 0.15144230769230768
0 0.7920673076923077 0.7596153846153846 0.0625 0.25961538461538464
0 0.7487980769230769 0.7848557692307693 0.0625 0.22716346153846154
0 0.6694711538461539 0.8581730769230769 0.14423076923076922 0.12620192307692307
0 0.30408653846153844 0.8713942307692307 0.14302884615384615 0.19591346153846154
0 0.5733173076923077 0.8834134615384616 0.055288461538461536 0.2283653846153846
0 0.19951923076923078 0.8894230769230769 0.10216346153846154 0.19591346153846154