0 0.054086538461538464 0.22355769230769232 0.09495192307692307 0.16346153846153846
0 0.02403846153846154 0.34975961538461536 0.04807692307692308 0.28846153846153844
0 0.6887019230769231 0.3713942307692308 0.19951923076923078 0.23798076923076922
0 0.2439903846153846 0.40865384615384615 0.11057692307692307 0.22716346153846154
0 0.7415865384615384 0.4963942307692308 0.08653846153846154 0.30288461538461536
0 0.37259615384615385 0.5 0.18629807692307693 0.17908653846153846
0 0.7884615384615384 0.5048076923076923 0.09134615384615384 0.3545673076923077
0 0.08653846153846154 0.5504807692307693 0.09375 0.13221153846153846
0 0.052884615384615384 0.6490384615384616 0.10576923076923077 0.28365384615384615
0 0.3233173076923077 0.6802884615384616 0.14543269230769232 0.28125
0 0.4182692307692308 0.7103365384615384 0.15264423076923078 0.2283653846153846
0 0.7259615384615384 0.7896634615384616 0.17427884615384615 0.203125
0 0.49038461538461536 0.9134615384615384 0.18269230769230768 0.15384615384615385
0 0.35096153846153844 0.9266826923076923 0.13221153846153846 0.14423076923076922
0 0.203125 0.9399038461538461 0.12379807692307693 0.11658653846153846
0 0.11778846153846154 0.09615384615384616 0.08413461538461539 0.19110576923076922