0 0.21634615384615385 0.18509615384615385 0.1346153846153846 0.2127403846153846
0 0.6298076923076923 0.22235576923076922 0.17548076923076922 0.34975961538461536
0 0.04807692307692308 0.3112980769230769 0.08653846153846154 0.2704326923076923
0 0.21033653846153846 0.359375 0.12980769230769232 0.20673076923076922
0 0.2860576923076923 0.41346153846153844 0.15504807692307693 0.20432692307692307
0 0.7908653846153846 0.43990384615384615 0.10817307692307693 0.3329326923076923
0 0.03125 0.5264423076923077 0.0625 0.2704326923076923
0 0.4411057692307692 0.6141826923076923 0.1466346153846154 0.27884615384615385
0 0.33774038461538464 0.6490384615384616 0.09735576923076923 0.3629807692307692
0 0.7764423076923077 0.8293269230769231 0.08774038461538461 0.23798076923076922
0 0.27403846153846156 0.9278846153846154 0.14423076923076922 0.13942307692307693
0 0.43149038461538464 0.9411057692307693 0.17067307692307693 0.11298076923076923