0 0.5288461538461539 0.18028846153846154 0.11177884615384616 0.3557692307692308
0 0.6887019230769231 0.3233173076923077 0.14423076923076922 0.28125
0 0.3605769230769231 0.5685096153846154 0.171875 0.17307692307692307
0 0.037259615384615384 0.5757211538461539 0.0733173076923077 0.25841346153846156
0 0.08413461538461539 0.6081730769230769 0.07211538461538461 0.2403846153846154
0 0.4723557692307692 0.6550480769230769 0.11899038461538461 0.13822115384615385
0 0.6826923076923077 0.6610576923076923 0.10336538461538461 0.171875
0 0.7788461538461539 0.7548076923076923 0.08052884615384616 0.2620192307692308
0 0.27524038461538464 0.7572115384615384 0.1201923076923077 0.28846153846153844
0 0.6694711538461539 0.09254807692307693 0.14302884615384615 0.18509615384615385
0 0.7007211538461539 0.9194711538461539 0.1658653846153846 0.15625
0 0.1658653846153846 0.921875 0.1346153846153846 0.11658653846153846
0 0.30288461538461536 0.9411057692307693 0.13942307692307693 0.11298076923076923
0 0.7632211538461539 0.10336538461538461 0.11057692307692307 0.20552884615384615