0 0.7475961538461539 0.14182692307692307 0.10336538461538461 0.28365384615384615
0 0.7992788461538461 0.15504807692307693 0.10817307692307693 0.31009615384615385
0 0.17067307692307693 0.17908653846153846 0.11538461538461539 0.35216346153846156
0 0.09014423076923077 0.3173076923076923 0.09375 0.35216346153846156
0 0.7223557692307693 0.421875 0.11899038461538461 0.29927884615384615
0 0.7932692307692307 0.546875 0.10096153846153846 0.3641826923076923
0 0.04927884615384615 0.5817307692307693 0.09735576923076923 0.3629807692307692
0 0.7752403846153846 0.78125 0.10096153846153846 0.2704326923076923
0 0.7223557692307693 0.8341346153846154 0.109375 0.171875
0 0.20432692307692307 0.9170673076923077 0.125 0.1622596153846154
0 0.4026442307692308 0.9194711538461539 0.15384615384615385 0.15865384615384615
0 0.5985576923076923 0.9278846153846154 0.20192307692307693 0.13942307692307693
0 0.2764423076923077 0.9338942307692307 0.1502403846153846 0.1310096153846154