0 0.8209134615384616 0.16826923076923078 0.10336538461538461 0.33052884615384615
0 0.4362980769230769 0.25961538461538464 0.07932692307692307 0.3641826923076923
0 0.7199519230769231 0.33052884615384615 0.09495192307692307 0.3389423076923077
0 0.8149038461538461 0.38461538461538464 0.08052884615384616 0.31009615384615385
0 0.078125 0.5264423076923077 0.10216346153846154 0.26802884615384615
0 0.41346153846153844 0.6983173076923077 0.10096153846153846 0.28846153846153844
0 0.5492788461538461 0.7848557692307693 0.09254807692307693 0.20192307692307693
0 0.7283653846153846 0.8341346153846154 0.08052884615384616 0.3293269230769231
0 0.28966346153846156 0.8978365384615384 0.0673076923076923 0.17908653846153846
0 0.3858173076923077 0.9399038461538461 0.11298076923076923 0.11658653846153846
0 0.1201923076923077 0.109375 0.08653846153846154 0.19471153846153846
0 0.04567307692307692 0.11538461538461539 0.09014423076923077 0.18870192307692307