0 0.7283653846153846 0.15504807692307693 0.11057692307692307 0.31009615384615385
0 0.9615384615384616 0.15745192307692307 0.07451923076923077 0.27163461538461536
0 0.45072115384615385 0.23557692307692307 0.12379807692307693 0.34134615384615385
0 0.6610576923076923 0.35336538461538464 0.19951923076923078 0.2403846153846154
0 0.8040865384615384 0.36658653846153844 0.09735576923076923 0.328125
0 0.19471153846153846 0.3786057692307692 0.1201923076923077 0.296875
0 0.06129807692307692 0.3918269230769231 0.0985576923076923 0.3545673076923077
0 0.8100961538461539 0.46274038461538464 0.10096153846153846 0.2764423076923077
0 0.052884615384615384 0.6298076923076923 0.10576923076923077 0.328125
0 0.5528846153846154 0.6586538461538461 0.1971153846153846 0.14182692307692307
0 0.9579326923076923 0.6778846153846154 0.07451923076923077 0.16706730769230768
0 0.7908653846153846 0.7920673076923077 0.0673076923076923 0.2764423076923077
0 0.09975961538461539 0.859375 0.0829326923076923 0.18269230769230768
0 0.7127403846153846 0.890625 0.14302884615384615 0.13701923076923078
0 0.47475961538461536 0.9170673076923077 0.1778846153846154 0.1622596153846154
0 0.6105769230769231 0.9338942307692307 0.15865384615384615 0.10817307692307693
0 0.21153846153846154 0.953125 0.15745192307692307 0.09134615384615384
0 0.8088942307692307 0.12379807692307693 0.09495192307692307 0.24639423076923078