0 0.11658653846153846 0.14903846153846154 0.13581730769230768 0.18870192307692307
0 0.4266826923076923 0.36538461538461536 0.11658653846153846 0.36538461538461536
0 0.1466346153846154 0.3858173076923077 0.13581730769230768 0.2127403846153846
0 0.7896634615384616 0.4182692307692308 0.11658653846153846 0.3112980769230769
0 0.04447115384615385 0.453125 0.0889423076923077 0.22115384615384615
0 0.03245192307692308 0.6442307692307693 0.06490384615384616 0.2283653846153846
0 0.7836538461538461 0.6586538461538461 0.1045673076923077 0.2920673076923077
0 0.38461538461538464 0.7860576923076923 0.2091346153846154 0.23317307692307693
0 0.7884615384615384 0.08653846153846154 0.09495192307692307 0.171875
0 0.25721153846153844 0.8786057692307693 0.11177884615384616 0.22596153846153846
0 0.7127403846153846 0.12379807692307693 0.1502403846153846 0.24759615384615385