0 0.5973557692307693 0.1814903846153846 0.11177884615384616 0.3629807692307692
0 0.7235576923076923 0.24278846153846154 0.09375 0.34975961538461536
0 0.3269230769230769 0.2776442307692308 0.09375 0.2824519230769231
0 0.04326923076923077 0.29927884615384615 0.08533653846153846 0.28846153846153844
0 0.7776442307692307 0.4254807692307692 0.109375 0.31850961538461536
0 0.2704326923076923 0.4651442307692308 0.12379807692307693 0.23076923076923078
0 0.11658653846153846 0.47596153846153844 0.10697115384615384 0.28125
0 0.40024038461538464 0.5216346153846154 0.1971153846153846 0.1502403846153846
0 0.04447115384615385 0.5612980769230769 0.078125 0.21514423076923078
0 0.8088942307692307 0.6646634615384616 0.06490384615384616 0.2980769230769231
0 0.7427884615384616 0.7620192307692307 0.07932692307692307 0.3112980769230769
0 0.29927884615384615 0.7824519230769231 0.12980769230769232 0.2403846153846154
0 0.09254807692307693 0.8341346153846154 0.0733173076923077 0.21033653846153846
0 0.22596153846153846 0.8449519230769231 0.14543269230769232 0.15625
0 0.6598557692307693 0.9038461538461539 0.13701923076923078 0.14903846153846154
0 0.4855769230769231 0.9206730769230769 0.14543269230769232 0.06490384615384616
0 0.3425480769230769 0.9447115384615384 0.12860576923076922 0.09975961538461539
0 0.7512019230769231 0.11778846153846154 0.16706730769230768 0.23557692307692307
0 0.06971153846153846 0.12139423076923077 0.09975961538461539 0.24278846153846154