0 0.057692307692307696 0.296875 0.11538461538461539 0.27163461538461536
0 0.9759615384615384 0.3629807692307692 0.046875 0.22956730769230768
0 0.03125 0.3798076923076923 0.06129807692307692 0.265625
0 0.41225961538461536 0.3894230769230769 0.11778846153846154 0.4110576923076923
0 0.6923076923076923 0.40024038461538464 0.18509615384615385 0.1310096153846154
0 0.8100961538461539 0.5096153846153846 0.07572115384615384 0.3858173076923077
0 0.7439903846153846 0.5216346153846154 0.09975961538461539 0.30528846153846156
0 0.109375 0.5336538461538461 0.17548076923076922 0.15745192307692307
0 0.04807692307692308 0.6213942307692307 0.08533653846153846 0.28125
0 0.7487980769230769 0.06490384615384616 0.15264423076923078 0.12980769230769232
0 0.6286057692307693 0.7391826923076923 0.125 0.20072115384615385
0 0.9254807692307693 0.7764423076923077 0.07692307692307693 0.21153846153846154
0 0.8004807692307693 0.7776442307692307 0.10336538461538461 0.3088942307692308
0 0.09134615384615384 0.8653846153846154 0.08533653846153846 0.21634615384615385
0 0.625 0.9122596153846154 0.19591346153846154 0.17307692307692307
0 0.34975961538461536 0.9302884615384616 0.17668269230769232 0.13581730769230768
0 0.23076923076923078 0.9375 0.13221153846153846 0.12259615384615384
0 0.4951923076923077 0.9375 0.15745192307692307 0.12259615384615384
0 0.12139423076923077 0.109375 0.12860576923076922 0.18629807692307693