0 0.5576923076923077 0.21634615384615385 0.21875 0.2127403846153846
0 0.9627403846153846 0.33653846153846156 0.06490384615384616 0.2920673076923077
0 0.09375 0.3629807692307692 0.09615384615384616 0.3269230769230769
0 0.8221153846153846 0.40024038461538464 0.07692307692307693 0.34134615384615385
0 0.04326923076923077 0.4230769230769231 0.08533653846153846 0.3449519230769231
0 0.7391826923076923 0.4723557692307692 0.1310096153846154 0.3701923076923077
0 0.9507211538461539 0.6382211538461539 0.0733173076923077 0.2704326923076923
0 0.3269230769230769 0.6394230769230769 0.15865384615384615 0.26322115384615385
0 0.8161057692307693 0.7103365384615384 0.07211538461538461 0.2848557692307692
0 0.37740384615384615 0.7475961538461539 0.17548076923076922 0.22956730769230768
0 0.6081730769230769 0.7800480769230769 0.19591346153846154 0.16466346153846154
0 0.5132211538461539 0.7872596153846154 0.15144230769230768 0.2824519230769231
0 0.4675480769230769 0.08413461538461539 0.2091346153846154 0.16826923076923078
0 0.7596153846153846 0.8341346153846154 0.08774038461538461 0.265625
0 0.4074519230769231 0.8966346153846154 0.15985576923076922 0.18629807692307693
0 0.6899038461538461 0.9002403846153846 0.14543269230769232 0.18269230769230768
0 0.7463942307692307 0.11658653846153846 0.17067307692307693 0.23317307692307693