0 0.07091346153846154 0.16947115384615385 0.14182692307692307 0.19110576923076922
0 0.6237980769230769 0.17668269230769232 0.09615384615384616 0.35336538461538464
0 0.5192307692307693 0.18269230769230768 0.09254807692307693 0.3545673076923077
0 0.07451923076923077 0.3629807692307692 0.08533653846153846 0.2512019230769231
0 0.8088942307692307 0.37259615384615385 0.10096153846153846 0.3870192307692308
0 0.03245192307692308 0.49759615384615385 0.06490384615384616 0.32211538461538464
0 0.27524038461538464 0.5012019230769231 0.18509615384615385 0.2704326923076923
0 0.4675480769230769 0.625 0.11778846153846154 0.19471153846153846
0 0.9663461538461539 0.6610576923076923 0.06610576923076923 0.2668269230769231
0 0.6646634615384616 0.7295673076923077 0.1658653846153846 0.17908653846153846
0 0.7980769230769231 0.7896634615384616 0.057692307692307696 0.30528846153846156
0 0.0733173076923077 0.8088942307692307 0.051682692307692304 0.203125
0 0.7512019230769231 0.8353365384615384 0.06490384615384616 0.27884615384615385
0 0.25 0.8641826923076923 0.1201923076923077 0.15144230769230768
0 0.3557692307692308 0.8810096153846154 0.17307692307692307 0.14783653846153846
0 0.7980769230769231 0.09134615384615384 0.0733173076923077 0.18269230769230768
0 0.6622596153846154 0.9302884615384616 0.1310096153846154 0.13701923076923078
0 0.4230769230769231 0.953125 0.16346153846153846 0.09134615384615384
0 0.28365384615384615 0.9591346153846154 0.14302884615384615 0.07932692307692307
0 0.03485576923076923 0.12860576923076922 0.06490384615384616 0.21875