0 0.15504807692307693 0.18509615384615385 0.14423076923076922 0.29447115384615385
0 0.7247596153846154 0.25 0.14182692307692307 0.4014423076923077
0 0.12620192307692307 0.2536057692307692 0.12379807692307693 0.36899038461538464
0 0.8064903846153846 0.3161057692307692 0.07692307692307693 0.4230769230769231
0 0.953125 0.3233173076923077 0.052884615384615384 0.3269230769230769
0 0.06610576923076923 0.38221153846153844 0.08173076923076923 0.28846153846153844
0 0.4170673076923077 0.6153846153846154 0.18389423076923078 0.28846153846153844
0 0.052884615384615384 0.65625 0.07692307692307693 0.265625
0 0.7896634615384616 0.6694711538461539 0.078125 0.29086538461538464
0 0.7415865384615384 0.8677884615384616 0.171875 0.11538461538461539
0 0.29447115384615385 0.9350961538461539 0.14302884615384615 0.12740384615384615
0 0.43028846153846156 0.9543269230769231 0.16346153846153846 0.0889423076923077