0 0.7704326923076923 0.13942307692307693 0.15865384615384615 0.22716346153846154
0 0.18389423076923078 0.21634615384615385 0.16346153846153846 0.203125
0 0.10216346153846154 0.28846153846153844 0.0829326923076923 0.2932692307692308
0 0.703125 0.32211538461538464 0.13822115384615385 0.3425480769230769
0 0.04927884615384615 0.3317307692307692 0.08173076923076923 0.26802884615384615
0 0.7716346153846154 0.3473557692307692 0.11899038461538461 0.2439903846153846
0 0.8100961538461539 0.3858173076923077 0.07211538461538461 0.3581730769230769
0 0.36899038461538464 0.45072115384615385 0.16826923076923078 0.3389423076923077
0 0.7439903846153846 0.5060096153846154 0.12139423076923077 0.265625
0 0.45552884615384615 0.6213942307692307 0.20552884615384615 0.171875
0 0.6778846153846154 0.6514423076923077 0.09975961538461539 0.28846153846153844
0 0.7776442307692307 0.6899038461538461 0.11177884615384616 0.2247596153846154
0 0.3942307692307692 0.7680288461538461 0.16105769230769232 0.1971153846153846
0 0.0829326923076923 0.7764423076923077 0.09735576923076923 0.3713942307692308
0 0.3449519230769231 0.8605769230769231 0.17668269230769232 0.14182692307692307
0 0.7259615384615384 0.8737980769230769 0.15745192307692307 0.15865384615384615
0 0.2548076923076923 0.8798076923076923 0.10096153846153846 0.23557692307692307
0 0.4951923076923077 0.9362980769230769 0.12860576923076922 0.12620192307692307
0 0.3557692307692308 0.9675480769230769 0.1310096153846154 0.06129807692307692
0 0.6358173076923077 0.1310096153846154 0.1502403846153846 0.2620192307692308