0 0.11177884615384616 0.1658653846153846 0.0625 0.2920673076923077
0 0.5420673076923077 0.17908653846153846 0.10576923076923077 0.3581730769230769
0 0.06850961538461539 0.18389423076923078 0.07692307692307693 0.3076923076923077
0 0.25961538461538464 0.3449519230769231 0.18269230769230768 0.2127403846153846
0 0.7307692307692307 0.3629807692307692 0.109375 0.4074519230769231
0 0.40024038461538464 0.41947115384615385 0.16706730769230768 0.2512019230769231
0 0.06129807692307692 0.43149038461538464 0.1045673076923077 0.2824519230769231
0 0.2692307692307692 0.4543269230769231 0.1971153846153846 0.265625
0 0.7956730769230769 0.49278846153846156 0.07451923076923077 0.3557692307692308
0 0.7091346153846154 0.6346153846153846 0.09615384615384616 0.19591346153846154
0 0.4723557692307692 0.6790865384615384 0.11177884615384616 0.35336538461538464
0 0.27524038461538464 0.7536057692307693 0.15144230769230768 0.1814903846153846
0 0.7536057692307693 0.8016826923076923 0.12259615384615384 0.265625
0 0.29447115384615385 0.8846153846153846 0.16466346153846154 0.1466346153846154
0 0.6598557692307693 0.9158653846153846 0.11778846153846154 0.16346153846153846
0 0.45552884615384615 0.9338942307692307 0.11778846153846154 0.12740384615384615
0 0.5564903846153846 0.9338942307692307 0.12259615384615384 0.12740384615384615
0 0.3173076923076923 0.9507211538461539 0.15384615384615385 0.09375
0 0.15745192307692307 0.12259615384615384 0.07091346153846154 0.22115384615384615