0 0.5709134615384616 0.19591346153846154 0.08653846153846154 0.30288461538461536
0 0.796875 0.22596153846153846 0.07932692307692307 0.2932692307692308
0 0.7451923076923077 0.32211538461538464 0.12139423076923077 0.3269230769230769
0 0.7463942307692307 0.5276442307692307 0.09014423076923077 0.328125
0 0.07451923076923077 0.5564903846153846 0.10817307692307693 0.1502403846153846
0 0.6850961538461539 0.5576923076923077 0.08052884615384616 0.31850961538461536
0 0.8028846153846154 0.5913461538461539 0.08173076923076923 0.30288461538461536
0 0.30528846153846156 0.7355769230769231 0.15504807692307693 0.2644230769230769
0 0.6694711538461539 0.7668269230769231 0.14302884615384615 0.23798076923076922
0 0.7439903846153846 0.7740384615384616 0.08774038461538461 0.23798076923076922
0 0.6081730769230769 0.8990384615384616 0.16346153846153846 0.1971153846153846
0 0.4206730769230769 0.9338942307692307 0.15384615384615385 0.12740384615384615
0 0.21153846153846154 0.9411057692307693 0.12980769230769232 0.11298076923076923