0 0.0829326923076923 0.20432692307692307 0.12980769230769232 0.23317307692307693
0 0.3245192307692308 0.21634615384615385 0.14543269230769232 0.31009615384615385
0 0.24278846153846154 0.23557692307692307 0.13581730769230768 0.375
0 0.06009615384615385 0.2848557692307692 0.09495192307692307 0.24519230769230768
0 0.046875 0.4879807692307692 0.07091346153846154 0.33653846153846156
0 0.09134615384615384 0.5324519230769231 0.08173076923076923 0.22235576923076922
0 0.9555288461538461 0.5444711538461539 0.06009615384615385 0.2439903846153846
0 0.7151442307692307 0.0625 0.234375 0.125
0 0.04927884615384615 0.640625 0.09735576923076923 0.2620192307692308
0 0.765625 0.7776442307692307 0.11899038461538461 0.2932692307692308
0 0.38221153846153844 0.0829326923076923 0.140625 0.1658653846153846
0 0.07932692307692307 0.8605769230769231 0.07932692307692307 0.21033653846153846
0 0.2692307692307692 0.90625 0.1346153846153846 0.17908653846153846
0 0.20432692307692307 0.9086538461538461 0.11538461538461539 0.17908653846153846
0 0.41466346153846156 0.9122596153846154 0.16105769230769232 0.17067307692307693
0 0.5576923076923077 0.9254807692307693 0.1875 0.1466346153846154
0 0.15264423076923078 0.11658653846153846 0.08173076923076923 0.19591346153846154
0 0.10336538461538461 0.12379807692307693 0.07572115384615384 0.2247596153846154
0 0.47475961538461536 0.1310096153846154 0.23317307692307693 0.2620192307692308