0 0.06610576923076923 0.16947115384615385 0.09134615384615384 0.18269230769230768
0 0.027644230769230768 0.34375 0.055288461538461536 0.24639423076923078
0 0.7007211538461539 0.3713942307692308 0.17427884615384615 0.21033653846153846
0 0.24519230769230768 0.4254807692307692 0.11778846153846154 0.23557692307692307
0 0.3641826923076923 0.44591346153846156 0.16947115384615385 0.22115384615384615
0 0.8052884615384616 0.4987980769230769 0.04927884615384615 0.3401442307692308
0 0.7475961538461539 0.5012019230769231 0.07572115384615384 0.3161057692307692
0 0.0889423076923077 0.5709134615384616 0.1141826923076923 0.15264423076923078
0 0.04567307692307692 0.6141826923076923 0.078125 0.27163461538461536
0 0.3485576923076923 0.6875 0.19230769230769232 0.3004807692307692
0 0.6141826923076923 0.7295673076923077 0.09735576923076923 0.21153846153846154
0 0.7752403846153846 0.8581730769230769 0.11899038461538461 0.21153846153846154
0 0.7103365384615384 0.9086538461538461 0.13822115384615385 0.14543269230769232
0 0.515625 0.9158653846153846 0.18990384615384615 0.16346153846153846
0 0.19230769230769232 0.9182692307692307 0.1346153846153846 0.15865384615384615
0 0.3557692307692308 0.9314903846153846 0.16346153846153846 0.13221153846153846
0 0.10216346153846154 0.09615384615384616 0.10576923076923077 0.1875