0 0.6550480769230769 0.1502403846153846 0.171875 0.3004807692307692
0 0.19230769230769232 0.22956730769230768 0.18028846153846154 0.21995192307692307
0 0.08774038461538461 0.23798076923076922 0.09495192307692307 0.375
0 0.7211538461538461 0.30288461538461536 0.11298076923076923 0.2824519230769231
0 0.7704326923076923 0.3473557692307692 0.10216346153846154 0.23918269230769232
0 0.7451923076923077 0.47596153846153844 0.10336538461538461 0.2536057692307692
0 0.421875 0.6213942307692307 0.1935096153846154 0.17668269230769232
0 0.6838942307692307 0.6274038461538461 0.09975961538461539 0.31850961538461536
0 0.7728365384615384 0.6766826923076923 0.13942307692307693 0.23197115384615385
0 0.06490384615384616 0.6814903846153846 0.07451923076923077 0.171875
0 0.39903846153846156 0.7644230769230769 0.19831730769230768 0.23317307692307693
0 0.7151442307692307 0.8449519230769231 0.09375 0.08173076923076923
0 0.22596153846153846 0.9098557692307693 0.12980769230769232 0.17548076923076922
0 0.4579326923076923 0.9242788461538461 0.17307692307692307 0.1502403846153846
0 0.35216346153846156 0.9278846153846154 0.15144230769230768 0.13942307692307693
0 0.7644230769230769 0.12860576923076922 0.1201923076923077 0.21033653846153846