0 0.06610576923076923 0.14903846153846154 0.07692307692307693 0.2608173076923077
0 0.22355769230769232 0.1622596153846154 0.12379807692307693 0.2932692307692308
0 0.1201923076923077 0.2848557692307692 0.07572115384615384 0.2920673076923077
0 0.6887019230769231 0.32211538461538464 0.1310096153846154 0.32211538461538464
0 0.054086538461538464 0.359375 0.0889423076923077 0.3004807692307692
0 0.203125 0.3954326923076923 0.13701923076923078 0.20192307692307693
0 0.09495192307692307 0.5144230769230769 0.0889423076923077 0.2536057692307692
0 0.057692307692307696 0.6370192307692307 0.0829326923076923 0.22115384615384615
0 0.9483173076923077 0.7271634615384616 0.0673076923076923 0.20072115384615385
0 0.9543269230769231 0.7800480769230769 0.0889423076923077 0.13221153846153846
0 0.3545673076923077 0.8425480769230769 0.17067307692307693 0.234375
0 0.25961538461538464 0.8798076923076923 0.10576923076923077 0.23557692307692307
0 0.34134615384615385 0.9230769230769231 0.15985576923076922 0.1502403846153846
0 0.21033653846153846 0.9338942307692307 0.13701923076923078 0.12379807692307693
0 0.14423076923076922 0.11899038461538461 0.054086538461538464 0.21634615384615385