0 0.05889423076923077 0.1466346153846154 0.10336538461538461 0.2608173076923077
0 0.7067307692307693 0.203125 0.1141826923076923 0.36658653846153844
0 0.78125 0.25240384615384615 0.07932692307692307 0.2848557692307692
0 0.19230769230769232 0.3389423076923077 0.11658653846153846 0.3473557692307692
0 0.030048076923076924 0.4014423076923077 0.06009615384615385 0.25961538461538464
0 0.4110576923076923 0.4338942307692308 0.14423076923076922 0.3629807692307692
0 0.9603365384615384 0.4495192307692308 0.07692307692307693 0.16105769230769232
0 0.7788461538461539 0.5276442307692307 0.08653846153846154 0.3004807692307692
0 0.0889423076923077 0.5889423076923077 0.1141826923076923 0.15384615384615385
0 0.8052884615384616 0.7620192307692307 0.055288461538461536 0.21394230769230768
0 0.921875 0.7800480769230769 0.11177884615384616 0.15144230769230768
0 0.7800480769230769 0.08052884615384616 0.11298076923076923 0.16105769230769232
0 0.7487980769230769 0.8004807692307693 0.0673076923076923 0.23557692307692307
0 0.15144230769230768 0.8173076923076923 0.22355769230769232 0.14543269230769232
0 0.5829326923076923 0.8401442307692307 0.16466346153846154 0.13341346153846154
0 0.6358173076923077 0.9038461538461539 0.15264423076923078 0.11658653846153846
0 0.2127403846153846 0.9086538461538461 0.11298076923076923 0.10336538461538461
0 0.296875 0.9182692307692307 0.1466346153846154 0.15865384615384615
0 0.46875 0.9278846153846154 0.1778846153846154 0.13942307692307693