0 0.6730769230769231 0.22956730769230768 0.19230769230769232 0.20552884615384615
0 0.16346153846153846 0.36177884615384615 0.14543269230769232 0.13581730769230768
0 0.7884615384615384 0.4182692307692308 0.09134615384615384 0.31850961538461536
0 0.0733173076923077 0.5216346153846154 0.11538461538461539 0.23918269230769232
0 0.04326923076923077 0.6009615384615384 0.08653846153846154 0.3125
0 0.8040865384615384 0.7355769230769231 0.07091346153846154 0.3004807692307692
0 0.3112980769230769 0.8329326923076923 0.17668269230769232 0.203125
0 0.04927884615384615 0.0889423076923077 0.0985576923076923 0.16706730769230768
0 0.20072115384615385 0.8990384615384616 0.0985576923076923 0.1971153846153846
0 0.6069711538461539 0.9146634615384616 0.1502403846153846 0.16466346153846154
0 0.36538461538461536 0.9302884615384616 0.20192307692307693 0.1346153846153846
0 0.8028846153846154 0.13581730769230768 0.10576923076923077 0.2704326923076923