0 0.0733173076923077 0.22956730769230768 0.0673076923076923 0.3161057692307692
0 0.2247596153846154 0.23677884615384615 0.08533653846153846 0.37740384615384615
0 0.30288461538461536 0.25841346153846156 0.11658653846153846 0.34615384615384615
0 0.7788461538461539 0.37259615384615385 0.11899038461538461 0.33774038461538464
0 0.06971153846153846 0.4855769230769231 0.10216346153846154 0.3137019230769231
0 0.037259615384615384 0.6418269230769231 0.07451923076923077 0.2247596153846154
0 0.78125 0.8173076923076923 0.10096153846153846 0.2704326923076923
0 0.6502403846153846 0.0829326923076923 0.2439903846153846 0.1658653846153846
0 0.2644230769230769 0.8870192307692307 0.15985576923076922 0.14543269230769232
0 0.7980769230769231 0.09014423076923077 0.10216346153846154 0.18028846153846154
0 0.36538461538461536 0.09014423076923077 0.19831730769230768 0.18028846153846154
0 0.09615384615384616 0.8942307692307693 0.0673076923076923 0.17307692307692307
0 0.6887019230769231 0.9038461538461539 0.15264423076923078 0.14423076923076922
0 0.5745192307692307 0.9122596153846154 0.16947115384615385 0.15985576923076922
0 0.421875 0.9146634615384616 0.1658653846153846 0.1658653846153846
0 0.3016826923076923 0.9591346153846154 0.13221153846153846 0.07692307692307693
0 0.11899038461538461 0.1310096153846154 0.08413461538461539 0.23677884615384615