0 0.5180288461538461 0.18870192307692307 0.11298076923076923 0.36658653846153844
0 0.7848557692307693 0.27283653846153844 0.1658653846153846 0.3329326923076923
0 0.65625 0.33052884615384615 0.1201923076923077 0.40625
0 0.06129807692307692 0.375 0.07211538461538461 0.3701923076923077
0 0.35216346153846156 0.6454326923076923 0.10576923076923077 0.4254807692307692
0 0.8209134615384616 0.7043269230769231 0.12620192307692307 0.40384615384615385
0 0.5757211538461539 0.7536057692307693 0.22716346153846154 0.22355769230769232
0 0.7295673076923077 0.8004807692307693 0.1658653846153846 0.13822115384615385
0 0.28365384615384615 0.875 0.09134615384615384 0.24519230769230768
0 0.7391826923076923 0.8858173076923077 0.16346153846153846 0.12860576923076922
0 0.5961538461538461 0.8882211538461539 0.1778846153846154 0.21875
0 0.1875 0.9278846153846154 0.1346153846153846 0.13942307692307693
0 0.5372596153846154 0.9302884615384616 0.14182692307692307 0.1346153846153846
0 0.36177884615384615 0.9338942307692307 0.1658653846153846 0.12740384615384615