0 0.0829326923076923 0.19110576923076922 0.10697115384615384 0.24639423076923078
0 0.23918269230769232 0.23197115384615385 0.0985576923076923 0.36899038461538464
0 0.296875 0.24158653846153846 0.12740384615384615 0.32572115384615385
0 0.056490384615384616 0.3076923076923077 0.10336538461538461 0.27163461538461536
0 0.037259615384615384 0.5180288461538461 0.06129807692307692 0.31009615384615385
0 0.0889423076923077 0.5300480769230769 0.07572115384615384 0.24879807692307693
0 0.9567307692307693 0.5348557692307693 0.0829326923076923 0.3004807692307692
0 0.052884615384615384 0.6634615384615384 0.09495192307692307 0.2536057692307692
0 0.7668269230769231 0.7860576923076923 0.11778846153846154 0.2692307692307692
0 0.1778846153846154 0.9038461538461539 0.07211538461538461 0.16706730769230768
0 0.4206730769230769 0.9122596153846154 0.16706730769230768 0.17427884615384615
0 0.5625 0.921875 0.17908653846153846 0.1310096153846154
0 0.27524038461538464 0.9254807692307693 0.12860576923076922 0.13221153846153846
0 0.33533653846153844 0.11538461538461539 0.1622596153846154 0.23076923076923078