0 0.36899038461538464 0.1971153846153846 0.15144230769230768 0.2776442307692308
0 0.057692307692307696 0.2932692307692308 0.1141826923076923 0.296875
0 0.421875 0.4098557692307692 0.08533653846153846 0.3701923076923077
0 0.6935096153846154 0.4362980769230769 0.17427884615384615 0.28365384615384615
0 0.8137019230769231 0.49759615384615385 0.07451923076923077 0.3233173076923077
0 0.7463942307692307 0.4987980769230769 0.07451923076923077 0.28365384615384615
0 0.0733173076923077 0.5072115384615384 0.12980769230769232 0.13341346153846154
0 0.34615384615384615 0.7704326923076923 0.08533653846153846 0.23918269230769232
0 0.7872596153846154 0.7896634615384616 0.11177884615384616 0.2283653846153846
0 0.5096153846153846 0.9350961538461539 0.16346153846153846 0.125
0 0.22956730769230768 0.9435096153846154 0.0985576923076923 0.10576923076923077
0 0.359375 0.9447115384615384 0.11658653846153846 0.09375
0 0.12379807692307693 0.10336538461538461 0.11658653846153846 0.1875