0 0.0625 0.17908653846153846 0.09735576923076923 0.22235576923076922
0 0.7980769230769231 0.23798076923076922 0.0889423076923077 0.29447115384615385
0 0.7355769230769231 0.3137019230769231 0.1201923076923077 0.30528846153846156
0 0.12980769230769232 0.38461538461538464 0.07451923076923077 0.2620192307692308
0 0.3137019230769231 0.5144230769230769 0.1310096153846154 0.4110576923076923
0 0.7367788461538461 0.5252403846153846 0.09134615384615384 0.32091346153846156
0 0.6971153846153846 0.6117788461538461 0.10697115384615384 0.35697115384615385
0 0.8112980769230769 0.6189903846153846 0.08413461538461539 0.26802884615384615
0 0.07932692307692307 0.6430288461538461 0.0985576923076923 0.3173076923076923
0 0.7295673076923077 0.7788461538461539 0.10817307692307693 0.23798076923076922
0 0.6394230769230769 0.8653846153846154 0.16706730769230768 0.20673076923076922
0 0.31971153846153844 0.8762019230769231 0.08173076923076923 0.24639423076923078
0 0.20432692307692307 0.921875 0.140625 0.13221153846153846
0 0.3870192307692308 0.9314903846153846 0.17548076923076922 0.1346153846153846