0 0.5384615384615384 0.2283653846153846 0.1814903846153846 0.2860576923076923
0 0.27403846153846156 0.25 0.171875 0.3004807692307692
0 0.09735576923076923 0.2704326923076923 0.07692307692307693 0.24519230769230768
0 0.18870192307692307 0.27163461538461536 0.10216346153846154 0.24759615384615385
0 0.09014423076923077 0.3762019230769231 0.08774038461538461 0.2608173076923077
0 0.07211538461538461 0.484375 0.11057692307692307 0.17307692307692307
0 0.05048076923076923 0.6237980769230769 0.10096153846153846 0.2932692307692308
0 0.2512019230769231 0.8329326923076923 0.14423076923076922 0.2439903846153846
0 0.7463942307692307 0.8701923076923077 0.13822115384615385 0.13822115384615385
0 0.5637019230769231 0.9230769230769231 0.18028846153846154 0.13341346153846154
0 0.27884615384615385 0.9411057692307693 0.1346153846153846 0.11298076923076923
0 0.40384615384615385 0.9447115384615384 0.1502403846153846 0.10817307692307693