0 0.7091346153846154 0.19591346153846154 0.12379807692307693 0.3329326923076923
0 0.7872596153846154 0.24278846153846154 0.08052884615384616 0.32211538461538464
0 0.19110576923076922 0.35697115384615385 0.1045673076923077 0.3269230769230769
0 0.9627403846153846 0.4338942307692308 0.0733173076923077 0.1141826923076923
0 0.030048076923076924 0.44591346153846156 0.06009615384615385 0.31850961538461536
0 0.7872596153846154 0.48197115384615385 0.07932692307692307 0.3125
0 0.3858173076923077 0.5661057692307693 0.16826923076923078 0.17668269230769232
0 0.109375 0.5685096153846154 0.12379807692307693 0.17548076923076922
0 0.8100961538461539 0.7860576923076923 0.07932692307692307 0.2764423076923077
0 0.7548076923076923 0.8209134615384616 0.09375 0.2764423076923077
0 0.5829326923076923 0.8269230769230769 0.13221153846153846 0.15504807692307693
0 0.25841346153846156 0.8605769230769231 0.12139423076923077 0.11177884615384616
0 0.6334134615384616 0.9098557692307693 0.17307692307692307 0.13341346153846154
0 0.3088942307692308 0.9206730769230769 0.10096153846153846 0.15625
0 0.45913461538461536 0.9435096153846154 0.15865384615384615 0.11177884615384616
0 0.057692307692307696 0.13221153846153846 0.0985576923076923 0.1971153846153846