0 0.15144230769230768 0.15144230769230768 0.12860576923076922 0.2704326923076923
0 0.5805288461538461 0.15264423076923078 0.13221153846153846 0.30528846153846156
0 0.7944711538461539 0.16947115384615385 0.07211538461538461 0.2860576923076923
0 0.7283653846153846 0.18389423076923078 0.10096153846153846 0.36778846153846156
0 0.6466346153846154 0.19831730769230768 0.07692307692307693 0.34375
0 0.06129807692307692 0.28725961538461536 0.09014423076923077 0.17908653846153846
0 0.6995192307692307 0.3473557692307692 0.12259615384615384 0.3173076923076923
0 0.27884615384615385 0.39903846153846156 0.15504807692307693 0.3004807692307692
0 0.8028846153846154 0.4170673076923077 0.08774038461538461 0.2824519230769231
0 0.038461538461538464 0.5637019230769231 0.05889423076923077 0.2127403846153846
0 0.8064903846153846 0.6730769230769231 0.07572115384615384 0.23918269230769232
0 0.44471153846153844 0.828125 0.13822115384615385 0.18870192307692307
0 0.18389423076923078 0.8461538461538461 0.12139423076923077 0.11057692307692307
0 0.2608173076923077 0.8569711538461539 0.10817307692307693 0.27283653846153844
0 0.6826923076923077 0.8629807692307693 0.13341346153846154 0.15625
0 0.75 0.8870192307692307 0.12860576923076922 0.17548076923076922
0 0.5817307692307693 0.9170673076923077 0.15625 0.11538461538461539
0 0.4675480769230769 0.921875 0.15625 0.15144230769230768