0 0.7728365384615384 0.23798076923076922 0.11177884615384616 0.16466346153846154
0 0.6850961538461539 0.24278846153846154 0.1346153846153846 0.27524038461538464
0 0.05048076923076923 0.2439903846153846 0.09975961538461539 0.296875
0 0.7776442307692307 0.3954326923076923 0.0889423076923077 0.19110576923076922
0 0.2860576923076923 0.46875 0.16826923076923078 0.28365384615384615
0 0.6911057692307693 0.47836538461538464 0.11538461538461539 0.32091346153846156
0 0.11177884615384616 0.5132211538461539 0.10096153846153846 0.3076923076923077
0 0.04447115384615385 0.6129807692307693 0.08173076923076923 0.2932692307692308
0 0.8004807692307693 0.6911057692307693 0.036057692307692304 0.32091346153846156
0 0.75 0.7884615384615384 0.08774038461538461 0.27524038461538464
0 0.28966346153846156 0.8088942307692307 0.140625 0.2704326923076923
0 0.4170673076923077 0.9074519230769231 0.15144230769230768 0.18028846153846154
0 0.625 0.921875 0.14903846153846154 0.15144230769230768
0 0.7632211538461539 0.10697115384615384 0.1971153846153846 0.2127403846153846