0 0.10697115384615384 0.16947115384615385 0.1814903846153846 0.21634615384615385
0 0.2608173076923077 0.2644230769230769 0.14182692307692307 0.23317307692307693
0 0.7427884615384616 0.265625 0.12139423076923077 0.3112980769230769
0 0.8052884615384616 0.3125 0.054086538461538464 0.3425480769230769
0 0.028846153846153848 0.38341346153846156 0.057692307692307696 0.21394230769230768
0 0.30408653846153844 0.4050480769230769 0.18509615384615385 0.2776442307692308
0 0.46033653846153844 0.5637019230769231 0.11538461538461539 0.3798076923076923
0 0.40865384615384615 0.6550480769230769 0.11298076923076923 0.34615384615384615
0 0.7980769230769231 0.6923076923076923 0.05048076923076923 0.28365384615384615
0 0.7007211538461539 0.8569711538461539 0.056490384615384616 0.15384615384615385
0 0.24879807692307693 0.8701923076923077 0.13221153846153846 0.13221153846153846
0 0.6213942307692307 0.8858173076923077 0.10697115384615384 0.17668269230769232
0 0.4735576923076923 0.9242788461538461 0.15504807692307693 0.1502403846153846
0 0.35216346153846156 0.9459134615384616 0.19471153846153846 0.10336538461538461
0 0.2920673076923077 0.1310096153846154 0.18389423076923078 0.25600961538461536