0 0.07692307692307693 0.22355769230769232 0.09014423076923077 0.33052884615384615
0 0.21634615384615385 0.23677884615384615 0.09134615384615384 0.3581730769230769
0 0.3016826923076923 0.28125 0.12379807692307693 0.3076923076923077
0 0.7872596153846154 0.35216346153846156 0.10096153846153846 0.35336538461538464
0 0.06370192307692307 0.46875 0.1141826923076923 0.25961538461538464
0 0.04807692307692308 0.625 0.078125 0.21153846153846154
0 0.6586538461538461 0.07572115384615384 0.22596153846153846 0.15144230769230768
0 0.7704326923076923 0.7872596153846154 0.10096153846153846 0.24278846153846154
0 0.27283653846153844 0.8798076923076923 0.15264423076923078 0.15865384615384615
0 0.6706730769230769 0.8942307692307693 0.1201923076923077 0.16706730769230768
0 0.5637019230769231 0.9086538461538461 0.13822115384615385 0.15865384615384615
0 0.4411057692307692 0.9230769230769231 0.12620192307692307 0.13341346153846154
0 0.32572115384615385 0.953125 0.14182692307692307 0.0889423076923077
0 0.7884615384615384 0.09615384615384616 0.0829326923076923 0.19230769230769232
0 0.36538461538461536 0.0985576923076923 0.18629807692307693 0.19591346153846154