0 0.056490384615384616 0.3425480769230769 0.07572115384615384 0.3545673076923077
0 0.2620192307692308 0.4026442307692308 0.10817307692307693 0.2860576923076923
0 0.7980769230769231 0.43028846153846156 0.0985576923076923 0.34134615384615385
0 0.0889423076923077 0.46033653846153844 0.109375 0.18028846153846154
0 0.39302884615384615 0.47836538461538464 0.15144230769230768 0.3137019230769231
0 0.7259615384615384 0.6057692307692307 0.10576923076923077 0.31850961538461536
0 0.056490384615384616 0.6141826923076923 0.08774038461538461 0.27163461538461536
0 0.34134615384615385 0.7271634615384616 0.1875 0.17307692307692307
0 0.8064903846153846 0.7824519230769231 0.09134615384615384 0.26802884615384615
0 0.6129807692307693 0.7848557692307693 0.16105769230769232 0.17548076923076922
0 0.7379807692307693 0.8677884615384616 0.14302884615384615 0.17548076923076922
0 0.21153846153846154 0.8810096153846154 0.1201923076923077 0.23317307692307693
0 0.3762019230769231 0.9459134615384616 0.15625 0.10336538461538461
0 0.46634615384615385 0.9663461538461539 0.20673076923076922 0.0625