0 0.08653846153846154 0.2247596153846154 0.07692307692307693 0.31490384615384615
0 0.22115384615384615 0.23798076923076922 0.08173076923076923 0.3389423076923077
0 0.2920673076923077 0.2920673076923077 0.12259615384615384 0.3737980769230769
0 0.7824519230769231 0.35216346153846156 0.09375 0.38221153846153844
0 0.0625 0.4879807692307692 0.10817307692307693 0.265625
0 0.7836538461538461 0.8257211538461539 0.09254807692307693 0.33052884615384615
0 0.27163461538461536 0.890625 0.14543269230769232 0.12620192307692307
0 0.5673076923076923 0.8966346153846154 0.14903846153846154 0.20432692307692307
0 0.671875 0.9050480769230769 0.13341346153846154 0.12860576923076922
0 0.41466346153846156 0.9122596153846154 0.1875 0.14302884615384615
0 0.6586538461538461 0.09254807692307693 0.20673076923076922 0.18509615384615385
0 0.27283653846153844 0.9591346153846154 0.14783653846153846 0.07932692307692307
0 0.3557692307692308 0.0985576923076923 0.19951923076923078 0.1971153846153846