0 0.7079326923076923 0.2668269230769231 0.15264423076923078 0.23798076923076922
0 0.6129807692307693 0.30528846153846156 0.16706730769230768 0.3004807692307692
0 0.3918269230769231 0.33653846153846156 0.14423076923076922 0.265625
0 0.7175480769230769 0.4735576923076923 0.0733173076923077 0.35216346153846156
0 0.7668269230769231 0.5204326923076923 0.06490384615384616 0.34134615384615385
0 0.8112980769230769 0.5516826923076923 0.051682692307692304 0.265625
0 0.45913461538461536 0.5769230769230769 0.14302884615384615 0.21153846153846154
0 0.03365384615384615 0.5997596153846154 0.06610576923076923 0.27884615384615385
0 0.07211538461538461 0.6310096153846154 0.0733173076923077 0.2091346153846154
0 0.6526442307692307 0.7403846153846154 0.10697115384615384 0.1502403846153846
0 0.5432692307692307 0.7680288461538461 0.18990384615384615 0.14302884615384615
0 0.8052884615384616 0.8353365384615384 0.11298076923076923 0.22115384615384615
0 0.43149038461538464 0.8557692307692307 0.10336538461538461 0.2548076923076923
0 0.36538461538461536 0.8641826923076923 0.09254807692307693 0.19591346153846154
0 0.6298076923076923 0.8894230769230769 0.15625 0.14903846153846154
0 0.4807692307692308 0.8930288461538461 0.10817307692307693 0.17668269230769232
0 0.24759615384615385 0.9375 0.14423076923076922 0.1201923076923077
0 0.5564903846153846 0.9411057692307693 0.13701923076923078 0.11298076923076923
0 0.6298076923076923 0.10697115384615384 0.18509615384615385 0.16105769230769232