0 0.35216346153846156 0.14302884615384615 0.08653846153846154 0.2824519230769231
0 0.4519230769230769 0.19110576923076922 0.15264423076923078 0.38100961538461536
0 0.5913461538461539 0.203125 0.18990384615384615 0.21394230769230768
0 0.2776442307692308 0.25240384615384615 0.07692307692307693 0.4026442307692308
0 0.04567307692307692 0.4254807692307692 0.09134615384615384 0.35336538461538464
0 0.6947115384615384 0.5024038461538461 0.14182692307692307 0.29086538461538464
0 0.7992788461538461 0.5480769230769231 0.10216346153846154 0.34134615384615385
0 0.078125 0.6358173076923077 0.09134615384615384 0.18389423076923078
0 0.3004807692307692 0.7463942307692307 0.12259615384615384 0.30649038461538464
0 0.7872596153846154 0.8004807692307693 0.11899038461538461 0.22716346153846154
0 0.4879807692307692 0.8557692307692307 0.08653846153846154 0.28365384615384615
0 0.6959134615384616 0.9110576923076923 0.14182692307692307 0.15144230769230768
0 0.29086538461538464 0.9314903846153846 0.12980769230769232 0.13221153846153846
0 0.056490384615384616 0.11658653846153846 0.09254807692307693 0.22115384615384615
0 0.7091346153846154 0.13701923076923078 0.2439903846153846 0.22115384615384615