0 0.45913461538461536 0.34375 0.15504807692307693 0.3485576923076923
0 0.6586538461538461 0.38341346153846156 0.15144230769230768 0.4026442307692308
0 0.7860576923076923 0.4050480769230769 0.109375 0.34615384615384615
0 0.08653846153846154 0.4074519230769231 0.07692307692307693 0.30408653846153844
0 0.039663461538461536 0.5384615384615384 0.07932692307692307 0.375
0 0.7956730769230769 0.7067307692307693 0.12860576923076922 0.25600961538461536
0 0.7475961538461539 0.8004807692307693 0.09615384615384616 0.26322115384615385
0 0.6057692307692307 0.8966346153846154 0.13701923076923078 0.20552884615384615
0 0.23798076923076922 0.9194711538461539 0.18269230769230768 0.15625
0 0.41466346153846156 0.9194711538461539 0.18990384615384615 0.15625
0 0.33653846153846156 0.9507211538461539 0.17307692307692307 0.09375