0 0.5576923076923077 0.15745192307692307 0.12139423076923077 0.31490384615384615
0 0.0985576923076923 0.2127403846153846 0.08653846153846154 0.2536057692307692
0 0.0673076923076923 0.2764423076923077 0.07451923076923077 0.25
0 0.7860576923076923 0.4050480769230769 0.10697115384615384 0.34975961538461536
0 0.04927884615384615 0.5997596153846154 0.09254807692307693 0.25
0 0.7824519230769231 0.6838942307692307 0.125 0.30528846153846156
0 0.3293269230769231 0.6995192307692307 0.1658653846153846 0.2548076923076923
0 0.30288461538461536 0.8497596153846154 0.19110576923076922 0.1201923076923077
0 0.21754807692307693 0.8894230769230769 0.12860576923076922 0.21754807692307693
0 0.1141826923076923 0.09254807692307693 0.07091346153846154 0.16105769230769232
0 0.3605769230769231 0.9314903846153846 0.18028846153846154 0.1346153846153846