0 0.42788461538461536 0.18028846153846154 0.23317307692307693 0.2704326923076923
0 0.6814903846153846 0.2548076923076923 0.10697115384615384 0.3173076923076923
0 0.23197115384615385 0.25961538461538464 0.109375 0.39302884615384615
0 0.051682692307692304 0.2704326923076923 0.09735576923076923 0.3112980769230769
0 0.13341346153846154 0.3918269230769231 0.13341346153846154 0.296875
0 0.09735576923076923 0.5288461538461539 0.1310096153846154 0.23798076923076922
0 0.7487980769230769 0.6045673076923077 0.15625 0.25961538461538464
0 0.5120192307692307 0.7139423076923077 0.109375 0.33774038461538464
0 0.7644230769230769 0.7872596153846154 0.11538461538461539 0.3004807692307692
0 0.33413461538461536 0.8233173076923077 0.15625 0.16826923076923078
0 0.46153846153846156 0.8701923076923077 0.15625 0.1971153846153846
0 0.6274038461538461 0.8713942307692307 0.15384615384615385 0.23798076923076922
0 0.27884615384615385 0.9399038461538461 0.1935096153846154 0.11658653846153846
0 0.3954326923076923 0.9519230769230769 0.18028846153846154 0.09254807692307693