0 0.9435096153846154 0.16466346153846154 0.04447115384615385 0.28725961538461536
0 0.046875 0.20793269230769232 0.07692307692307693 0.20072115384615385
0 0.43028846153846156 0.30288461538461536 0.17908653846153846 0.2932692307692308
0 0.9603365384615384 0.40384615384615385 0.07451923076923077 0.20673076923076922
0 0.08653846153846154 0.4651442307692308 0.10697115384615384 0.1622596153846154
0 0.07451923076923077 0.5637019230769231 0.12980769230769232 0.14543269230769232
0 0.7548076923076923 0.5661057692307693 0.16105769230769232 0.20552884615384615
0 0.06850961538461539 0.6466346153846154 0.07692307692307693 0.13221153846153846
0 0.5420673076923077 0.6850961538461539 0.1875 0.1141826923076923
0 0.7740384615384616 0.7067307692307693 0.10697115384615384 0.25
0 0.06490384615384616 0.7223557692307693 0.056490384615384616 0.08653846153846154
0 0.6105769230769231 0.7247596153846154 0.17548076923076922 0.20793269230769232
0 0.7007211538461539 0.7439903846153846 0.14302884615384615 0.18870192307692307
0 0.8004807692307693 0.7920673076923077 0.08052884615384616 0.2776442307692308
0 0.2439903846153846 0.828125 0.13221153846153846 0.10697115384615384
0 0.6742788461538461 0.8413461538461539 0.12620192307692307 0.10336538461538461
0 0.5685096153846154 0.8461538461538461 0.11177884615384616 0.16706730769230768
0 0.5276442307692307 0.9026442307692307 0.13221153846153846 0.19110576923076922
0 0.265625 0.9074519230769231 0.14783653846153846 0.1045673076923077
0 0.6947115384615384 0.9086538461538461 0.1466346153846154 0.1310096153846154
0 0.37740384615384615 0.9338942307692307 0.15745192307692307 0.1310096153846154
0 0.21995192307692307 0.9459134615384616 0.14423076923076922 0.10576923076923077
0 0.9723557692307693 0.12620192307692307 0.054086538461538464 0.23557692307692307