0 0.10697115384615384 0.17908653846153846 0.07932692307692307 0.28365384615384615
0 0.6502403846153846 0.17908653846153846 0.16826923076923078 0.31971153846153844
0 0.5192307692307693 0.18629807692307693 0.09735576923076923 0.34375
0 0.055288461538461536 0.23918269230769232 0.06490384615384616 0.23076923076923078
0 0.7908653846153846 0.31490384615384615 0.09615384615384616 0.34615384615384615
0 0.042067307692307696 0.37740384615384615 0.07932692307692307 0.22235576923076922
0 0.3918269230769231 0.4098557692307692 0.2247596153846154 0.18870192307692307
0 0.10697115384615384 0.41225961538461536 0.0829326923076923 0.3016826923076923
0 0.04567307692307692 0.5841346153846154 0.07211538461538461 0.2512019230769231
0 0.45913461538461536 0.703125 0.0985576923076923 0.2704326923076923
0 0.7908653846153846 0.7608173076923077 0.07451923076923077 0.28365384615384615
0 0.09134615384615384 0.8557692307692307 0.06610576923076923 0.24639423076923078
0 0.5096153846153846 0.9134615384615384 0.11778846153846154 0.16947115384615385
0 0.6153846153846154 0.9326923076923077 0.12139423076923077 0.1201923076923077
0 0.37259615384615385 0.9387019230769231 0.1778846153846154 0.11778846153846154
0 0.18990384615384615 0.9471153846153846 0.11298076923076923 0.10336538461538461
0 0.3629807692307692 0.10336538461538461 0.18629807692307693 0.20673076923076922