0 0.0889423076923077 0.27403846153846156 0.10697115384615384 0.28725961538461536
0 0.6574519230769231 0.30288461538461536 0.2283653846153846 0.17067307692307693
0 0.054086538461538464 0.3125 0.08413461538461539 0.25841346153846156
0 0.7956730769230769 0.39663461538461536 0.10576923076923077 0.40024038461538464
0 0.05889423076923077 0.4098557692307692 0.11658653846153846 0.23076923076923078
0 0.07091346153846154 0.53125 0.109375 0.24639423076923078
0 0.7944711538461539 0.054086538461538464 0.11778846153846154 0.10817307692307693
0 0.054086538461538464 0.6021634615384616 0.10817307692307693 0.27163461538461536
0 0.7752403846153846 0.7331730769230769 0.09254807692307693 0.27403846153846156
0 0.06971153846153846 0.7548076923076923 0.07091346153846154 0.22596153846153846
0 0.30649038461538464 0.8245192307692307 0.15504807692307693 0.15865384615384615
0 0.20673076923076922 0.8870192307692307 0.10216346153846154 0.20072115384615385
0 0.5865384615384616 0.8882211538461539 0.125 0.21875
0 0.34975961538461536 0.9026442307692307 0.19471153846153846 0.18990384615384615
0 0.15384615384615385 0.9278846153846154 0.11538461538461539 0.14302884615384615
0 0.11057692307692307 0.1045673076923077 0.09495192307692307 0.16947115384615385