0 0.046875 0.17307692307692307 0.07692307692307693 0.203125
0 0.6947115384615384 0.20072115384615385 0.1622596153846154 0.1814903846153846
0 0.109375 0.21514423076923078 0.07692307692307693 0.3004807692307692
0 0.040865384615384616 0.25240384615384615 0.08173076923076923 0.23918269230769232
0 0.7944711538461539 0.30288461538461536 0.08533653846153846 0.34375
0 0.05048076923076923 0.375 0.09975961538461539 0.23076923076923078
0 0.7271634615384616 0.4579326923076923 0.09615384615384616 0.3137019230769231
0 0.46274038461538464 0.6262019230769231 0.14423076923076922 0.21875
0 0.04807692307692308 0.6742788461538461 0.06370192307692307 0.1778846153846154
0 0.7908653846153846 0.6790865384615384 0.08774038461538461 0.2920673076923077
0 0.6490384615384616 0.7487980769230769 0.11778846153846154 0.17307692307692307
0 0.7307692307692307 0.8257211538461539 0.15625 0.23076923076923078
0 0.2283653846153846 0.9230769230769231 0.12740384615384615 0.14783653846153846
0 0.5817307692307693 0.9278846153846154 0.1778846153846154 0.14302884615384615
0 0.31009615384615385 0.9338942307692307 0.1346153846153846 0.12740384615384615