0 0.578125 0.19110576923076922 0.08774038461538461 0.3581730769230769
0 0.8088942307692307 0.3317307692307692 0.06850961538461539 0.3605769230769231
0 0.039663461538461536 0.34975961538461536 0.07932692307692307 0.30408653846153844
0 0.7211538461538461 0.46033653846153844 0.09134615384615384 0.30288461538461536
0 0.03485576923076923 0.4795673076923077 0.06971153846153846 0.23317307692307693
0 0.75 0.6875 0.07692307692307693 0.2668269230769231
0 0.04927884615384615 0.6959134615384616 0.09254807692307693 0.33052884615384615
0 0.2980769230769231 0.7211538461538461 0.1778846153846154 0.25
0 0.6694711538461539 0.734375 0.15504807692307693 0.22956730769230768
0 0.28125 0.9242788461538461 0.1814903846153846 0.14903846153846154
0 0.43149038461538464 0.9314903846153846 0.1658653846153846 0.1346153846153846
0 0.06009615384615385 0.11778846153846154 0.09254807692307693 0.234375