0 0.21754807692307693 0.24278846153846154 0.12139423076923077 0.203125
0 0.11057692307692307 0.2536057692307692 0.109375 0.31490384615384615
0 0.2776442307692308 0.25961538461538464 0.16826923076923078 0.2932692307692308
0 0.09735576923076923 0.38100961538461536 0.10096153846153846 0.2704326923076923
0 0.07932692307692307 0.4831730769230769 0.11298076923076923 0.19831730769230768
0 0.8173076923076923 0.5096153846153846 0.09134615384615384 0.29927884615384615
0 0.20192307692307693 0.06129807692307692 0.18028846153846154 0.11778846153846154
0 0.04927884615384615 0.6117788461538461 0.0985576923076923 0.30288461538461536
0 0.3269230769230769 0.7199519230769231 0.11298076923076923 0.28125
0 0.7475961538461539 0.828125 0.17307692307692307 0.1658653846153846
0 0.2403846153846154 0.8317307692307693 0.12860576923076922 0.19230769230769232
0 0.265625 0.9302884615384616 0.15144230769230768 0.1346153846153846
0 0.5697115384615384 0.9350961538461539 0.1971153846153846 0.125
0 0.4050480769230769 0.9495192307692307 0.18028846153846154 0.09615384615384616