0 0.2932692307692308 0.2644230769230769 0.15745192307692307 0.3389423076923077
0 0.19951923076923078 0.30649038461538464 0.08774038461538461 0.3245192307692308
0 0.7776442307692307 0.38221153846153844 0.12860576923076922 0.3425480769230769
0 0.6875 0.44471153846153844 0.07692307692307693 0.41225961538461536
0 0.09134615384615384 0.4639423076923077 0.09014423076923077 0.2776442307692308
0 0.41586538461538464 0.5444711538461539 0.10096153846153846 0.44471153846153844
0 0.7680288461538461 0.7475961538461539 0.11057692307692307 0.3317307692307692
0 0.3173076923076923 0.7908653846153846 0.15865384615384615 0.234375
0 0.46033653846153844 0.8689903846153846 0.12379807692307693 0.25600961538461536
0 0.6730769230769231 0.8966346153846154 0.11298076923076923 0.14903846153846154
0 0.27403846153846156 0.9375 0.12620192307692307 0.11057692307692307