0 0.3137019230769231 0.20192307692307693 0.12139423076923077 0.27524038461538464
0 0.07572115384615384 0.20432692307692307 0.10216346153846154 0.22355769230769232
0 0.24519230769230768 0.24519230769230768 0.11057692307692307 0.36899038461538464
0 0.04927884615384615 0.3016826923076923 0.0673076923076923 0.22355769230769232
0 0.08533653846153846 0.5240384615384616 0.07572115384615384 0.21033653846153846
0 0.9579326923076923 0.5360576923076923 0.07451923076923077 0.23317307692307693
0 0.38221153846153844 0.07091346153846154 0.13822115384615385 0.140625
0 0.7620192307692307 0.8004807692307693 0.12259615384615384 0.24158653846153846
0 0.5576923076923077 0.9146634615384616 0.1778846153846154 0.1658653846153846
0 0.2668269230769231 0.9158653846153846 0.11538461538461539 0.16346153846153846
0 0.4074519230769231 0.9194711538461539 0.13221153846153846 0.15625
0 0.5096153846153846 0.13341346153846154 0.19230769230769232 0.2548076923076923