0 0.07932692307692307 0.23076923076923078 0.10336538461538461 0.2776442307692308
0 0.04567307692307692 0.29927884615384615 0.09134615384615384 0.31971153846153844
0 0.3401442307692308 0.36778846153846156 0.14783653846153846 0.4254807692307692
0 0.04326923076923077 0.39783653846153844 0.08653846153846154 0.34615384615384615
0 0.1502403846153846 0.40865384615384615 0.11899038461538461 0.3473557692307692
0 0.046875 0.5625 0.09375 0.28846153846153844
0 0.6478365384615384 0.5985576923076923 0.15384615384615385 0.34375
0 0.24278846153846154 0.06370192307692307 0.12139423076923077 0.12740384615384615
0 0.47716346153846156 0.078125 0.14903846153846154 0.15504807692307693
0 0.7824519230769231 0.7680288461538461 0.09014423076923077 0.3293269230769231
0 0.36778846153846156 0.796875 0.14903846153846154 0.2283653846153846
0 0.6225961538461539 0.8052884615384616 0.09615384615384616 0.18870192307692307
0 0.27884615384615385 0.8617788461538461 0.08413461538461539 0.27524038461538464
0 0.7163461538461539 0.8641826923076923 0.11057692307692307 0.07091346153846154
0 0.4206730769230769 0.8677884615384616 0.14182692307692307 0.13341346153846154
0 0.7944711538461539 0.08774038461538461 0.10336538461538461 0.17548076923076922
0 0.19230769230769232 0.8810096153846154 0.13221153846153846 0.13942307692307693
0 0.5865384615384616 0.8942307692307693 0.14182692307692307 0.20072115384615385
0 0.45072115384615385 0.9278846153846154 0.19230769230769232 0.14302884615384615
0 0.19471153846153846 0.9411057692307693 0.14423076923076922 0.11298076923076923
0 0.10697115384615384 0.1346153846153846 0.12259615384615384 0.25240384615384615
0 0.75 0.13942307692307693 0.17908653846153846 0.2776442307692308