0 0.12740384615384615 0.1502403846153846 0.13822115384615385 0.29927884615384615
0 0.040865384615384616 0.2247596153846154 0.07451923076923077 0.25961538461538464
0 0.43149038461538464 0.3161057692307692 0.14783653846153846 0.40384615384615385
0 0.6947115384615384 0.3701923076923077 0.12259615384615384 0.27163461538461536
0 0.7716346153846154 0.39663461538461536 0.08774038461538461 0.30528846153846156
0 0.21394230769230768 0.4170673076923077 0.10817307692307693 0.2644230769230769
0 0.025240384615384616 0.4411057692307692 0.05048076923076923 0.27283653846153844
0 0.7259615384615384 0.6177884615384616 0.10096153846153846 0.265625
0 0.6670673076923077 0.6201923076923077 0.125 0.3269230769230769
0 0.8004807692307693 0.6694711538461539 0.0733173076923077 0.296875
0 0.7548076923076923 0.7271634615384616 0.07572115384615384 0.2439903846153846
0 0.09735576923076923 0.7896634615384616 0.12980769230769232 0.30408653846153844
0 0.5012019230769231 0.7896634615384616 0.1875 0.24879807692307693
0 0.640625 0.828125 0.09134615384615384 0.19591346153846154
0 0.24759615384615385 0.8713942307692307 0.09254807692307693 0.18990384615384615
0 0.7367788461538461 0.8798076923076923 0.13822115384615385 0.12379807692307693
0 0.359375 0.921875 0.16105769230769232 0.15144230769230768
0 0.49038461538461536 0.9362980769230769 0.140625 0.12620192307692307
0 0.6490384615384616 0.1346153846153846 0.12379807692307693 0.2548076923076923