0 0.6021634615384616 0.2403846153846154 0.1658653846153846 0.3269230769230769
0 0.06850961538461539 0.4362980769230769 0.13701923076923078 0.2091346153846154
0 0.34615384615384615 0.4567307692307692 0.20552884615384615 0.18509615384615385
0 0.08653846153846154 0.5889423076923077 0.08774038461538461 0.24639423076923078
0 0.042067307692307696 0.6430288461538461 0.06610576923076923 0.29927884615384615
0 0.3245192307692308 0.6670673076923077 0.09014423076923077 0.31971153846153844
0 0.7439903846153846 0.7319711538461539 0.09615384615384616 0.27163461538461536
0 0.8004807692307693 0.7572115384615384 0.0733173076923077 0.25
0 0.14903846153846154 0.08052884615384616 0.07091346153846154 0.13581730769230768
0 0.6105769230769231 0.8677884615384616 0.1658653846153846 0.16466346153846154
0 0.4723557692307692 0.8822115384615384 0.16706730769230768 0.14783653846153846
0 0.296875 0.9074519230769231 0.14302884615384615 0.16105769230769232
0 0.22115384615384615 0.9146634615384616 0.11538461538461539 0.1658653846153846
0 0.7668269230769231 0.09254807692307693 0.109375 0.17908653846153846
0 0.6862980769230769 0.10576923076923077 0.12259615384615384 0.21153846153846154