0 0.06610576923076923 0.25961538461538464 0.13221153846153846 0.21754807692307693
0 0.46634615384615385 0.265625 0.203125 0.18389423076923078
0 0.7596153846153846 0.40625 0.1141826923076923 0.3112980769230769
0 0.09254807692307693 0.47716346153846156 0.06971153846153846 0.28725961538461536
0 0.03245192307692308 0.5709134615384616 0.06490384615384616 0.2620192307692308
0 0.4567307692307692 0.5925480769230769 0.0889423076923077 0.15625
0 0.765625 0.7475961538461539 0.11899038461538461 0.28125
0 0.6766826923076923 0.08173076923076923 0.17067307692307693 0.1622596153846154
0 0.4879807692307692 0.8076923076923077 0.17908653846153846 0.26322115384615385
0 0.08413461538461539 0.8305288461538461 0.06129807692307692 0.21033653846153846
0 0.24158653846153846 0.8846153846153846 0.18269230769230768 0.18509615384615385
0 0.3942307692307692 0.9038461538461539 0.1346153846153846 0.1875
0 0.6550480769230769 0.90625 0.17908653846153846 0.15264423076923078
0 0.47836538461538464 0.9387019230769231 0.15144230769230768 0.12139423076923077
0 0.0829326923076923 0.1346153846153846 0.10096153846153846 0.24158653846153846
0 0.7608173076923077 0.13581730769230768 0.14302884615384615 0.21875