0 0.03365384615384615 0.19471153846153846 0.06490384615384616 0.2548076923076923
0 0.109375 0.19951923076923078 0.10096153846153846 0.3016826923076923
0 0.15985576923076922 0.36538461538461536 0.11177884615384616 0.25841346153846156
0 0.7752403846153846 0.4026442307692308 0.13942307692307693 0.3076923076923077
0 0.040865384615384616 0.4326923076923077 0.08173076923076923 0.25
0 0.7644230769230769 0.4807692307692308 0.11899038461538461 0.29447115384615385
0 0.7223557692307693 0.5492788461538461 0.1141826923076923 0.2692307692307692
0 0.09014423076923077 0.5829326923076923 0.08052884615384616 0.3173076923076923
0 0.05889423076923077 0.7211538461538461 0.08173076923076923 0.2620192307692308
0 0.6694711538461539 0.7463942307692307 0.171875 0.18269230769230768
0 0.8016826923076923 0.7752403846153846 0.06009615384615385 0.26802884615384615
0 0.7548076923076923 0.7932692307692307 0.08774038461538461 0.21875
0 0.5096153846153846 0.8257211538461539 0.18028846153846154 0.21153846153846154
0 0.6694711538461539 0.8665865384615384 0.140625 0.17668269230769232
0 0.29927884615384615 0.8737980769230769 0.13701923076923078 0.19471153846153846
0 0.4675480769230769 0.8810096153846154 0.1466346153846154 0.234375
0 0.20552884615384615 0.8978365384615384 0.09254807692307693 0.18389423076923078