0 0.07572115384615384 0.24639423076923078 0.08653846153846154 0.3076923076923077
0 0.1502403846153846 0.2512019230769231 0.12620192307692307 0.24158653846153846
0 0.24879807692307693 0.3954326923076923 0.11298076923076923 0.3557692307692308
0 0.75 0.4026442307692308 0.14182692307692307 0.3004807692307692
0 0.06370192307692307 0.4987980769230769 0.12740384615384615 0.22355769230769232
0 0.8052884615384616 0.5745192307692307 0.109375 0.25600961538461536
0 0.33533653846153844 0.6298076923076923 0.10576923076923077 0.3088942307692308
0 0.051682692307692304 0.7319711538461539 0.078125 0.23798076923076922
0 0.7824519230769231 0.7680288461538461 0.08774038461538461 0.23197115384615385
0 0.47836538461538464 0.8689903846153846 0.14543269230769232 0.24639423076923078
0 0.7211538461538461 0.8725961538461539 0.16466346153846154 0.17908653846153846
0 0.35216346153846156 0.8798076923076923 0.12379807692307693 0.2283653846153846
0 0.5661057692307693 0.9146634615384616 0.18028846153846154 0.1658653846153846