0 0.39903846153846156 0.19951923076923078 0.20192307692307693 0.10336538461538461
0 0.08533653846153846 0.22956730769230768 0.10576923076923077 0.21153846153846154
0 0.23197115384615385 0.24158653846153846 0.09615384615384616 0.35336538461538464
0 0.2956730769230769 0.2512019230769231 0.1141826923076923 0.30288461538461536
0 0.04927884615384615 0.3173076923076923 0.08533653846153846 0.2403846153846154
0 0.037259615384615384 0.46875 0.07451923076923077 0.3076923076923077
0 0.953125 0.5336538461538461 0.04927884615384615 0.24278846153846154
0 0.09254807692307693 0.5673076923076923 0.0625 0.28125
0 0.37259615384615385 0.0625 0.15504807692307693 0.125
0 0.039663461538461536 0.6826923076923077 0.06129807692307692 0.24879807692307693
0 0.7584134615384616 0.7944711538461539 0.11057692307692307 0.25721153846153844
0 0.40865384615384615 0.9026442307692307 0.1778846153846154 0.18990384615384615
0 0.5564903846153846 0.921875 0.17548076923076922 0.15144230769230768
0 0.2668269230769231 0.9278846153846154 0.14182692307692307 0.14182692307692307