0 0.7079326923076923 0.1971153846153846 0.10096153846153846 0.3076923076923077
0 0.7944711538461539 0.23557692307692307 0.09615384615384616 0.27283653846153844
0 0.2644230769230769 0.40384615384615385 0.11298076923076923 0.296875
0 0.038461538461538464 0.42427884615384615 0.07692307692307693 0.3161057692307692
0 0.4338942307692308 0.4723557692307692 0.17067307692307693 0.34975961538461536
0 0.7788461538461539 0.5060096153846154 0.0829326923076923 0.23677884615384615
0 0.06610576923076923 0.5865384615384616 0.09254807692307693 0.18990384615384615
0 0.3329326923076923 0.6682692307692307 0.19591346153846154 0.2692307692307692
0 0.04326923076923077 0.6971153846153846 0.08173076923076923 0.21033653846153846
0 0.9314903846153846 0.7620192307692307 0.06971153846153846 0.1310096153846154
0 0.8028846153846154 0.8004807692307693 0.0733173076923077 0.24879807692307693
0 0.7319711538461539 0.8233173076923077 0.07932692307692307 0.28125
0 0.578125 0.8401442307692307 0.1778846153846154 0.14783653846153846
0 0.4735576923076923 0.8677884615384616 0.07692307692307693 0.25961538461538464
0 0.2091346153846154 0.8834134615384616 0.10817307692307693 0.12379807692307693
0 0.7776442307692307 0.0889423076923077 0.09735576923076923 0.15985576923076922
0 0.3076923076923077 0.9038461538461539 0.12259615384615384 0.16346153846153846
0 0.6394230769230769 0.9146634615384616 0.17548076923076922 0.1502403846153846
0 0.41947115384615385 0.9242788461538461 0.15865384615384615 0.1502403846153846