0 0.7355769230769231 0.1622596153846154 0.11778846153846154 0.3233173076923077
0 0.8052884615384616 0.17067307692307693 0.07932692307692307 0.3016826923076923
0 0.6706730769230769 0.2824519230769231 0.09014423076923077 0.3173076923076923
0 0.3942307692307692 0.3293269230769231 0.1502403846153846 0.25721153846153844
0 0.8028846153846154 0.4723557692307692 0.08173076923076923 0.3004807692307692
0 0.7163461538461539 0.5012019230769231 0.0673076923076923 0.34375
0 0.7596153846153846 0.5240384615384616 0.051682692307692304 0.2932692307692308
0 0.4795673076923077 0.6021634615384616 0.14903846153846154 0.21995192307692307
0 0.038461538461538464 0.609375 0.07451923076923077 0.25600961538461536
0 0.08173076923076923 0.6394230769230769 0.07572115384615384 0.2247596153846154
0 0.6502403846153846 0.734375 0.10336538461538461 0.15865384615384615
0 0.5456730769230769 0.7644230769230769 0.21394230769230768 0.12139423076923077
0 0.7584134615384616 0.7680288461538461 0.06370192307692307 0.23197115384615385
0 0.6766826923076923 0.8173076923076923 0.12620192307692307 0.12259615384615384
0 0.7884615384615384 0.8257211538461539 0.0829326923076923 0.21634615384615385
0 0.4074519230769231 0.8365384615384616 0.08653846153846154 0.2932692307692308
0 0.34615384615384615 0.8798076923076923 0.0985576923076923 0.2283653846153846
0 0.6177884615384616 0.8858173076923077 0.15985576923076922 0.19831730769230768
0 0.48197115384615385 0.9014423076923077 0.11778846153846154 0.17307692307692307
0 0.5637019230769231 0.9350961538461539 0.16105769230769232 0.125
0 0.2439903846153846 0.9387019230769231 0.13942307692307693 0.12139423076923077