0 0.8040865384615384 0.18629807692307693 0.04927884615384615 0.36778846153846156
0 0.3629807692307692 0.18629807692307693 0.19831730769230768 0.33052884615384615
0 0.0733173076923077 0.3161057692307692 0.12860576923076922 0.3485576923076923
0 0.7259615384615384 0.4362980769230769 0.08052884615384616 0.27524038461538464
0 0.03365384615384615 0.5108173076923077 0.06610576923076923 0.23798076923076922
0 0.8100961538461539 0.5360576923076923 0.08173076923076923 0.3245192307692308
0 0.3317307692307692 0.6899038461538461 0.1875 0.2439903846153846
0 0.06370192307692307 0.7235576923076923 0.057692307692307696 0.16346153846153846
0 0.7163461538461539 0.7944711538461539 0.140625 0.1201923076923077
0 0.7956730769230769 0.8137019230769231 0.06971153846153846 0.26802884615384615
0 0.7175480769230769 0.9014423076923077 0.125 0.14783653846153846
0 0.5048076923076923 0.9194711538461539 0.15985576923076922 0.15865384615384615
0 0.18028846153846154 0.9278846153846154 0.13341346153846154 0.09975961538461539
0 0.609375 0.9399038461538461 0.11899038461538461 0.11658653846153846
0 0.27403846153846156 0.9543269230769231 0.14543269230769232 0.0889423076923077
0 0.7295673076923077 0.13581730769230768 0.11298076923076923 0.27163461538461536