0 0.10336538461538461 0.18870192307692307 0.10576923076923077 0.29086538461538464
0 0.7896634615384616 0.33052884615384615 0.11177884615384616 0.3581730769230769
0 0.13942307692307693 0.4110576923076923 0.1466346153846154 0.25240384615384615
0 0.39302884615384615 0.44350961538461536 0.14903846153846154 0.3389423076923077
0 0.06370192307692307 0.4543269230769231 0.0829326923076923 0.2932692307692308
0 0.7992788461538461 0.7548076923076923 0.04326923076923077 0.27884615384615385
0 0.7836538461538461 0.08052884615384616 0.13341346153846154 0.15985576923076922
0 0.7524038461538461 0.8269230769230769 0.06971153846153846 0.29927884615384615
0 0.6706730769230769 0.8653846153846154 0.09254807692307693 0.24879807692307693
0 0.38461538461538464 0.9290865384615384 0.17067307692307693 0.13221153846153846
0 0.17307692307692307 0.9399038461538461 0.15504807692307693 0.08533653846153846
0 0.3485576923076923 0.10216346153846154 0.171875 0.20432692307692307