0 0.7199519230769231 0.20673076923076922 0.14543269230769232 0.2980769230769231
0 0.2644230769230769 0.3004807692307692 0.19110576923076922 0.25
0 0.8197115384615384 0.41346153846153844 0.09495192307692307 0.2956730769230769
0 0.7151442307692307 0.5757211538461539 0.13822115384615385 0.15384615384615385
0 0.4170673076923077 0.5817307692307693 0.14182692307692307 0.21514423076923078
0 0.7584134615384616 0.703125 0.11899038461538461 0.2692307692307692
0 0.08413461538461539 0.8004807692307693 0.08173076923076923 0.2127403846153846
0 0.7884615384615384 0.8473557692307693 0.0829326923076923 0.27403846153846156
0 0.18269230769230768 0.8894230769230769 0.06370192307692307 0.09975961538461539
0 0.30528846153846156 0.8942307692307693 0.125 0.11658653846153846
0 0.6033653846153846 0.9278846153846154 0.14302884615384615 0.12860576923076922
0 0.3233173076923077 0.9711538461538461 0.18509615384615385 0.056490384615384616
0 0.8016826923076923 0.11177884615384616 0.0889423076923077 0.22355769230769232