0 0.796875 0.2439903846153846 0.10216346153846154 0.30649038461538464
0 0.7391826923076923 0.31490384615384615 0.13942307692307693 0.33774038461538464
0 0.3581730769230769 0.5036057692307693 0.11658653846153846 0.3449519230769231
0 0.734375 0.5144230769230769 0.11658653846153846 0.328125
0 0.0673076923076923 0.53125 0.1045673076923077 0.21394230769230768
0 0.6971153846153846 0.5757211538461539 0.08052884615384616 0.3233173076923077
0 0.796875 0.578125 0.07932692307692307 0.3076923076923077
0 0.057692307692307696 0.6358173076923077 0.078125 0.1658653846153846
0 0.7548076923076923 0.7776442307692307 0.125 0.18990384615384615
0 0.6694711538461539 0.7956730769230769 0.11057692307692307 0.19591346153846154
0 0.31971153846153844 0.8737980769230769 0.15264423076923078 0.15865384615384615
0 0.5829326923076923 0.9074519230769231 0.19951923076923078 0.12980769230769232
0 0.41225961538461536 0.9254807692307693 0.1622596153846154 0.1466346153846154
0 0.21153846153846154 0.9302884615384616 0.1141826923076923 0.11899038461538461