0 0.9675480769230769 0.14903846153846154 0.054086538461538464 0.2980769230769231
0 0.09495192307692307 0.20432692307692307 0.14182692307692307 0.3329326923076923
0 0.7776442307692307 0.3737980769230769 0.13701923076923078 0.25
0 0.046875 0.43509615384615385 0.078125 0.2800480769230769
0 0.7668269230769231 0.49399038461538464 0.12740384615384615 0.3161057692307692
0 0.6346153846153846 0.052884615384615384 0.10576923076923077 0.10576923076923077
0 0.7271634615384616 0.5384615384615384 0.12620192307692307 0.30288461538461536
0 0.06850961538461539 0.7079326923076923 0.0985576923076923 0.28966346153846156
0 0.6790865384615384 0.7319711538461539 0.18629807692307693 0.18990384615384615
0 0.9543269230769231 0.7620192307692307 0.07932692307692307 0.17668269230769232
0 0.7980769230769231 0.7620192307692307 0.06610576923076923 0.28725961538461536
0 0.7584134615384616 0.7896634615384616 0.07692307692307693 0.27283653846153844
0 0.6658653846153846 0.8509615384615384 0.15384615384615385 0.16947115384615385
0 0.5528846153846154 0.8689903846153846 0.08173076923076923 0.25961538461538464
0 0.30408653846153844 0.8798076923076923 0.16105769230769232 0.18509615384615385
0 0.2091346153846154 0.8834134615384616 0.08173076923076923 0.2283653846153846