0 0.08173076923076923 0.20673076923076922 0.08653846153846154 0.234375
0 0.31971153846153844 0.22716346153846154 0.10576923076923077 0.35096153846153844
0 0.2403846153846154 0.2439903846153846 0.09375 0.3581730769230769
0 0.06009615384615385 0.28365384615384615 0.07932692307692307 0.25600961538461536
0 0.6850961538461539 0.359375 0.15865384615384615 0.24278846153846154
0 0.040865384615384616 0.4651442307692308 0.056490384615384616 0.25841346153846156
0 0.09134615384615384 0.5889423076923077 0.07932692307692307 0.23677884615384615
0 0.04567307692307692 0.6778846153846154 0.06370192307692307 0.22596153846153846
0 0.7584134615384616 0.7908653846153846 0.11057692307692307 0.2644230769230769
0 0.38100961538461536 0.08052884615384616 0.09375 0.16105769230769232
0 0.5637019230769231 0.9170673076923077 0.17307692307692307 0.12139423076923077
0 0.2800480769230769 0.9302884615384616 0.16105769230769232 0.1346153846153846
0 0.41586538461538464 0.9338942307692307 0.1778846153846154 0.12740384615384615
0 0.15144230769230768 0.12139423076923077 0.0625 0.21033653846153846