0 0.6838942307692307 0.2824519230769231 0.1622596153846154 0.19831730769230768
0 0.3918269230769231 0.3245192307692308 0.13701923076923078 0.2704326923076923
0 0.8161057692307693 0.3894230769230769 0.09014423076923077 0.33052884615384615
0 0.7271634615384616 0.5120192307692307 0.08052884615384616 0.32572115384615385
0 0.03485576923076923 0.5961538461538461 0.06850961538461539 0.25
0 0.4807692307692308 0.6033653846153846 0.13942307692307693 0.25841346153846156
0 0.08052884615384616 0.6346153846153846 0.08173076923076923 0.22355769230769232
0 0.7103365384615384 0.6935096153846154 0.08653846153846154 0.21634615384615385
0 0.6574519230769231 0.7331730769230769 0.11177884615384616 0.15625
0 0.5408653846153846 0.7560096153846154 0.17548076923076922 0.14783653846153846
0 0.7956730769230769 0.8173076923076923 0.078125 0.21394230769230768
0 0.41346153846153844 0.8233173076923077 0.11538461538461539 0.33653846153846156
0 0.6742788461538461 0.8329326923076923 0.09735576923076923 0.12740384615384615
0 0.6165865384615384 0.8774038461538461 0.14182692307692307 0.15985576923076922
0 0.3557692307692308 0.8822115384615384 0.10817307692307693 0.21875
0 0.49038461538461536 0.8894230769230769 0.12740384615384615 0.15504807692307693
0 0.24639423076923078 0.9350961538461539 0.1466346153846154 0.125
0 0.5540865384615384 0.9375 0.1466346153846154 0.1201923076923077