0 0.7704326923076923 0.14423076923076922 0.14783653846153846 0.28846153846153844
0 0.5120192307692307 0.17307692307692307 0.18509615384615385 0.328125
0 0.7319711538461539 0.18870192307692307 0.11177884615384616 0.26802884615384615
0 0.6225961538461539 0.1971153846153846 0.1045673076923077 0.31490384615384615
0 0.0625 0.234375 0.09254807692307693 0.30528846153846156
0 0.96875 0.23918269230769232 0.06129807692307692 0.20793269230769232
0 0.7067307692307693 0.296875 0.10576923076923077 0.3581730769230769
0 0.09134615384615384 0.3076923076923077 0.07211538461538461 0.3161057692307692
0 0.9591346153846154 0.3605769230769231 0.07572115384615384 0.13221153846153846
0 0.24639423076923078 0.36177884615384615 0.1201923076923077 0.35697115384615385
0 0.12740384615384615 0.38100961538461536 0.07091346153846154 0.296875
0 0.7932692307692307 0.44711538461538464 0.09014423076923077 0.30528846153846156
0 0.34375 0.4639423076923077 0.13581730769230768 0.40625
0 0.046875 0.5036057692307693 0.08774038461538461 0.2668269230769231
0 0.5420673076923077 0.6478365384615384 0.20793269230769232 0.171875
0 0.9459134615384616 0.6899038461538461 0.10576923076923077 0.13581730769230768
0 0.7944711538461539 0.07211538461538461 0.07451923076923077 0.1346153846153846
0 0.9483173076923077 0.7512019230769231 0.08052884615384616 0.11057692307692307
0 0.7848557692307693 0.7764423076923077 0.0889423076923077 0.28725961538461536
0 0.5408653846153846 0.8305288461538461 0.09134615384615384 0.2439903846153846
0 0.1141826923076923 0.8617788461538461 0.10096153846153846 0.19230769230769232
0 0.6682692307692307 0.8822115384615384 0.13942307692307693 0.16105769230769232
0 0.41947115384615385 0.8870192307692307 0.17067307692307693 0.16466346153846154
0 0.20192307692307693 0.9338942307692307 0.11057692307692307 0.1201923076923077
0 0.32211538461538464 0.9411057692307693 0.15384615384615385 0.1141826923076923