0 0.1201923076923077 0.1502403846153846 0.1141826923076923 0.14302884615384615
0 0.24879807692307693 0.22956730769230768 0.15625 0.27524038461538464
0 0.6153846153846154 0.2536057692307692 0.23317307692307693 0.22355769230769232
0 0.16346153846153846 0.3401442307692308 0.1466346153846154 0.203125
0 0.046875 0.3858173076923077 0.09375 0.21394230769230768
0 0.41346153846153844 0.5288461538461539 0.13822115384615385 0.23317307692307693
0 0.05889423076923077 0.6466346153846154 0.06490384615384616 0.20552884615384615
0 0.7932692307692307 0.6923076923076923 0.07451923076923077 0.2980769230769231
0 0.6213942307692307 0.7391826923076923 0.15625 0.17427884615384615
0 0.7524038461538461 0.8173076923076923 0.13221153846153846 0.21394230769230768
0 0.6117788461538461 0.875 0.1466346153846154 0.18870192307692307
0 0.32572115384615385 0.9290865384615384 0.1502403846153846 0.1310096153846154
0 0.46033653846153844 0.9375 0.17067307692307693 0.1201923076923077
0 0.7908653846153846 0.11538461538461539 0.11177884615384616 0.23076923076923078