0 0.03245192307692308 0.22716346153846154 0.06490384615384616 0.17908653846153846
0 0.7103365384615384 0.23557692307692307 0.15384615384615385 0.3701923076923077
0 0.10697115384615384 0.24879807692307693 0.13341346153846154 0.24278846153846154
0 0.2668269230769231 0.27884615384615385 0.16466346153846154 0.21995192307692307
0 0.7980769230769231 0.30649038461538464 0.08173076923076923 0.3389423076923077
0 0.028846153846153848 0.3473557692307692 0.056490384615384616 0.18870192307692307
0 0.30408653846153844 0.4182692307692308 0.18509615384615385 0.24879807692307693
0 0.44711538461538464 0.5697115384615384 0.1201923076923077 0.34975961538461536
0 0.8076923076923077 0.6826923076923077 0.0829326923076923 0.2764423076923077
0 0.7211538461538461 0.7944711538461539 0.0733173076923077 0.27163461538461536
0 0.6298076923076923 0.8882211538461539 0.15384615384615385 0.21875
0 0.4795673076923077 0.90625 0.14543269230769232 0.140625
0 0.14182692307692307 0.9158653846153846 0.12620192307692307 0.14783653846153846
0 0.34975961538461536 0.9411057692307693 0.16105769230769232 0.11298076923076923