0 0.18509615384615385 0.14543269230769232 0.08653846153846154 0.24519230769230768
0 0.1045673076923077 0.19951923076923078 0.09495192307692307 0.28365384615384615
0 0.08173076923076923 0.3293269230769231 0.08533653846153846 0.2512019230769231
0 0.18990384615384615 0.3701923076923077 0.15144230769230768 0.29086538461538464
0 0.07451923076923077 0.5216346153846154 0.08173076923076923 0.1971153846153846
0 0.046875 0.5865384615384616 0.06971153846153846 0.23798076923076922
0 0.9627403846153846 0.7211538461538461 0.0733173076923077 0.2439903846153846
0 0.33653846153846156 0.8497596153846154 0.15625 0.2512019230769231
0 0.21875 0.875 0.11658653846153846 0.18870192307692307
0 0.24639423076923078 0.09014423076923077 0.09495192307692307 0.17908653846153846
0 0.5817307692307693 0.9254807692307693 0.1935096153846154 0.14423076923076922
0 0.3245192307692308 0.9471153846153846 0.1346153846153846 0.10096153846153846
0 0.1346153846153846 0.1201923076923077 0.06610576923076923 0.20192307692307693