0 0.7980769230769231 0.2620192307692308 0.13942307692307693 0.3137019230769231
0 0.15264423076923078 0.27524038461538464 0.13341346153846154 0.3112980769230769
0 0.7403846153846154 0.33052884615384615 0.16466346153846154 0.38100961538461536
0 0.7379807692307693 0.5252403846153846 0.09134615384615384 0.35697115384615385
0 0.07451923076923077 0.5372596153846154 0.10216346153846154 0.203125
0 0.7836538461538461 0.05889423076923077 0.11899038461538461 0.11778846153846154
0 0.7007211538461539 0.5973557692307693 0.08173076923076923 0.35216346153846156
0 0.8125 0.5997596153846154 0.08533653846153846 0.31971153846153844
0 0.3004807692307692 0.7536057692307693 0.12139423076923077 0.31490384615384615
0 0.4963942307692308 0.7572115384615384 0.11538461538461539 0.30408653846153844
0 0.7632211538461539 0.7872596153846154 0.15504807692307693 0.23798076923076922
0 0.9399038461538461 0.7980769230769231 0.11538461538461539 0.1778846153846154
0 0.07572115384615384 0.8028846153846154 0.08774038461538461 0.2776442307692308
0 0.07091346153846154 0.0829326923076923 0.14182692307692307 0.1346153846153846
0 0.6730769230769231 0.8461538461538461 0.13581730769230768 0.22355769230769232
0 0.4074519230769231 0.9122596153846154 0.1658653846153846 0.15625
0 0.5745192307692307 0.9278846153846154 0.17908653846153846 0.12139423076923077
0 0.2127403846153846 0.9290865384615384 0.11778846153846154 0.08052884615384616