0 0.09134615384615384 0.1814903846153846 0.11177884615384616 0.2644230769230769
0 0.3161057692307692 0.21995192307692307 0.1346153846153846 0.31971153846153844
0 0.25 0.25 0.13341346153846154 0.33774038461538464
0 0.054086538461538464 0.4699519230769231 0.08653846153846154 0.3137019230769231
0 0.7067307692307693 0.052884615384615384 0.21995192307692307 0.10576923076923077
0 0.9543269230769231 0.5288461538461539 0.057692307692307696 0.2548076923076923
0 0.08653846153846154 0.5324519230769231 0.07572115384615384 0.21754807692307693
0 0.051682692307692304 0.6478365384615384 0.09975961538461539 0.24278846153846154
0 0.4230769230769231 0.06610576923076923 0.11057692307692307 0.13221153846153846
0 0.7668269230769231 0.7800480769230769 0.11778846153846154 0.2668269230769231
0 0.40384615384615385 0.9014423076923077 0.1502403846153846 0.19591346153846154
0 0.2692307692307692 0.9086538461538461 0.13581730769230768 0.17908653846153846
0 0.5552884615384616 0.9110576923076923 0.18028846153846154 0.16466346153846154
0 0.48677884615384615 0.125 0.23197115384615385 0.25