0 0.796875 0.25 0.11538461538461539 0.2860576923076923
0 0.47115384615384615 0.2848557692307692 0.22355769230769232 0.17548076923076922
0 0.7367788461538461 0.31009615384615385 0.171875 0.3449519230769231
0 0.7536057692307693 0.5204326923076923 0.08774038461538461 0.2860576923076923
0 0.06370192307692307 0.5240384615384616 0.0985576923076923 0.22355769230769232
0 0.7848557692307693 0.5540865384615384 0.08052884615384616 0.25600961538461536
0 0.6899038461538461 0.5829326923076923 0.07091346153846154 0.33413461538461536
0 0.7848557692307693 0.05889423076923077 0.10697115384615384 0.11778846153846154
0 0.04807692307692308 0.625 0.078125 0.14783653846153846
0 0.31009615384615385 0.7391826923076923 0.18028846153846154 0.16826923076923078
0 0.6694711538461539 0.7536057692307693 0.13822115384615385 0.21033653846153846
0 0.7560096153846154 0.7836538461538461 0.09615384615384616 0.15264423076923078
0 0.5913461538461539 0.90625 0.14903846153846154 0.18269230769230768
0 0.21754807692307693 0.9302884615384616 0.15144230769230768 0.1346153846153846
0 0.39903846153846156 0.9314903846153846 0.16346153846153846 0.13221153846153846
0 0.06370192307692307 0.109375 0.12740384615384615 0.21875