0 0.09495192307692307 0.17067307692307693 0.12620192307692307 0.28846153846153844
0 0.7872596153846154 0.36538461538461536 0.1346153846153846 0.2620192307692308
0 0.16346153846153846 0.3786057692307692 0.12740384615384615 0.30528846153846156
0 0.03365384615384615 0.4387019230769231 0.05889423076923077 0.203125
0 0.78125 0.49278846153846156 0.11899038461538461 0.2860576923076923
0 0.7319711538461539 0.5420673076923077 0.1346153846153846 0.28125
0 0.09615384615384616 0.5793269230769231 0.08173076923076923 0.23557692307692307
0 0.6778846153846154 0.5865384615384616 0.10336538461538461 0.18509615384615385
0 0.6742788461538461 0.7451923076923077 0.1658653846153846 0.18870192307692307
0 0.8028846153846154 0.765625 0.078125 0.28365384615384615
0 0.7608173076923077 0.8088942307692307 0.08774038461538461 0.25961538461538464
0 0.5612980769230769 0.8762019230769231 0.09495192307692307 0.24639423076923078
0 0.3004807692307692 0.8846153846153846 0.12139423076923077 0.20673076923076922
0 0.6766826923076923 0.8918269230769231 0.14783653846153846 0.16706730769230768
0 0.20552884615384615 0.9002403846153846 0.10697115384615384 0.18269230769230768