0 0.037259615384615384 0.29086538461538464 0.07451923076923077 0.21754807692307693
0 0.16105769230769232 0.39783653846153844 0.13701923076923078 0.26322115384615385
0 0.7451923076923077 0.4050480769230769 0.12860576923076922 0.3545673076923077
0 0.04326923076923077 0.49158653846153844 0.05889423076923077 0.27884615384615385
0 0.4266826923076923 0.5048076923076923 0.18389423076923078 0.3786057692307692
0 0.8064903846153846 0.5168269230769231 0.09254807692307693 0.3545673076923077
0 0.2824519230769231 0.054086538461538464 0.1502403846153846 0.10817307692307693
0 0.3329326923076923 0.5733173076923077 0.13221153846153846 0.25961538461538464
0 0.06971153846153846 0.6081730769230769 0.07091346153846154 0.21754807692307693
0 0.5576923076923077 0.07211538461538461 0.1814903846153846 0.14302884615384615
0 0.7728365384615384 0.78125 0.08413461538461539 0.2932692307692308
0 0.04447115384615385 0.09014423076923077 0.0889423076923077 0.18028846153846154
0 0.27163461538461536 0.8918269230769231 0.06490384615384616 0.21514423076923078
0 0.625 0.8990384615384616 0.14903846153846154 0.1971153846153846
0 0.4543269230769231 0.9375 0.18269230769230768 0.1201923076923077
0 0.2920673076923077 0.9399038461538461 0.12139423076923077 0.07692307692307693
0 0.7728365384615384 0.11538461538461539 0.18028846153846154 0.23076923076923078