0 0.15144230769230768 0.14302884615384615 0.12379807692307693 0.2644230769230769
0 0.8016826923076923 0.14783653846153846 0.06610576923076923 0.28725961538461536
0 0.6574519230769231 0.19230769230769232 0.07091346153846154 0.3713942307692308
0 0.7403846153846154 0.21153846153846154 0.08774038461538461 0.39663461538461536
0 0.7139423076923077 0.3473557692307692 0.08774038461538461 0.34615384615384615
0 0.23557692307692307 0.38461538461538464 0.07572115384615384 0.3161057692307692
0 0.06129807692307692 0.39302884615384615 0.08052884615384616 0.2548076923076923
0 0.8004807692307693 0.40384615384615385 0.0829326923076923 0.29927884615384615
0 0.32572115384615385 0.46875 0.15384615384615385 0.3004807692307692
0 0.05048076923076923 0.5865384615384616 0.078125 0.2247596153846154
0 0.7956730769230769 0.6622596153846154 0.09495192307692307 0.24278846153846154
0 0.9435096153846154 0.7536057692307693 0.0733173076923077 0.12620192307692307
0 0.4483173076923077 0.8161057692307693 0.21754807692307693 0.21634615384615385
0 0.6706730769230769 0.8677884615384616 0.13822115384615385 0.14783653846153846
0 0.7572115384615384 0.8882211538461539 0.11057692307692307 0.17908653846153846
0 0.4579326923076923 0.9182692307692307 0.16706730769230768 0.11538461538461539
0 0.25721153846153844 0.9290865384615384 0.14423076923076922 0.13942307692307693
0 0.5805288461538461 0.1346153846153846 0.11177884615384616 0.2692307692307692