0 0.06850961538461539 0.14182692307692307 0.06850961538461539 0.15504807692307693
0 0.19230769230769232 0.17307692307692307 0.09375 0.2644230769230769
0 0.11057692307692307 0.3245192307692308 0.0673076923076923 0.24879807692307693
0 0.7283653846153846 0.38461538461538464 0.1201923076923077 0.3762019230769231
0 0.04326923076923077 0.3918269230769231 0.08653846153846154 0.21033653846153846
0 0.18269230769230768 0.4050480769230769 0.140625 0.24519230769230768
0 0.07091346153846154 0.6033653846153846 0.07692307692307693 0.23076923076923078
0 0.33413461538461536 0.8209134615384616 0.1814903846153846 0.1658653846153846
0 0.2247596153846154 0.8713942307692307 0.06971153846153846 0.18990384615384615
0 0.5408653846153846 0.9435096153846154 0.16346153846153846 0.10817307692307693
0 0.36778846153846156 0.9507211538461539 0.19230769230769232 0.09375
0 0.25600961538461536 0.10576923076923077 0.11298076923076923 0.21153846153846154