0 0.23557692307692307 0.24879807692307693 0.13701923076923078 0.28365384615384615
0 0.026442307692307692 0.35216346153846156 0.051682692307692304 0.30408653846153844
0 0.7067307692307693 0.38100961538461536 0.18389423076923078 0.16706730769230768
0 0.38221153846153844 0.4387019230769231 0.15745192307692307 0.2824519230769231
0 0.8100961538461539 0.5060096153846154 0.06129807692307692 0.3473557692307692
0 0.7572115384615384 0.5108173076923077 0.0673076923076923 0.3233173076923077
0 0.10697115384615384 0.5384615384615384 0.14182692307692307 0.10096153846153846
0 0.04567307692307692 0.6141826923076923 0.06971153846153846 0.265625
0 0.3389423076923077 0.6646634615384616 0.14783653846153846 0.2283653846153846
0 0.609375 0.7512019230769231 0.10096153846153846 0.18509615384615385
0 0.7908653846153846 0.8149038461538461 0.07692307692307693 0.23557692307692307
0 0.7319711538461539 0.8557692307692307 0.11899038461538461 0.1658653846153846
0 0.5084134615384616 0.8665865384615384 0.16346153846153846 0.13942307692307693
0 0.33413461538461536 0.9194711538461539 0.125 0.15625
0 0.23677884615384615 0.9435096153846154 0.125 0.11177884615384616
0 0.6802884615384616 0.9471153846153846 0.1346153846153846 0.10096153846153846
0 0.5228365384615384 0.953125 0.15625 0.0889423076923077
0 0.1201923076923077 0.1045673076923077 0.07932692307692307 0.1622596153846154