0 0.07091346153846154 0.21634615384615385 0.08173076923076923 0.2776442307692308
0 0.21754807692307693 0.2247596153846154 0.09615384615384616 0.3786057692307692
0 0.28966346153846156 0.2824519230769231 0.09254807692307693 0.3737980769230769
0 0.0625 0.4879807692307692 0.11177884615384616 0.28365384615384615
0 0.056490384615384616 0.6802884615384616 0.11298076923076923 0.23317307692307693
0 0.7920673076923077 0.78125 0.09375 0.2403846153846154
0 0.6418269230769231 0.08653846153846154 0.25 0.17307692307692307
0 0.6838942307692307 0.8822115384615384 0.1310096153846154 0.16706730769230768
0 0.5588942307692307 0.9086538461538461 0.15144230769230768 0.10817307692307693
0 0.4014423076923077 0.9278846153846154 0.1346153846153846 0.13942307692307693
0 0.27524038461538464 0.9314903846153846 0.10697115384615384 0.1346153846153846
0 0.36658653846153844 0.10216346153846154 0.17908653846153846 0.20432692307692307