0 0.08052884615384616 0.15144230769230768 0.0673076923076923 0.2776442307692308
0 0.1045673076923077 0.18028846153846154 0.09975961538461539 0.30408653846153844
0 0.04567307692307692 0.22355769230769232 0.09014423076923077 0.28966346153846156
0 0.20192307692307693 0.40865384615384615 0.20192307692307693 0.18990384615384615
0 0.08774038461538461 0.41947115384615385 0.07692307692307693 0.18990384615384615
0 0.04807692307692308 0.44591346153846156 0.08533653846153846 0.15745192307692307
0 0.7944711538461539 0.48197115384615385 0.12740384615384615 0.328125
0 0.0829326923076923 0.5384615384615384 0.07572115384615384 0.18870192307692307
0 0.9435096153846154 0.5853365384615384 0.0625 0.12620192307692307
0 0.7151442307692307 0.5865384615384616 0.13942307692307693 0.33052884615384615
0 0.056490384615384616 0.5877403846153846 0.07932692307692307 0.171875
0 0.06009615384615385 0.6838942307692307 0.06490384615384616 0.16346153846153846
0 0.9290865384615384 0.7295673076923077 0.0889423076923077 0.21754807692307693
0 0.7908653846153846 0.7680288461538461 0.1141826923076923 0.2932692307692308
0 0.22355769230769232 0.8713942307692307 0.0829326923076923 0.22235576923076922
0 0.3016826923076923 0.8737980769230769 0.10576923076923077 0.24879807692307693
0 0.5697115384615384 0.8762019230769231 0.12259615384615384 0.24639423076923078
0 0.17548076923076922 0.9387019230769231 0.10336538461538461 0.12139423076923077
0 0.1971153846153846 0.12740384615384615 0.08533653846153846 0.24879807692307693
0 0.13822115384615385 0.13221153846153846 0.07572115384615384 0.24278846153846154