0 0.75 0.14783653846153846 0.09495192307692307 0.2536057692307692
0 0.7139423076923077 0.28846153846153844 0.15264423076923078 0.265625
0 0.6237980769230769 0.29927884615384615 0.13701923076923078 0.29447115384615385
0 0.39302884615384615 0.35216346153846156 0.14783653846153846 0.28365384615384615
0 0.9591346153846154 0.453125 0.056490384615384616 0.2776442307692308
0 0.7788461538461539 0.49158653846153844 0.08052884615384616 0.3401442307692308
0 0.7247596153846154 0.5264423076923077 0.0889423076923077 0.3401442307692308
0 0.8209134615384616 0.5480769230769231 0.055288461538461536 0.2644230769230769
0 0.4579326923076923 0.6045673076923077 0.12379807692307693 0.21875
0 0.02403846153846154 0.6201923076923077 0.04807692307692308 0.2764423076923077
0 0.07091346153846154 0.6298076923076923 0.054086538461538464 0.24759615384615385
0 0.7019230769230769 0.7163461538461539 0.1045673076923077 0.296875
0 0.6598557692307693 0.7403846153846154 0.09975961538461539 0.17067307692307693
0 0.5552884615384616 0.7548076923076923 0.18629807692307693 0.14302884615384615
0 0.7536057692307693 0.7560096153846154 0.0673076923076923 0.1814903846153846
0 0.7872596153846154 0.8341346153846154 0.0733173076923077 0.1778846153846154
0 0.35336538461538464 0.8509615384615384 0.1201923076923077 0.18389423076923078
0 0.4326923076923077 0.8665865384615384 0.1141826923076923 0.21394230769230768
0 0.49038461538461536 0.8870192307692307 0.11298076923076923 0.21995192307692307
0 0.6322115384615384 0.8930288461538461 0.17307692307692307 0.17668269230769232
0 0.5576923076923077 0.9435096153846154 0.12980769230769232 0.10817307692307693
0 0.234375 0.9459134615384616 0.11778846153846154 0.10336538461538461
0 0.6213942307692307 0.10697115384615384 0.16947115384615385 0.11298076923076923