0 0.5360576923076923 0.16947115384615385 0.11658653846153846 0.3389423076923077
0 0.6730769230769231 0.171875 0.1310096153846154 0.29927884615384615
0 0.1201923076923077 0.203125 0.08653846153846154 0.3269230769230769
0 0.05889423076923077 0.34615384615384615 0.0985576923076923 0.2776442307692308
0 0.7776442307692307 0.3473557692307692 0.109375 0.3737980769230769
0 0.12860576923076922 0.4338942307692308 0.11538461538461539 0.28725961538461536
0 0.3076923076923077 0.5192307692307693 0.10817307692307693 0.2824519230769231
0 0.04807692307692308 0.6225961538461539 0.078125 0.2860576923076923
0 0.7908653846153846 0.78125 0.06490384615384616 0.22235576923076922
0 0.5348557692307693 0.8870192307692307 0.12259615384615384 0.22115384615384615
0 0.3786057692307692 0.9387019230769231 0.2091346153846154 0.12139423076923077
0 0.3473557692307692 0.10336538461538461 0.1622596153846154 0.20673076923076922