0 0.037259615384615384 0.17908653846153846 0.06850961538461539 0.234375
0 0.0985576923076923 0.19230769230769232 0.09375 0.3233173076923077
0 0.15985576923076922 0.3713942307692308 0.13341346153846154 0.2800480769230769
0 0.7788461538461539 0.3942307692307692 0.12379807692307693 0.2980769230769231
0 0.037259615384615384 0.44711538461538464 0.07451923076923077 0.23076923076923078
0 0.7608173076923077 0.4831730769230769 0.11778846153846154 0.2956730769230769
0 0.7151442307692307 0.5336538461538461 0.12860576923076922 0.23677884615384615
0 0.08533653846153846 0.5408653846153846 0.06370192307692307 0.27283653846153844
0 0.6887019230769231 0.6021634615384616 0.0985576923076923 0.11778846153846154
0 0.0733173076923077 0.7007211538461539 0.0625 0.19471153846153846
0 0.6634615384615384 0.7211538461538461 0.16105769230769232 0.11778846153846154
0 0.7908653846153846 0.7463942307692307 0.040865384615384616 0.2512019230769231
0 0.4951923076923077 0.7800480769230769 0.15745192307692307 0.18028846153846154
0 0.7524038461538461 0.796875 0.04567307692307692 0.21995192307692307
0 0.6658653846153846 0.8677884615384616 0.1346153846153846 0.11899038461538461
0 0.43990384615384615 0.8701923076923077 0.12139423076923077 0.1875
0 0.296875 0.8786057692307693 0.09975961538461539 0.18389423076923078
0 0.19471153846153846 0.9002403846153846 0.07572115384615384 0.15625