0 0.5637019230769231 0.19831730769230768 0.12620192307692307 0.33774038461538464
0 0.1141826923076923 0.20192307692307693 0.13341346153846154 0.21995192307692307
0 0.05048076923076923 0.28725961538461536 0.09975961538461539 0.26322115384615385
0 0.040865384615384616 0.3737980769230769 0.08173076923076923 0.265625
0 0.6959134615384616 0.49399038461538464 0.14903846153846154 0.20552884615384615
0 0.051682692307692304 0.6430288461538461 0.055288461538461536 0.19831730769230768
0 0.3269230769230769 0.6742788461538461 0.14423076923076922 0.30288461538461536
0 0.7884615384615384 0.703125 0.06850961538461539 0.24879807692307693
0 0.6622596153846154 0.765625 0.12740384615384615 0.1935096153846154
0 0.7463942307692307 0.8665865384615384 0.11658653846153846 0.15264423076923078
0 0.21033653846153846 0.8677884615384616 0.14903846153846154 0.11899038461538461
0 0.41586538461538464 0.875 0.08173076923076923 0.24519230769230768
0 0.3545673076923077 0.9098557692307693 0.07451923076923077 0.17548076923076922
0 0.5745192307692307 0.9122596153846154 0.19831730769230768 0.16826923076923078
0 0.2620192307692308 0.9459134615384616 0.14423076923076922 0.10336538461538461