0 0.703125 0.2283653846153846 0.07572115384615384 0.3894230769230769
0 0.4735576923076923 0.2283653846153846 0.17067307692307693 0.24519230769230768
0 0.04326923076923077 0.2439903846153846 0.08653846153846154 0.19110576923076922
0 0.6538461538461539 0.265625 0.0829326923076923 0.34615384615384615
0 0.765625 0.30649038461538464 0.07572115384615384 0.3112980769230769
0 0.8040865384615384 0.3329326923076923 0.07451923076923077 0.25841346153846156
0 0.30408653846153844 0.49759615384615385 0.11538461538461539 0.28125
0 0.0733173076923077 0.5673076923076923 0.1466346153846154 0.22596153846153846
0 0.7524038461538461 0.5697115384615384 0.14783653846153846 0.21153846153846154
0 0.5120192307692307 0.6394230769230769 0.13942307692307693 0.1778846153846154
0 0.6682692307692307 0.7067307692307693 0.1466346153846154 0.1310096153846154
0 0.7752403846153846 0.7115384615384616 0.08413461538461539 0.2932692307692308
0 0.7331730769230769 0.7295673076923077 0.0673076923076923 0.2608173076923077
0 0.09254807692307693 0.765625 0.10576923076923077 0.2824519230769231
0 0.4675480769230769 0.7668269230769231 0.12980769230769232 0.27163461538461536
0 0.3605769230769231 0.7704326923076923 0.08653846153846154 0.3004807692307692
0 0.4110576923076923 0.7908653846153846 0.10216346153846154 0.2644230769230769
0 0.31490384615384615 0.8185096153846154 0.13942307692307693 0.21634615384615385
0 0.6346153846153846 0.8221153846153846 0.12740384615384615 0.0985576923076923
0 0.8161057692307693 0.8305288461538461 0.07451923076923077 0.28125
0 0.5540865384615384 0.8846153846153846 0.1310096153846154 0.16826923076923078
0 0.24879807692307693 0.8978365384615384 0.1141826923076923 0.12379807692307693
0 0.7151442307692307 0.8978365384615384 0.16947115384615385 0.12379807692307693
0 0.4519230769230769 0.9338942307692307 0.19230769230769232 0.12740384615384615
0 0.21634615384615385 0.9555288461538461 0.125 0.08774038461538461
0 0.7512019230769231 0.1310096153846154 0.08774038461538461 0.2620192307692308