0 0.7608173076923077 0.140625 0.13341346153846154 0.22596153846153846
0 0.056490384615384616 0.2536057692307692 0.11177884615384616 0.19230769230769232
0 0.39903846153846156 0.39783653846153844 0.16706730769230768 0.36899038461538464
0 0.7680288461538461 0.40384615384615385 0.1141826923076923 0.3112980769230769
0 0.109375 0.45913461538461536 0.11658653846153846 0.33052884615384615
0 0.051682692307692304 0.5829326923076923 0.0889423076923077 0.27163461538461536
0 0.45072115384615385 0.5985576923076923 0.09254807692307693 0.13221153846153846
0 0.9555288461538461 0.6021634615384616 0.07572115384615384 0.2127403846153846
0 0.7704326923076923 0.7427884615384616 0.1045673076923077 0.28966346153846156
0 0.6887019230769231 0.08052884615384616 0.13701923076923078 0.16105769230769232
0 0.0829326923076923 0.8509615384615384 0.08653846153846154 0.24158653846153846
0 0.5853365384615384 0.8581730769230769 0.12740384615384615 0.25841346153846156
0 0.2548076923076923 0.8737980769230769 0.16346153846153846 0.18629807692307693
0 0.390625 0.8966346153846154 0.11778846153846154 0.20432692307692307
0 0.6610576923076923 0.90625 0.15144230769230768 0.15865384615384615
0 0.18028846153846154 0.9435096153846154 0.12620192307692307 0.109375
0 0.4879807692307692 0.9471153846153846 0.1622596153846154 0.10336538461538461
0 0.06971153846153846 0.13341346153846154 0.11298076923076923 0.23317307692307693