0 0.11538461538461539 0.15745192307692307 0.11658653846153846 0.20673076923076922
0 0.24158653846153846 0.23197115384615385 0.15264423076923078 0.27163461538461536
0 0.15625 0.36778846153846156 0.13822115384615385 0.14783653846153846
0 0.04927884615384615 0.36899038461538464 0.0829326923076923 0.24759615384615385
0 0.7740384615384616 0.4338942307692308 0.09375 0.3762019230769231
0 0.40865384615384615 0.5384615384615384 0.1875 0.2536057692307692
0 0.06370192307692307 0.6514423076923077 0.07091346153846154 0.25
0 0.8004807692307693 0.6923076923076923 0.07572115384615384 0.18389423076923078
0 0.7632211538461539 0.8185096153846154 0.08052884615384616 0.2091346153846154
0 0.6274038461538461 0.8509615384615384 0.1346153846153846 0.18990384615384615
0 0.5336538461538461 0.8810096153846154 0.1141826923076923 0.21634615384615385
0 0.6706730769230769 0.8882211538461539 0.13942307692307693 0.21875
0 0.15384615384615385 0.9230769230769231 0.09495192307692307 0.125
0 0.42788461538461536 0.9266826923076923 0.1502403846153846 0.1201923076923077
0 0.25 0.9302884615384616 0.1346153846153846 0.1346153846153846
0 0.7932692307692307 0.12139423076923077 0.09134615384615384 0.24278846153846154