0 0.04807692307692308 0.3317307692307692 0.07091346153846154 0.2980769230769231
0 0.2548076923076923 0.40024038461538464 0.10096153846153846 0.2536057692307692
0 0.7920673076923077 0.43028846153846156 0.1141826923076923 0.3641826923076923
0 0.40865384615384615 0.4375 0.17668269230769232 0.23076923076923078
0 0.08774038461538461 0.45552884615384615 0.11298076923076923 0.23197115384615385
0 0.6790865384615384 0.5600961538461539 0.07451923076923077 0.19230769230769232
0 0.04927884615384615 0.5973557692307693 0.07692307692307693 0.2668269230769231
0 0.7223557692307693 0.6081730769230769 0.12259615384615384 0.3088942307692308
0 0.09975961538461539 0.07692307692307693 0.1201923076923077 0.14182692307692307
0 0.7980769230769231 0.7752403846153846 0.07091346153846154 0.2620192307692308
0 0.6045673076923077 0.8521634615384616 0.12980769230769232 0.18629807692307693
0 0.078125 0.8653846153846154 0.09975961538461539 0.21153846153846154
0 0.7199519230769231 0.8713942307692307 0.11899038461538461 0.2536057692307692
0 0.21995192307692307 0.8978365384615384 0.12139423076923077 0.1935096153846154
0 0.5877403846153846 0.9254807692307693 0.17548076923076922 0.14423076923076922
0 0.35336538461538464 0.9302884615384616 0.15384615384615385 0.1346153846153846