0 0.10697115384615384 0.18629807692307693 0.14182692307692307 0.21634615384615385
0 0.5420673076923077 0.2127403846153846 0.22235576923076922 0.23317307692307693
0 0.04567307692307692 0.2608173076923077 0.09014423076923077 0.23197115384615385
0 0.07692307692307693 0.2860576923076923 0.11057692307692307 0.2620192307692308
0 0.7848557692307693 0.4074519230769231 0.10336538461538461 0.3762019230769231
0 0.9555288461538461 0.4170673076923077 0.054086538461538464 0.3004807692307692
0 0.055288461538461536 0.45552884615384615 0.109375 0.2548076923076923
0 0.056490384615384616 0.5625 0.11177884615384616 0.2548076923076923
0 0.7872596153846154 0.06610576923076923 0.09615384615384616 0.13221153846153846
0 0.3233173076923077 0.6814903846153846 0.1201923076923077 0.29447115384615385
0 0.5949519230769231 0.7764423076923077 0.17908653846153846 0.19471153846153846
0 0.3245192307692308 0.8473557692307693 0.17548076923076922 0.16105769230769232
0 0.7103365384615384 0.8485576923076923 0.16947115384615385 0.21394230769230768
0 0.10216346153846154 0.8605769230769231 0.09735576923076923 0.22355769230769232
0 0.35336538461538464 0.9086538461538461 0.18389423076923078 0.17908653846153846
0 0.1814903846153846 0.9146634615384616 0.078125 0.15745192307692307
0 0.47115384615384615 0.10817307692307693 0.21033653846153846 0.21634615384615385