0 0.7512019230769231 0.14423076923076922 0.18870192307692307 0.1875
0 0.07692307692307693 0.2283653846153846 0.0985576923076923 0.24519230769230768
0 0.15865384615384615 0.3942307692307692 0.12860576923076922 0.30288461538461536
0 0.37740384615384615 0.39663461538461536 0.17668269230769232 0.41346153846153844
0 0.4579326923076923 0.052884615384615384 0.15504807692307693 0.10096153846153846
0 0.0625 0.5516826923076923 0.125 0.28125
0 0.3545673076923077 0.7908653846153846 0.12620192307692307 0.27283653846153844
0 0.5132211538461539 0.8161057692307693 0.08653846153846154 0.27884615384615385
0 0.2644230769230769 0.8689903846153846 0.12980769230769232 0.25721153846153844
0 0.4206730769230769 0.8822115384615384 0.14423076923076922 0.1778846153846154
0 0.6069711538461539 0.9182692307692307 0.15144230769230768 0.15865384615384615
0 0.11538461538461539 0.13822115384615385 0.11298076923076923 0.2091346153846154