0 0.13701923076923078 0.13942307692307693 0.09014423076923077 0.2536057692307692
0 0.5949519230769231 0.14543269230769232 0.08774038461538461 0.29086538461538464
0 0.6574519230769231 0.18990384615384615 0.04807692307692308 0.3786057692307692
0 0.734375 0.21514423076923078 0.09975961538461539 0.3557692307692308
0 0.0625 0.25240384615384615 0.08533653846153846 0.1658653846153846
0 0.7115384615384616 0.3425480769230769 0.08533653846153846 0.31850961538461536
0 0.8076923076923077 0.4254807692307692 0.10216346153846154 0.31850961538461536
0 0.13581730769230768 0.44711538461538464 0.1466346153846154 0.18269230769230768
0 0.3016826923076923 0.5288461538461539 0.09254807692307693 0.2608173076923077
0 0.038461538461538464 0.5865384615384616 0.07692307692307693 0.19591346153846154
0 0.4639423076923077 0.6778846153846154 0.17307692307692307 0.18389423076923078
0 0.8016826923076923 0.6814903846153846 0.08653846153846154 0.2824519230769231
0 0.6358173076923077 0.7487980769230769 0.18389423076923078 0.13942307692307693
0 0.44471153846153844 0.828125 0.17307692307692307 0.14423076923076922
0 0.6586538461538461 0.8822115384615384 0.1201923076923077 0.13581730769230768
0 0.7439903846153846 0.8978365384615384 0.0985576923076923 0.11778846153846154
0 0.4639423076923077 0.9122596153846154 0.12860576923076922 0.17427884615384615
0 0.5612980769230769 0.9302884615384616 0.14182692307692307 0.1346153846153846
0 0.2704326923076923 0.9338942307692307 0.13341346153846154 0.12620192307692307
0 0.14302884615384615 0.9411057692307693 0.11778846153846154 0.11298076923076923
0 0.7956730769230769 0.12139423076923077 0.0733173076923077 0.24278846153846154