0 0.16346153846153846 0.14543269230769232 0.10576923076923077 0.2692307692307692
0 0.06129807692307692 0.1778846153846154 0.09615384615384616 0.18509615384615385
0 0.06129807692307692 0.2692307692307692 0.12259615384615384 0.21995192307692307
0 0.7956730769230769 0.2920673076923077 0.09495192307692307 0.3401442307692308
0 0.9627403846153846 0.32572115384615385 0.06971153846153846 0.2692307692307692
0 0.04927884615384615 0.36177884615384615 0.09254807692307693 0.21995192307692307
0 0.7055288461538461 0.4110576923076923 0.11298076923076923 0.3137019230769231
0 0.7596153846153846 0.6021634615384616 0.09975961538461539 0.2848557692307692
0 0.7872596153846154 0.6887019230769231 0.08653846153846154 0.2536057692307692
0 0.0625 0.7055288461538461 0.09254807692307693 0.25600961538461536
0 0.7427884615384616 0.8137019230769231 0.11778846153846154 0.20192307692307693
0 0.6850961538461539 0.8161057692307693 0.09254807692307693 0.26802884615384615
0 0.6033653846153846 0.8858173076923077 0.1141826923076923 0.22596153846153846
0 0.4963942307692308 0.8942307692307693 0.14543269230769232 0.21033653846153846
0 0.14903846153846154 0.9110576923076923 0.1201923076923077 0.12860576923076922
0 0.3076923076923077 0.9338942307692307 0.16826923076923078 0.12860576923076922
0 0.7632211538461539 0.1141826923076923 0.10336538461538461 0.2283653846153846
0 0.6826923076923077 0.12620192307692307 0.09975961538461539 0.2512019230769231