0 0.06490384615384616 0.16346153846153846 0.12980769230769232 0.15504807692307693
0 0.8028846153846154 0.17427884615384615 0.057692307692307696 0.30288461538461536
0 0.23557692307692307 0.3942307692307692 0.11177884615384616 0.2980769230769231
0 0.13822115384615385 0.40625 0.10216346153846154 0.21033653846153846
0 0.0625 0.5060096153846154 0.125 0.20432692307692307
0 0.8004807692307693 0.5360576923076923 0.06009615384615385 0.3161057692307692
0 0.33653846153846156 0.7103365384615384 0.16706730769230768 0.1875
0 0.4495192307692308 0.7896634615384616 0.18509615384615385 0.21394230769230768
0 0.7800480769230769 0.8088942307692307 0.0889423076923077 0.265625
0 0.7379807692307693 0.8629807692307693 0.1466346153846154 0.1935096153846154
0 0.5673076923076923 0.8774038461538461 0.0673076923076923 0.2439903846153846
0 0.5817307692307693 0.9278846153846154 0.1814903846153846 0.14302884615384615
0 0.4182692307692308 0.9399038461538461 0.1466346153846154 0.11899038461538461
0 0.296875 0.9615384615384616 0.11778846153846154 0.07211538461538461
0 0.7512019230769231 0.12379807692307693 0.0985576923076923 0.24759615384615385