0 0.3173076923076923 0.3870192307692308 0.20192307692307693 0.21995192307692307
0 0.1658653846153846 0.4495192307692308 0.14182692307692307 0.2704326923076923
0 0.38341346153846156 0.4519230769230769 0.21514423076923078 0.21875
0 0.046875 0.46634615384615385 0.08413461538461539 0.3798076923076923
0 0.6802884615384616 0.4855769230769231 0.140625 0.4254807692307692
0 0.07451923076923077 0.6081730769230769 0.08052884615384616 0.3088942307692308
0 0.8076923076923077 0.6177884615384616 0.08774038461538461 0.328125
0 0.3329326923076923 0.6310096153846154 0.09134615384615384 0.24519230769230768
0 0.28125 0.06610576923076923 0.17067307692307693 0.1310096153846154
0 0.7740384615384616 0.7980769230769231 0.06490384615384616 0.2439903846153846
0 0.6682692307692307 0.8112980769230769 0.11298076923076923 0.24278846153846154
0 0.14903846153846154 0.08774038461538461 0.09014423076923077 0.17548076923076922
0 0.32572115384615385 0.8954326923076923 0.10817307692307693 0.14182692307692307
0 0.18870192307692307 0.9254807692307693 0.10817307692307693 0.14423076923076922
0 0.3581730769230769 0.9591346153846154 0.14423076923076922 0.08052884615384616
0 0.051682692307692304 0.1045673076923077 0.10216346153846154 0.203125
0 0.7331730769230769 0.11057692307692307 0.21514423076923078 0.22115384615384615