0 0.765625 0.16346153846153846 0.057692307692307696 0.32572115384615385
0 0.7283653846153846 0.17067307692307693 0.057692307692307696 0.33774038461538464
0 0.04326923076923077 0.2127403846153846 0.08533653846153846 0.18509615384615385
0 0.6586538461538461 0.2536057692307692 0.12860576923076922 0.23798076923076922
0 0.020432692307692308 0.2824519230769231 0.039663461538461536 0.17067307692307693
0 0.8028846153846154 0.3112980769230769 0.08052884615384616 0.2980769230769231
0 0.08774038461538461 0.45913461538461536 0.11899038461538461 0.12740384615384615
0 0.06610576923076923 0.5576923076923077 0.1310096153846154 0.15264423076923078
0 0.75 0.5625 0.1502403846153846 0.203125
0 0.7764423076923077 0.7055288461538461 0.09014423076923077 0.26802884615384615
0 0.4951923076923077 0.7211538461538461 0.10096153846153846 0.15865384615384615
0 0.6286057692307693 0.7439903846153846 0.11538461538461539 0.19951923076923078
0 0.7139423076923077 0.7548076923076923 0.12139423076923077 0.20673076923076922
0 0.8016826923076923 0.7860576923076923 0.06610576923076923 0.24879807692307693
0 0.25721153846153844 0.8125 0.16105769230769232 0.10576923076923077
0 0.6682692307692307 0.8473557692307693 0.13701923076923078 0.12740384615384615
0 0.5540865384615384 0.859375 0.09014423076923077 0.14543269230769232
0 0.6045673076923077 0.09014423076923077 0.19230769230769232 0.18028846153846154
0 0.2608173076923077 0.9098557692307693 0.16947115384615385 0.15504807692307693
0 0.7019230769230769 0.9278846153846154 0.16826923076923078 0.13942307692307693
0 0.37259615384615385 0.9302884615384616 0.11057692307692307 0.1346153846153846
0 0.47475961538461536 0.9314903846153846 0.16105769230769232 0.13221153846153846
0 0.11538461538461539 0.11298076923076923 0.09375 0.171875