0 0.7355769230769231 0.16826923076923078 0.13701923076923078 0.21875
0 0.07451923076923077 0.2283653846153846 0.13221153846153846 0.13581730769230768
0 0.6622596153846154 0.27283653846153844 0.15625 0.1778846153846154
0 0.15745192307692307 0.38341346153846156 0.09254807692307693 0.32572115384615385
0 0.7884615384615384 0.4170673076923077 0.09495192307692307 0.34615384615384615
0 0.08653846153846154 0.49278846153846156 0.125 0.16346153846153846
0 0.040865384615384616 0.59375 0.08173076923076923 0.27524038461538464
0 0.7055288461538461 0.6237980769230769 0.1346153846153846 0.15865384615384615
0 0.8040865384615384 0.7355769230769231 0.08533653846153846 0.28846153846153844
0 0.6514423076923077 0.796875 0.1971153846153846 0.16105769230769232
0 0.2512019230769231 0.8798076923076923 0.0829326923076923 0.17908653846153846
0 0.6670673076923077 0.9170673076923077 0.19230769230769232 0.1622596153846154
0 0.4723557692307692 0.9314903846153846 0.15745192307692307 0.1346153846153846
0 0.30528846153846156 0.9555288461538461 0.15865384615384615 0.08413461538461539
0 0.051682692307692304 0.11298076923076923 0.10216346153846154 0.12620192307692307