0 0.11177884615384616 0.1875 0.10216346153846154 0.34134615384615385
0 0.15985576923076922 0.36177884615384615 0.11538461538461539 0.2824519230769231
0 0.7932692307692307 0.3786057692307692 0.1310096153846154 0.27884615384615385
0 0.765625 0.4879807692307692 0.12740384615384615 0.30288461538461536
0 0.7247596153846154 0.5384615384615384 0.1141826923076923 0.25600961538461536
0 0.07451923076923077 0.5913461538461539 0.0889423076923077 0.3245192307692308
0 0.6550480769230769 0.7463942307692307 0.17307692307692307 0.19951923076923078
0 0.5240384615384616 0.7512019230769231 0.16706730769230768 0.18990384615384615
0 0.8004807692307693 0.7704326923076923 0.042067307692307696 0.2932692307692308
0 0.7463942307692307 0.7836538461538461 0.046875 0.19110576923076922
0 0.6670673076923077 0.84375 0.12259615384615384 0.16346153846153846
0 0.29927884615384615 0.890625 0.10697115384615384 0.15625
0 0.46634615384615385 0.890625 0.12379807692307693 0.19230769230769232
0 0.20552884615384615 0.9050480769230769 0.07572115384615384 0.18389423076923078