0 0.5396634615384616 0.1971153846153846 0.10216346153846154 0.29927884615384615
0 0.15625 0.203125 0.12259615384615384 0.2860576923076923
0 0.7247596153846154 0.2403846153846154 0.14302884615384615 0.33774038461538464
0 0.09254807692307693 0.24759615384615385 0.08533653846153846 0.3317307692307692
0 0.7992788461538461 0.30649038461538464 0.07692307692307693 0.37259615384615385
0 0.9399038461538461 0.3088942307692308 0.04567307692307692 0.22355769230769232
0 0.046875 0.3605769230769231 0.09254807692307693 0.27283653846153844
0 0.43028846153846156 0.5685096153846154 0.12740384615384615 0.34134615384615385
0 0.04807692307692308 0.640625 0.07211538461538461 0.24158653846153846
0 0.78125 0.6802884615384616 0.1045673076923077 0.2800480769230769
0 0.625 0.78125 0.1622596153846154 0.21033653846153846
0 0.7451923076923077 0.8774038461538461 0.1346153846153846 0.13221153846153846
0 0.3449519230769231 0.8786057692307693 0.19591346153846154 0.21033653846153846
0 0.5048076923076923 0.9026442307692307 0.17307692307692307 0.18990384615384615
0 0.28725961538461536 0.9411057692307693 0.1466346153846154 0.11298076923076923