0 0.18509615384615385 0.16346153846153846 0.203125 0.21033653846153846
0 0.7043269230769231 0.27884615384615385 0.140625 0.23798076923076922
0 0.16346153846153846 0.30288461538461536 0.12620192307692307 0.22115384615384615
0 0.06490384615384616 0.31490384615384615 0.12860576923076922 0.2920673076923077
0 0.765625 0.35216346153846156 0.12740384615384615 0.2536057692307692
0 0.025240384615384616 0.4074519230769231 0.05048076923076923 0.21875
0 0.8125 0.4182692307692308 0.07572115384615384 0.2932692307692308
0 0.36177884615384615 0.42908653846153844 0.15865384615384615 0.25961538461538464
0 0.7463942307692307 0.5096153846153846 0.13221153846153846 0.2536057692307692
0 0.42908653846153844 0.5961538461538461 0.19471153846153846 0.18509615384615385
0 0.6899038461538461 0.6754807692307693 0.06971153846153846 0.2536057692307692
0 0.7800480769230769 0.6850961538461539 0.09014423076923077 0.17908653846153846
0 0.31490384615384615 0.7115384615384616 0.09014423076923077 0.28725961538461536
0 0.0673076923076923 0.7139423076923077 0.06490384615384616 0.23798076923076922
0 0.7367788461538461 0.8653846153846154 0.16706730769230768 0.2247596153846154
0 0.28725961538461536 0.8822115384615384 0.15985576923076922 0.16706730769230768
0 0.34134615384615385 0.9278846153846154 0.1201923076923077 0.13942307692307693
0 0.4855769230769231 0.9399038461538461 0.14182692307692307 0.11658653846153846
0 0.7043269230769231 0.11298076923076923 0.109375 0.2247596153846154
0 0.6274038461538461 0.12860576923076922 0.16346153846153846 0.25600961538461536