0 0.07932692307692307 0.1502403846153846 0.1045673076923077 0.21875
0 0.04326923076923077 0.2439903846153846 0.08653846153846154 0.17067307692307693
0 0.7560096153846154 0.25600961538461536 0.1658653846153846 0.21033653846153846
0 0.6899038461538461 0.34375 0.13822115384615385 0.2824519230769231
0 0.12139423076923077 0.40865384615384615 0.09975961538461539 0.27524038461538464
0 0.7764423076923077 0.421875 0.09134615384615384 0.2920673076923077
0 0.27524038461538464 0.43028846153846156 0.16346153846153846 0.2439903846153846
0 0.04807692307692308 0.5564903846153846 0.09495192307692307 0.2644230769230769
0 0.33413461538461536 0.6237980769230769 0.15504807692307693 0.22235576923076922
0 0.8088942307692307 0.6826923076923077 0.04326923076923077 0.2764423076923077
0 0.7536057692307693 0.7644230769230769 0.09014423076923077 0.28125
0 0.29086538461538464 0.7872596153846154 0.10576923076923077 0.22716346153846154
0 0.08413461538461539 0.8137019230769231 0.0625 0.17548076923076922
0 0.22956730769230768 0.8617788461538461 0.14423076923076922 0.1346153846153846
0 0.6478365384615384 0.8930288461538461 0.1778846153846154 0.16947115384615385
0 0.19591346153846154 0.9278846153846154 0.1346153846153846 0.13701923076923078
0 0.4951923076923077 0.9314903846153846 0.19110576923076922 0.1346153846153846
0 0.7512019230769231 0.11538461538461539 0.16826923076923078 0.20673076923076922