0 0.7608173076923077 0.2403846153846154 0.1502403846153846 0.1935096153846154
0 0.06971153846153846 0.27524038461538464 0.13221153846153846 0.2620192307692308
0 0.7908653846153846 0.4170673076923077 0.11057692307692307 0.31850961538461536
0 0.703125 0.4519230769230769 0.12620192307692307 0.3293269230769231
0 0.27884615384615385 0.4651442307692308 0.15504807692307693 0.2668269230769231
0 0.09975961538461539 0.4699519230769231 0.07451923076923077 0.2824519230769231
0 0.042067307692307696 0.5829326923076923 0.06129807692307692 0.23918269230769232
0 0.7043269230769231 0.6117788461538461 0.09735576923076923 0.1935096153846154
0 0.8137019230769231 0.7007211538461539 0.07091346153846154 0.3112980769230769
0 0.7620192307692307 0.7644230769230769 0.0673076923076923 0.2692307692307692
0 0.3233173076923077 0.7848557692307693 0.1310096153846154 0.2620192307692308
0 0.2620192307692308 0.8509615384615384 0.12379807692307693 0.12860576923076922
0 0.6322115384615384 0.8978365384615384 0.1658653846153846 0.16947115384615385
0 0.39663461538461536 0.9170673076923077 0.15264423076923078 0.15625
0 0.1935096153846154 0.9302884615384616 0.15504807692307693 0.13701923076923078
0 0.7512019230769231 0.09975961538461539 0.15384615384615385 0.18389423076923078