0 0.06370192307692307 0.1778846153846154 0.08653846153846154 0.27403846153846156
0 0.4963942307692308 0.18990384615384615 0.15504807692307693 0.34615384615384615
0 0.03365384615384615 0.234375 0.046875 0.234375
0 0.2932692307692308 0.5072115384615384 0.18629807692307693 0.16346153846153846
0 0.09254807692307693 0.5985576923076923 0.07451923076923077 0.24639423076923078
0 0.046875 0.6081730769230769 0.08533653846153846 0.3016826923076923
0 0.3293269230769231 0.6887019230769231 0.09134615384615384 0.2692307692307692
0 0.7175480769230769 0.7403846153846154 0.0733173076923077 0.2956730769230769
0 0.8028846153846154 0.7680288461538461 0.08052884615384616 0.31490384615384615
0 0.7644230769230769 0.08173076923076923 0.09134615384615384 0.1622596153846154
0 0.21514423076923078 0.8990384615384616 0.09375 0.1971153846153846
0 0.4651442307692308 0.9086538461538461 0.14783653846153846 0.1814903846153846
0 0.28365384615384615 0.9098557692307693 0.16346153846153846 0.17548076923076922
0 0.17908653846153846 0.9146634615384616 0.10817307692307693 0.1658653846153846
0 0.7415865384615384 0.9290865384615384 0.16105769230769232 0.13942307692307693
0 0.0985576923076923 0.09375 0.07211538461538461 0.1875
0 0.6658653846153846 0.10096153846153846 0.1141826923076923 0.20072115384615385