0 0.6947115384615384 0.2127403846153846 0.21514423076923078 0.19110576923076922
0 0.171875 0.35697115384615385 0.08052884615384616 0.2932692307692308
0 0.2860576923076923 0.41346153846153844 0.12139423076923077 0.35096153846153844
0 0.796875 0.43028846153846156 0.08413461538461539 0.328125
0 0.71875 0.546875 0.12620192307692307 0.20072115384615385
0 0.09375 0.5697115384615384 0.12259615384615384 0.13341346153846154
0 0.5516826923076923 0.7211538461538461 0.18629807692307693 0.14543269230769232
0 0.3329326923076923 0.7608173076923077 0.17908653846153846 0.14302884615384615
0 0.7992788461538461 0.7764423076923077 0.06610576923076923 0.25
0 0.5853365384615384 0.8665865384615384 0.12620192307692307 0.15865384615384615
0 0.20552884615384615 0.890625 0.057692307692307696 0.17908653846153846
0 0.6478365384615384 0.8918269230769231 0.15745192307692307 0.140625
0 0.24759615384615385 0.8990384615384616 0.07211538461538461 0.17668269230769232
0 0.39302884615384615 0.9038461538461539 0.13581730769230768 0.1778846153846154