0 0.10817307692307693 0.19951923076923078 0.11778846153846154 0.29086538461538464
0 0.1466346153846154 0.3605769230769231 0.12980769230769232 0.2764423076923077
0 0.7764423076923077 0.3954326923076923 0.11899038461538461 0.30288461538461536
0 0.042067307692307696 0.44350961538461536 0.06370192307692307 0.25600961538461536
0 0.7692307692307693 0.5036057692307693 0.11538461538461539 0.2932692307692308
0 0.7175480769230769 0.5360576923076923 0.11658653846153846 0.2848557692307692
0 0.09254807692307693 0.5600961538461539 0.09254807692307693 0.25841346153846156
0 0.6911057692307693 0.6310096153846154 0.09975961538461539 0.13581730769230768
0 0.6730769230769231 0.7451923076923077 0.15745192307692307 0.17067307692307693
0 0.7944711538461539 0.7451923076923077 0.06490384615384616 0.2956730769230769
0 0.5072115384615384 0.7920673076923077 0.14302884615384615 0.20673076923076922
0 0.7584134615384616 0.7932692307692307 0.056490384615384616 0.22355769230769232
0 0.6694711538461539 0.8653846153846154 0.14543269230769232 0.17908653846153846
0 0.29927884615384615 0.890625 0.1346153846153846 0.19110576923076922
0 0.4735576923076923 0.8894230769230769 0.1778846153846154 0.21634615384615385
0 0.20192307692307693 0.9038461538461539 0.10096153846153846 0.17668269230769232