0 0.7391826923076923 0.14302884615384615 0.20793269230769232 0.16346153846153846
0 0.08413461538461539 0.23317307692307693 0.10817307692307693 0.265625
0 0.052884615384615384 0.30649038461538464 0.0985576923076923 0.25961538461538464
0 0.3581730769230769 0.38822115384615385 0.14783653846153846 0.4182692307692308
0 0.9471153846153846 0.42788461538461536 0.05048076923076923 0.31850961538461536
0 0.04447115384615385 0.5516826923076923 0.0889423076923077 0.3112980769230769
0 0.47115384615384615 0.057692307692307696 0.1141826923076923 0.11538461538461539
0 0.7800480769230769 0.7704326923076923 0.0673076923076923 0.28966346153846156
0 0.36538461538461536 0.7992788461538461 0.16947115384615385 0.26322115384615385
0 0.515625 0.8173076923076923 0.07091346153846154 0.30408653846153844
0 0.28725961538461536 0.8665865384615384 0.09254807692307693 0.265625
0 0.40625 0.8930288461538461 0.15264423076923078 0.16466346153846154
0 0.2091346153846154 0.8990384615384616 0.15144230769230768 0.15865384615384615
0 0.19591346153846154 0.9471153846153846 0.10697115384615384 0.10336538461538461
0 0.11298076923076923 0.12860576923076922 0.10817307692307693 0.23317307692307693