0 0.71875 0.18389423076923078 0.11658653846153846 0.32091346153846156
0 0.7620192307692307 0.3641826923076923 0.026442307692307692 0.22355769230769232
0 0.6947115384615384 0.49158653846153844 0.13341346153846154 0.16466346153846154
0 0.4050480769230769 0.53125 0.18389423076923078 0.20432692307692307
0 0.27884615384615385 0.5372596153846154 0.12740384615384615 0.40384615384615385
0 0.8137019230769231 0.5588942307692307 0.056490384615384616 0.32091346153846156
0 0.7151442307692307 0.5673076923076923 0.11298076923076923 0.08774038461538461
0 0.05048076923076923 0.6274038461538461 0.10096153846153846 0.25240384615384615
0 0.75 0.7127403846153846 0.109375 0.2536057692307692
0 0.7980769230769231 0.8257211538461539 0.07932692307692307 0.18870192307692307
0 0.18269230769230768 0.8822115384615384 0.09375 0.14182692307692307
0 0.7896634615384616 0.0889423076923077 0.11177884615384616 0.17307692307692307
0 0.6274038461538461 0.9146634615384616 0.15865384615384615 0.1658653846153846
0 0.2980769230769231 0.9194711538461539 0.12980769230769232 0.15625