0 0.12259615384615384 0.16466346153846154 0.13822115384615385 0.2403846153846154
0 0.5829326923076923 0.1658653846153846 0.18870192307692307 0.2860576923076923
0 0.09615384615384616 0.2620192307692308 0.08413461538461539 0.21514423076923078
0 0.046875 0.27163461538461536 0.09375 0.19110576923076922
0 0.12860576923076922 0.36538461538461536 0.13341346153846154 0.18990384615384615
0 0.9375 0.38100961538461536 0.06850961538461539 0.27884615384615385
0 0.7896634615384616 0.39663461538461536 0.09014423076923077 0.34375
0 0.051682692307692304 0.45072115384615385 0.10216346153846154 0.25841346153846156
0 0.06490384615384616 0.5901442307692307 0.12860576923076922 0.29447115384615385
0 0.7932692307692307 0.06610576923076923 0.13221153846153846 0.1310096153846154
0 0.30288461538461536 0.6862980769230769 0.11538461538461539 0.3112980769230769
0 0.8064903846153846 0.8245192307692307 0.07451923076923077 0.34615384615384615
0 0.6995192307692307 0.8701923076923077 0.15625 0.12379807692307693
0 0.17548076923076922 0.8774038461538461 0.07692307692307693 0.12379807692307693
0 0.11177884615384616 0.8798076923076923 0.10697115384615384 0.2283653846153846
0 0.31490384615384615 0.8918269230769231 0.19831730769230768 0.1045673076923077
0 0.36899038461538464 0.9338942307692307 0.18509615384615385 0.12740384615384615
0 0.4639423076923077 0.12379807692307693 0.19230769230769232 0.24759615384615385