0 0.7403846153846154 0.17307692307692307 0.109375 0.20192307692307693
0 0.6069711538461539 0.2764423076923077 0.17548076923076922 0.2980769230769231
0 0.7127403846153846 0.27884615384615385 0.14783653846153846 0.16346153846153846
0 0.38221153846153844 0.32211538461538464 0.15264423076923078 0.28725961538461536
0 0.3004807692307692 0.36538461538461536 0.1622596153846154 0.33653846153846156
0 0.7319711538461539 0.47716346153846156 0.109375 0.328125
0 0.8040865384615384 0.5204326923076923 0.08653846153846154 0.2932692307692308
0 0.036057692307692304 0.6033653846153846 0.07091346153846154 0.25600961538461536
0 0.48197115384615385 0.6057692307692307 0.1346153846153846 0.2704326923076923
0 0.07572115384615384 0.6286057692307693 0.09254807692307693 0.27884615384615385
0 0.6418269230769231 0.7067307692307693 0.11538461538461539 0.18509615384615385
0 0.5384615384615384 0.7463942307692307 0.18870192307692307 0.15384615384615385
0 0.7896634615384616 0.8004807692307693 0.08173076923076923 0.3173076923076923
0 0.43149038461538464 0.84375 0.08533653846153846 0.2932692307692308
0 0.36177884615384615 0.8677884615384616 0.08173076923076923 0.22115384615384615
0 0.4879807692307692 0.8930288461538461 0.15384615384615385 0.2091346153846154
0 0.2536057692307692 0.9146634615384616 0.140625 0.1201923076923077
0 0.6394230769230769 0.12620192307692307 0.1875 0.17307692307692307