0 0.5853365384615384 0.1971153846153846 0.09975961538461539 0.33533653846153844
0 0.7560096153846154 0.2283653846153846 0.1658653846153846 0.24519230769230768
0 0.41466346153846156 0.2980769230769231 0.18028846153846154 0.3004807692307692
0 0.019230769230769232 0.3173076923076923 0.037259615384615384 0.2620192307692308
0 0.08173076923076923 0.34375 0.07692307692307693 0.2800480769230769
0 0.2980769230769231 0.4074519230769231 0.12740384615384615 0.36538461538461536
0 0.7932692307692307 0.46274038461538464 0.09375 0.2956730769230769
0 0.08173076923076923 0.5372596153846154 0.07932692307692307 0.23798076923076922
0 0.04567307692307692 0.6033653846153846 0.09134615384615384 0.3004807692307692
0 0.7079326923076923 0.0625 0.11658653846153846 0.125
0 0.8016826923076923 0.8149038461538461 0.06610576923076923 0.29086538461538464
0 0.7319711538461539 0.8161057692307693 0.10817307692307693 0.21033653846153846
0 0.22596153846153846 0.8221153846153846 0.10216346153846154 0.24278846153846154
0 0.11177884615384616 0.8810096153846154 0.11778846153846154 0.23317307692307693
0 0.5168269230769231 0.90625 0.18028846153846154 0.1346153846153846
0 0.25 0.9194711538461539 0.09134615384615384 0.15625
0 0.45913461538461536 0.9411057692307693 0.15865384615384615 0.11298076923076923
0 0.8100961538461539 0.11899038461538461 0.0985576923076923 0.23798076923076922