0 0.13581730769230768 0.17668269230769232 0.0829326923076923 0.35336538461538464
0 0.06009615384615385 0.20673076923076922 0.09254807692307693 0.21514423076923078
0 0.7896634615384616 0.27884615384615385 0.11778846153846154 0.3942307692307692
0 0.042067307692307696 0.28125 0.0829326923076923 0.2800480769230769
0 0.22235576923076922 0.29447115384615385 0.1045673076923077 0.3485576923076923
0 0.052884615384615384 0.4050480769230769 0.1045673076923077 0.29086538461538464
0 0.7007211538461539 0.4098557692307692 0.11177884615384616 0.4050480769230769
0 0.7572115384615384 0.5997596153846154 0.07932692307692307 0.40384615384615385
0 0.7932692307692307 0.6670673076923077 0.08413461538461539 0.3161057692307692
0 0.06971153846153846 0.7055288461538461 0.0829326923076923 0.3293269230769231
0 0.7548076923076923 0.7980769230769231 0.109375 0.25
0 0.5889423076923077 0.8028846153846154 0.0985576923076923 0.24759615384615385
0 0.6838942307692307 0.8317307692307693 0.109375 0.2704326923076923
0 0.7848557692307693 0.09014423076923077 0.06971153846153846 0.17908653846153846
0 0.28725961538461536 0.9146634615384616 0.10336538461538461 0.12259615384615384
0 0.3786057692307692 0.9435096153846154 0.16105769230769232 0.10817307692307693
0 0.6947115384615384 0.12259615384615384 0.10336538461538461 0.22596153846153846