0 0.18269230769230768 0.4098557692307692 0.14783653846153846 0.203125
0 0.04326923076923077 0.46153846153846156 0.08653846153846154 0.30288461538461536
0 0.7716346153846154 0.5516826923076923 0.11658653846153846 0.2439903846153846
0 0.0625 0.7295673076923077 0.06850961538461539 0.19110576923076922
0 0.6923076923076923 0.7536057692307693 0.16466346153846154 0.16826923076923078
0 0.7728365384615384 0.7860576923076923 0.09134615384615384 0.24639423076923078
0 0.28966346153846156 0.7860576923076923 0.13701923076923078 0.16346153846153846
0 0.46875 0.8641826923076923 0.15865384615384615 0.21033653846153846
0 0.6598557692307693 0.9002403846153846 0.14543269230769232 0.11538461538461539
0 0.31850961538461536 0.9122596153846154 0.10336538461538461 0.17427884615384615
0 0.19471153846153846 0.9146634615384616 0.10576923076923077 0.1658653846153846
0 0.40625 0.9459134615384616 0.16346153846153846 0.10336538461538461
0 0.5649038461538461 0.11057692307692307 0.10576923076923077 0.22115384615384615
0 0.7295673076923077 0.11057692307692307 0.1971153846153846 0.22115384615384615