0 0.7548076923076923 0.23677884615384615 0.15865384615384615 0.20072115384615385
0 0.6153846153846154 0.27163461538461536 0.21514423076923078 0.20552884615384615
0 0.07211538461538461 0.38221153846153844 0.07572115384615384 0.32211538461538464
0 0.29927884615384615 0.39302884615384615 0.12139423076923077 0.34134615384615385
0 0.4026442307692308 0.43990384615384615 0.18509615384615385 0.25841346153846156
0 0.7956730769230769 0.45552884615384615 0.09495192307692307 0.3004807692307692
0 0.039663461538461536 0.5600961538461539 0.0733173076923077 0.34134615384615385
0 0.08173076923076923 0.5961538461538461 0.078125 0.11298076923076923
0 0.6850961538461539 0.06490384615384616 0.125 0.12980769230769232
0 0.7944711538461539 0.7884615384615384 0.06009615384615385 0.29447115384615385
0 0.7379807692307693 0.8161057692307693 0.09495192307692307 0.2283653846153846
0 0.265625 0.8990384615384616 0.08533653846153846 0.19951923076923078
0 0.484375 0.9242788461538461 0.15144230769230768 0.1466346153846154
0 0.3557692307692308 0.9387019230769231 0.12259615384615384 0.12139423076923077
0 0.7908653846153846 0.1141826923076923 0.08533653846153846 0.2283653846153846