0 0.09735576923076923 0.14423076923076922 0.13942307692307693 0.19951923076923078
0 0.051682692307692304 0.375 0.10216346153846154 0.20673076923076922
0 0.14302884615384615 0.40384615384615385 0.11298076923076923 0.31009615384615385
0 0.7824519230769231 0.41346153846153844 0.1310096153846154 0.28365384615384615
0 0.09495192307692307 0.5997596153846154 0.0829326923076923 0.17548076923076922
0 0.04567307692307692 0.6286057692307693 0.09014423076923077 0.26802884615384615
0 0.7896634615384616 0.6730769230769231 0.11658653846153846 0.30288461538461536
0 0.3870192307692308 0.7896634615384616 0.171875 0.2668269230769231
0 0.296875 0.8449519230769231 0.15384615384615385 0.22956730769230768
0 0.17307692307692307 0.9266826923076923 0.16826923076923078 0.14423076923076922
0 0.7079326923076923 0.12259615384615384 0.15144230769230768 0.24519230769230768