0 0.1141826923076923 0.2536057692307692 0.08653846153846154 0.2776442307692308
0 0.2620192307692308 0.2644230769230769 0.1310096153846154 0.27283653846153844
0 0.09134615384615384 0.4014423076923077 0.07091346153846154 0.28846153846153844
0 0.7403846153846154 0.4254807692307692 0.15144230769230768 0.18629807692307693
0 0.9591346153846154 0.4879807692307692 0.07932692307692307 0.30408653846153844
0 0.042067307692307696 0.6201923076923077 0.08413461538461539 0.234375
0 0.7427884615384616 0.8401442307692307 0.1502403846153846 0.18389423076923078
0 0.3858173076923077 0.84375 0.18509615384615385 0.15264423076923078
0 0.2512019230769231 0.8521634615384616 0.1201923076923077 0.16105769230769232
0 0.5528846153846154 0.9170673076923077 0.19230769230769232 0.1622596153846154
0 0.28365384615384615 0.9543269230769231 0.13341346153846154 0.0889423076923077
0 0.4026442307692308 0.9543269230769231 0.15865384615384615 0.0889423076923077
0 0.3713942307692308 0.12379807692307693 0.15264423076923078 0.24639423076923078