0 0.6766826923076923 0.21754807692307693 0.203125 0.30528846153846156
0 0.078125 0.24759615384615385 0.11538461538461539 0.2956730769230769
0 0.7247596153846154 0.27283653846153844 0.14423076923076922 0.23557692307692307
0 0.4110576923076923 0.27403846153846156 0.19110576923076922 0.4182692307692308
0 0.038461538461538464 0.28966346153846156 0.0673076923076923 0.14302884615384615
0 0.8161057692307693 0.4206730769230769 0.07692307692307693 0.3713942307692308
0 0.6971153846153846 0.4495192307692308 0.1814903846153846 0.25600961538461536
0 0.07692307692307693 0.5240384615384616 0.0985576923076923 0.19591346153846154
0 0.03485576923076923 0.5456730769230769 0.06971153846153846 0.10697115384615384
0 0.13942307692307693 0.06971153846153846 0.0985576923076923 0.13822115384615385
0 0.8004807692307693 0.7271634615384616 0.0889423076923077 0.25600961538461536
0 0.2608173076923077 0.8100961538461539 0.07572115384615384 0.20673076923076922
0 0.44711538461538464 0.8125 0.12379807692307693 0.3004807692307692
0 0.5336538461538461 0.8473557692307693 0.07091346153846154 0.25841346153846156
0 0.21875 0.8665865384615384 0.12379807692307693 0.17307692307692307
0 0.359375 0.9338942307692307 0.15625 0.12740384615384615