0 0.11538461538461539 0.2127403846153846 0.07211538461538461 0.2956730769230769
0 0.04927884615384615 0.2536057692307692 0.0673076923076923 0.27403846153846156
0 0.7439903846153846 0.34975961538461536 0.17427884615384615 0.17427884615384615
0 0.23918269230769232 0.38341346153846156 0.11298076923076923 0.2776442307692308
0 0.0673076923076923 0.484375 0.13341346153846154 0.17908653846153846
0 0.7956730769230769 0.5552884615384616 0.0829326923076923 0.2668269230769231
0 0.040865384615384616 0.5793269230769231 0.08173076923076923 0.2247596153846154
0 0.04567307692307692 0.7079326923076923 0.09134615384615384 0.18990384615384615
0 0.7884615384615384 0.7920673076923077 0.09975961538461539 0.2247596153846154
0 0.5516826923076923 0.796875 0.17067307692307693 0.1310096153846154
0 0.390625 0.8088942307692307 0.17067307692307693 0.140625
0 0.7319711538461539 0.8641826923076923 0.14302884615384615 0.1622596153846154
0 0.47115384615384615 0.8966346153846154 0.12980769230769232 0.13581730769230768
0 0.15384615384615385 0.9242788461538461 0.12259615384615384 0.1502403846153846
0 0.5625 0.9278846153846154 0.1814903846153846 0.14302884615384615