0 0.7139423076923077 0.16346153846153846 0.10216346153846154 0.3076923076923077
0 0.22355769230769232 0.17427884615384615 0.18629807692307693 0.1502403846153846
0 0.07091346153846154 0.27283653846153844 0.14182692307692307 0.23557692307692307
0 0.7632211538461539 0.2824519230769231 0.0985576923076923 0.3425480769230769
0 0.31971153846153844 0.38221153846153844 0.1310096153846154 0.37259615384615385
0 0.8004807692307693 0.5228365384615384 0.1141826923076923 0.29927884615384615
0 0.042067307692307696 0.5540865384615384 0.07932692307692307 0.2704326923076923
0 0.7007211538461539 0.8016826923076923 0.16466346153846154 0.12620192307692307
0 0.3557692307692308 0.8040865384615384 0.15264423076923078 0.2283653846153846
0 0.40384615384615385 0.8605769230769231 0.12740384615384615 0.10576923076923077
0 0.5204326923076923 0.8677884615384616 0.15625 0.25961538461538464
0 0.1875 0.8882211538461539 0.16947115384615385 0.15264423076923078
0 0.6826923076923077 0.9038461538461539 0.15264423076923078 0.12139423076923077
0 0.6069711538461539 0.9242788461538461 0.14903846153846154 0.12740384615384615
0 0.4483173076923077 0.9567307692307693 0.18509615384615385 0.08173076923076923
0 0.39783653846153844 0.10096153846153846 0.07451923076923077 0.20072115384615385