0 0.7716346153846154 0.14182692307692307 0.13942307692307693 0.28365384615384615
0 0.7163461538461539 0.20552884615384615 0.14543269230769232 0.3161057692307692
0 0.5360576923076923 0.21394230769230768 0.2091346153846154 0.17427884615384615
0 0.06490384615384616 0.23076923076923078 0.07932692307692307 0.2932692307692308
0 0.6935096153846154 0.26802884615384615 0.11538461538461539 0.3894230769230769
0 0.23918269230769232 0.2824519230769231 0.14182692307692307 0.3293269230769231
0 0.11658653846153846 0.39302884615384615 0.08173076923076923 0.33774038461538464
0 0.7908653846153846 0.4254807692307692 0.08533653846153846 0.3485576923076923
0 0.3473557692307692 0.46634615384615385 0.0985576923076923 0.3918269230769231
0 0.05048076923076923 0.49158653846153844 0.09134615384615384 0.29447115384615385
0 0.7127403846153846 0.6694711538461539 0.12740384615384615 0.16346153846153846
0 0.9495192307692307 0.6911057692307693 0.0985576923076923 0.12259615384615384
0 0.7884615384615384 0.7704326923076923 0.06490384615384616 0.23798076923076922
0 0.9519230769230769 0.7860576923076923 0.08533653846153846 0.10576923076923077
0 0.21754807692307693 0.8185096153846154 0.10576923076923077 0.16466346153846154
0 0.41947115384615385 0.8329326923076923 0.14783653846153846 0.24639423076923078
0 0.5300480769230769 0.8401442307692307 0.08052884615384616 0.2620192307692308
0 0.10216346153846154 0.8677884615384616 0.07211538461538461 0.20072115384615385
0 0.6694711538461539 0.8894230769230769 0.1346153846153846 0.09615384615384616
0 0.1935096153846154 0.9242788461538461 0.10697115384615384 0.12259615384615384
0 0.3245192307692308 0.9435096153846154 0.1466346153846154 0.11057692307692307