0 0.7379807692307693 0.14423076923076922 0.16706730769230768 0.2704326923076923
0 0.7920673076923077 0.3954326923076923 0.0985576923076923 0.3004807692307692
0 0.41586538461538464 0.4098557692307692 0.11177884615384616 0.3137019230769231
0 0.6971153846153846 0.42908653846153844 0.1971153846153846 0.20072115384615385
0 0.7223557692307693 0.5877403846153846 0.11899038461538461 0.15625
0 0.45552884615384615 0.6875 0.1201923076923077 0.24519230769230768
0 0.7896634615384616 0.703125 0.08653846153846154 0.29086538461538464
0 0.08653846153846154 0.8341346153846154 0.07451923076923077 0.2692307692307692
0 0.5588942307692307 0.8629807692307693 0.08533653846153846 0.24158653846153846
0 0.18870192307692307 0.8701923076923077 0.11899038461538461 0.17908653846153846
0 0.7043269230769231 0.8725961538461539 0.0985576923076923 0.24759615384615385
0 0.29927884615384615 0.9254807692307693 0.12259615384615384 0.14423076923076922