0 0.7163461538461539 0.20552884615384615 0.13341346153846154 0.3293269230769231
0 0.7956730769230769 0.2548076923076923 0.07091346153846154 0.2764423076923077
0 0.23557692307692307 0.3858173076923077 0.09375 0.3233173076923077
0 0.078125 0.4651442307692308 0.10697115384615384 0.23076923076923078
0 0.7860576923076923 0.4891826923076923 0.09375 0.3269230769230769
0 0.38221153846153844 0.5432692307692307 0.19230769230769232 0.18028846153846154
0 0.052884615384615384 0.6490384615384616 0.04807692307692308 0.23798076923076922
0 0.7944711538461539 0.7776442307692307 0.051682692307692304 0.25240384615384615
0 0.7487980769230769 0.8137019230769231 0.06610576923076923 0.27403846153846156
0 0.30288461538461536 0.8389423076923077 0.13221153846153846 0.17307692307692307
0 0.5949519230769231 0.8473557692307693 0.17307692307692307 0.11899038461538461
0 0.7223557692307693 0.8509615384615384 0.06370192307692307 0.26802884615384615
0 0.6298076923076923 0.9122596153846154 0.14903846153846154 0.1466346153846154
0 0.3233173076923077 0.9170673076923077 0.10336538461538461 0.12139423076923077
0 0.46033653846153844 0.9411057692307693 0.16105769230769232 0.11298076923076923
0 0.06129807692307692 0.13221153846153846 0.1141826923076923 0.18990384615384615