0 0.5901442307692307 0.15264423076923078 0.13341346153846154 0.30408653846153844
0 0.09375 0.22596153846153846 0.06971153846153846 0.265625
0 0.18990384615384615 0.27163461538461536 0.14783653846153846 0.25240384615384615
0 0.9615384615384616 0.2956730769230769 0.057692307692307696 0.2824519230769231
0 0.7103365384615384 0.3016826923076923 0.125 0.265625
0 0.038461538461538464 0.328125 0.07692307692307693 0.21394230769230768
0 0.7620192307692307 0.3581730769230769 0.11538461538461539 0.27403846153846156
0 0.375 0.45552884615384615 0.17067307692307693 0.28125
0 0.7572115384615384 0.5048076923076923 0.11538461538461539 0.22596153846153846
0 0.4338942307692308 0.6358173076923077 0.17427884615384615 0.1622596153846154
0 0.7007211538461539 0.6478365384615384 0.08052884615384616 0.26322115384615385
0 0.7836538461538461 0.6658653846153846 0.1045673076923077 0.17548076923076922
0 0.06370192307692307 0.7259615384615384 0.07211538461538461 0.27403846153846156
0 0.39903846153846156 0.7620192307692307 0.15504807692307693 0.20072115384615385
0 0.2512019230769231 0.8497596153846154 0.109375 0.16826923076923078
0 0.7403846153846154 0.8786057692307693 0.16706730769230768 0.18389423076923078
0 0.15985576923076922 0.9302884615384616 0.13701923076923078 0.1346153846153846
0 0.3449519230769231 0.9411057692307693 0.1466346153846154 0.11298076923076923
0 0.5024038461538461 0.9459134615384616 0.16826923076923078 0.10336538461538461
0 0.6610576923076923 0.11658653846153846 0.140625 0.23317307692307693