0 0.7319711538461539 0.22956730769230768 0.14182692307692307 0.13581730769230768
0 0.06971153846153846 0.25961538461538464 0.13942307692307693 0.2548076923076923
0 0.7932692307692307 0.43990384615384615 0.109375 0.3269230769230769
0 0.2800480769230769 0.46274038461538464 0.16346153846153846 0.28125
0 0.11899038461538461 0.47115384615384615 0.07211538461538461 0.30649038461538464
0 0.6923076923076923 0.47716346153846156 0.15264423076923078 0.3449519230769231
0 0.054086538461538464 0.5997596153846154 0.09014423076923077 0.2932692307692308
0 0.9483173076923077 0.6165865384615384 0.06610576923076923 0.18629807692307693
0 0.671875 0.6754807692307693 0.0625 0.18028846153846154
0 0.7632211538461539 0.7295673076923077 0.09134615384615384 0.27524038461538464
0 0.7920673076923077 0.7860576923076923 0.06370192307692307 0.23317307692307693
0 0.3125 0.8004807692307693 0.16706730769230768 0.1935096153846154
0 0.20432692307692307 0.8269230769230769 0.08173076923076923 0.06610576923076923
0 0.625 0.8762019230769231 0.140625 0.1778846153846154
0 0.39783653846153844 0.921875 0.15625 0.15144230769230768
0 0.7572115384615384 0.1201923076923077 0.14182692307692307 0.22235576923076922