0 0.05048076923076923 0.2620192307692308 0.10096153846153846 0.2692307692307692
0 0.6514423076923077 0.2800480769230769 0.125 0.30408653846153844
0 0.5240384615384616 0.3112980769230769 0.2127403846153846 0.265625
0 0.10697115384615384 0.40625 0.10697115384615384 0.3245192307692308
0 0.040865384615384616 0.4855769230769231 0.06009615384615385 0.2704326923076923
0 0.8149038461538461 0.6021634615384616 0.10096153846153846 0.2536057692307692
0 0.3545673076923077 0.6021634615384616 0.12860576923076922 0.375
0 0.796875 0.8112980769230769 0.08774038461538461 0.19110576923076922
0 0.7163461538461539 0.8605769230769231 0.11899038461538461 0.2608173076923077
0 0.5216346153846154 0.8918269230769231 0.19230769230769232 0.21394230769230768
0 0.40625 0.9098557692307693 0.16105769230769232 0.17668269230769232
0 0.3233173076923077 0.9387019230769231 0.14182692307692307 0.12139423076923077
0 0.18509615384615385 0.9495192307692307 0.18269230769230768 0.09615384615384616