0 0.03245192307692308 0.171875 0.0625 0.1875
0 0.1141826923076923 0.1814903846153846 0.11298076923076923 0.3161057692307692
0 0.1502403846153846 0.3713942307692308 0.14182692307692307 0.28725961538461536
0 0.7860576923076923 0.38341346153846156 0.14783653846153846 0.2776442307692308
0 0.038461538461538464 0.40625 0.07692307692307693 0.28846153846153844
0 0.7716346153846154 0.4963942307692308 0.1201923076923077 0.2932692307692308
0 0.7283653846153846 0.49759615384615385 0.09735576923076923 0.3449519230769231
0 0.6814903846153846 0.5204326923076923 0.09615384615384616 0.3473557692307692
0 0.0733173076923077 0.5480769230769231 0.0625 0.24519230769230768
0 0.6778846153846154 0.7319711538461539 0.1658653846153846 0.17427884615384615
0 0.057692307692307696 0.734375 0.07572115384615384 0.25600961538461536
0 0.7932692307692307 0.765625 0.0889423076923077 0.26322115384615385
0 0.7475961538461539 0.8100961538461539 0.06129807692307692 0.2536057692307692
0 0.6646634615384616 0.8521634615384616 0.17908653846153846 0.18629807692307693
0 0.5709134615384616 0.8533653846153846 0.09495192307692307 0.25841346153846156
0 0.3317307692307692 0.8846153846153846 0.1466346153846154 0.1814903846153846
0 0.20673076923076922 0.8882211538461539 0.08173076923076923 0.21875