0 0.6117788461538461 0.22956730769230768 0.17427884615384615 0.30528846153846156
0 0.054086538461538464 0.23317307692307693 0.10817307692307693 0.23918269230769232
0 0.7980769230769231 0.34134615384615385 0.09375 0.3798076923076923
0 0.39903846153846156 0.3605769230769231 0.23798076923076922 0.1971153846153846
0 0.03485576923076923 0.5168269230769231 0.06971153846153846 0.2548076923076923
0 0.32572115384615385 0.5877403846153846 0.17548076923076922 0.15144230769230768
0 0.4495192307692308 0.7079326923076923 0.09014423076923077 0.2704326923076923
0 0.7512019230769231 0.7451923076923077 0.0829326923076923 0.2512019230769231
0 0.8149038461538461 0.07932692307692307 0.07692307692307693 0.15865384615384615
0 0.8064903846153846 0.7896634615384616 0.08413461538461539 0.24879807692307693
0 0.23677884615384615 0.8882211538461539 0.11177884615384616 0.20552884615384615
0 0.3317307692307692 0.8990384615384616 0.078125 0.19951923076923078
0 0.48677884615384615 0.9314903846153846 0.20673076923076922 0.1346153846153846
0 0.6274038461538461 0.9314903846153846 0.14423076923076922 0.1346153846153846