0 0.7247596153846154 0.18028846153846154 0.11899038461538461 0.32211538461538464
0 0.8389423076923077 0.22956730769230768 0.0829326923076923 0.28846153846153844
0 0.042067307692307696 0.36778846153846156 0.06971153846153846 0.29447115384615385
0 0.4387019230769231 0.3954326923076923 0.10336538461538461 0.39783653846153844
0 0.8161057692307693 0.5348557692307693 0.07692307692307693 0.34134615384615385
0 0.06370192307692307 0.5925480769230769 0.055288461538461536 0.20793269230769232
0 0.34134615384615385 0.7055288461538461 0.17668269230769232 0.17067307692307693
0 0.7548076923076923 0.71875 0.06370192307692307 0.2932692307692308
0 0.7199519230769231 0.7740384615384616 0.07451923076923077 0.32091346153846156
0 0.7908653846153846 0.7788461538461539 0.0829326923076923 0.2608173076923077
0 0.6298076923076923 0.8942307692307693 0.13701923076923078 0.2091346153846154
0 0.3088942307692308 0.9002403846153846 0.14783653846153846 0.13701923076923078
0 0.20793269230769232 0.9038461538461539 0.08413461538461539 0.1875
0 0.4543269230769231 0.9278846153846154 0.17307692307692307 0.13942307692307693