0 0.06610576923076923 0.16105769230769232 0.10817307692307693 0.21995192307692307
0 0.6478365384615384 0.33653846153846156 0.11538461538461539 0.34375
0 0.10697115384615384 0.43149038461538464 0.09254807692307693 0.3245192307692308
0 0.04927884615384615 0.4699519230769231 0.07451923076923077 0.28125
0 0.7920673076923077 0.5480769230769231 0.09014423076923077 0.2860576923076923
0 0.41586538461538464 0.7007211538461539 0.08052884615384616 0.3137019230769231
0 0.5997596153846154 0.7884615384615384 0.12740384615384615 0.17067307692307693
0 0.7824519230769231 0.7992788461538461 0.08774038461538461 0.23317307692307693
0 0.0889423076923077 0.8569711538461539 0.08413461538461539 0.22355769230769232
0 0.5685096153846154 0.8798076923076923 0.18269230769230768 0.12259615384615384
0 0.6790865384615384 0.8810096153846154 0.11899038461538461 0.203125
0 0.296875 0.8834134615384616 0.10817307692307693 0.2283653846153846
0 0.16346153846153846 0.9158653846153846 0.07211538461538461 0.16346153846153846
0 0.42788461538461536 0.9314903846153846 0.15384615384615385 0.13221153846153846
0 0.5360576923076923 0.9627403846153846 0.13942307692307693 0.06971153846153846
0 0.8161057692307693 0.1310096153846154 0.11658653846153846 0.2620192307692308