0 0.5528846153846154 0.18389423076923078 0.1310096153846154 0.33413461538461536
0 0.39302884615384615 0.4483173076923077 0.1971153846153846 0.2704326923076923
0 0.08173076923076923 0.5336538461538461 0.0889423076923077 0.30288461538461536
0 0.4014423076923077 0.5985576923076923 0.17067307692307693 0.25600961538461536
0 0.046875 0.6057692307692307 0.06610576923076923 0.28966346153846156
0 0.7884615384615384 0.7439903846153846 0.08052884615384616 0.28725961538461536
0 0.5625 0.7680288461538461 0.12860576923076922 0.19230769230769232
0 0.9254807692307693 0.8016826923076923 0.06009615384615385 0.1310096153846154
0 0.6802884615384616 0.8581730769230769 0.1310096153846154 0.23317307692307693
0 0.36778846153846156 0.8942307692307693 0.11899038461538461 0.20072115384615385
0 0.2848557692307692 0.9146634615384616 0.12740384615384615 0.16706730769230768
0 0.18870192307692307 0.9314903846153846 0.08533653846153846 0.125
0 0.6502403846153846 0.09735576923076923 0.06850961538461539 0.18990384615384615
0 0.7247596153846154 0.12860576923076922 0.08774038461538461 0.25721153846153844