0 0.5168269230769231 0.1875 0.12139423076923077 0.375
0 0.051682692307692304 0.29927884615384615 0.09495192307692307 0.2692307692307692
0 0.7692307692307693 0.3942307692307692 0.10336538461538461 0.3016826923076923
0 0.2800480769230769 0.44471153846153844 0.17908653846153846 0.24519230769230768
0 0.02283653846153846 0.5396634615384616 0.030048076923076924 0.17427884615384615
0 0.7596153846153846 0.5817307692307693 0.13581730769230768 0.11177884615384616
0 0.09975961538461539 0.5877403846153846 0.057692307692307696 0.15985576923076922
0 0.46153846153846156 0.5961538461538461 0.1141826923076923 0.12259615384615384
0 0.05889423076923077 0.6346153846153846 0.04927884615384615 0.19471153846153846
0 0.3425480769230769 0.7463942307692307 0.15865384615384615 0.2644230769230769
0 0.7548076923076923 0.765625 0.0829326923076923 0.2620192307692308
0 0.0733173076923077 0.8137019230769231 0.051682692307692304 0.1875
0 0.24519230769230768 0.8533653846153846 0.10817307692307693 0.13221153846153846
0 0.2247596153846154 0.9002403846153846 0.11298076923076923 0.15264423076923078
0 0.6394230769230769 0.9110576923076923 0.17908653846153846 0.13942307692307693
0 0.3545673076923077 0.9134615384615384 0.1502403846153846 0.16947115384615385
0 0.6622596153846154 0.09375 0.11538461538461539 0.1875
0 0.7668269230769231 0.13221153846153846 0.12259615384615384 0.24879807692307693
0 0.07692307692307693 0.13341346153846154 0.11538461538461539 0.2668269230769231