0 0.6526442307692307 0.14423076923076922 0.12980769230769232 0.28725961538461536
0 0.10697115384615384 0.15625 0.109375 0.28725961538461536
0 0.042067307692307696 0.21033653846153846 0.0829326923076923 0.296875
0 0.4423076923076923 0.2668269230769231 0.11778846153846154 0.3076923076923077
0 0.7091346153846154 0.35216346153846156 0.15144230769230768 0.22596153846153846
0 0.7848557692307693 0.36899038461538464 0.09014423076923077 0.27524038461538464
0 0.8209134615384616 0.41225961538461536 0.06370192307692307 0.2776442307692308
0 0.03365384615384615 0.42427884615384615 0.06610576923076923 0.2608173076923077
0 0.1971153846153846 0.43509615384615385 0.11057692307692307 0.24879807692307693
0 0.6766826923076923 0.5997596153846154 0.09375 0.33533653846153844
0 0.7199519230769231 0.6225961538461539 0.06490384615384616 0.28125
0 0.8028846153846154 0.6346153846153846 0.06129807692307692 0.2512019230769231
0 0.7560096153846154 0.7115384615384616 0.057692307692307696 0.27403846153846156
0 0.07211538461538461 0.7391826923076923 0.12259615384615384 0.265625
0 0.484375 0.7860576923076923 0.14302884615384615 0.26322115384615385
0 0.2247596153846154 0.8365384615384616 0.11177884615384616 0.07932692307692307
0 0.6466346153846154 0.8677884615384616 0.14423076923076922 0.25961538461538464
0 0.7019230769230769 0.8918269230769231 0.13581730769230768 0.140625
0 0.35697115384615385 0.921875 0.18028846153846154 0.15144230769230768
0 0.48677884615384615 0.9302884615384616 0.15985576923076922 0.11899038461538461
0 0.22115384615384615 0.9399038461538461 0.14423076923076922 0.11899038461538461
0 0.7572115384615384 0.11658653846153846 0.11778846153846154 0.17908653846153846