0 0.7103365384615384 0.28846153846153844 0.140625 0.23798076923076922
0 0.6334134615384616 0.3293269230769231 0.15144230769230768 0.32091346153846156
0 0.390625 0.34975961538461536 0.15384615384615385 0.2776442307692308
0 0.7151442307692307 0.5084134615384616 0.109375 0.34615384615384615
0 0.7764423076923077 0.5384615384615384 0.08173076923076923 0.35096153846153844
0 0.46875 0.6081730769230769 0.13942307692307693 0.2403846153846154
0 0.038461538461538464 0.6141826923076923 0.06370192307692307 0.3076923076923077
0 0.07572115384615384 0.6310096153846154 0.055288461538461536 0.23076923076923078
0 0.7019230769230769 0.7259615384615384 0.08173076923076923 0.26802884615384615
0 0.6514423076923077 0.7475961538461539 0.12139423076923077 0.17067307692307693
0 0.5528846153846154 0.7596153846153846 0.1875 0.140625
0 0.7884615384615384 0.8197115384615384 0.10216346153846154 0.19110576923076922
0 0.35336538461538464 0.8497596153846154 0.11899038461538461 0.20192307692307693
0 0.43149038461538464 0.8629807692307693 0.12259615384615384 0.20793269230769232
0 0.6346153846153846 0.8870192307692307 0.13581730769230768 0.14543269230769232
0 0.484375 0.8990384615384616 0.11538461538461539 0.16826923076923078
0 0.2439903846153846 0.9350961538461539 0.12259615384615384 0.125
0 0.6237980769230769 0.11538461538461539 0.21514423076923078 0.19831730769230768