0 0.44350961538461536 0.15144230769230768 0.1814903846153846 0.16706730769230768
0 0.19471153846153846 0.16466346153846154 0.15264423076923078 0.15745192307692307
0 0.5901442307692307 0.2127403846153846 0.1201923076923077 0.34615384615384615
0 0.0625 0.3173076923076923 0.10817307692307693 0.22235576923076922
0 0.203125 0.35216346153846156 0.11177884615384616 0.21634615384615385
0 0.2956730769230769 0.49278846153846156 0.1310096153846154 0.23798076923076922
0 0.03245192307692308 0.5096153846153846 0.06490384615384616 0.3088942307692308
0 0.42908653846153844 0.6141826923076923 0.13701923076923078 0.296875
0 0.7728365384615384 0.7596153846153846 0.09134615384615384 0.27163461538461536
0 0.5853365384615384 0.765625 0.2091346153846154 0.17307692307692307
0 0.24519230769230768 0.8786057692307693 0.1346153846153846 0.13942307692307693
0 0.328125 0.9170673076923077 0.11538461538461539 0.1622596153846154
0 0.6382211538461539 0.921875 0.17067307692307693 0.15144230769230768
0 0.43509615384615385 0.9447115384615384 0.14543269230769232 0.10697115384615384