0 0.7463942307692307 0.18269230769230768 0.15144230769230768 0.2776442307692308
0 0.6418269230769231 0.23918269230769232 0.12139423076923077 0.3485576923076923
0 0.20552884615384615 0.3798076923076923 0.1045673076923077 0.2536057692307692
0 0.7824519230769231 0.38221153846153844 0.11778846153846154 0.28846153846153844
0 0.03485576923076923 0.40865384615384615 0.06971153846153846 0.25600961538461536
0 0.8125 0.5528846153846154 0.056490384615384616 0.2536057692307692
0 0.06009615384615385 0.5853365384615384 0.08413461538461539 0.1875
0 0.7560096153846154 0.7115384615384616 0.07211538461538461 0.21033653846153846
0 0.7115384615384616 0.7824519230769231 0.0733173076923077 0.28125
0 0.7932692307692307 0.8233173076923077 0.08052884615384616 0.21153846153846154
0 0.6033653846153846 0.8353365384615384 0.11899038461538461 0.29086538461538464
0 0.08653846153846154 0.8629807692307693 0.07451923076923077 0.26322115384615385
0 0.6550480769230769 0.8930288461538461 0.12139423076923077 0.1346153846153846
0 0.4579326923076923 0.921875 0.15625 0.15144230769230768
0 0.30288461538461536 0.9302884615384616 0.1346153846153846 0.1346153846153846
0 0.7944711538461539 0.1045673076923077 0.08052884615384616 0.20793269230769232