0 0.7512019230769231 0.15865384615384615 0.12980769230769232 0.2848557692307692
0 0.6790865384615384 0.203125 0.14543269230769232 0.22235576923076922
0 0.6754807692307693 0.30408653846153844 0.18870192307692307 0.109375
0 0.7836538461538461 0.4879807692307692 0.078125 0.34615384615384615
0 0.71875 0.5060096153846154 0.08533653846153846 0.36778846153846156
0 0.8137019230769231 0.5793269230769231 0.056490384615384616 0.2932692307692308
0 0.5793269230769231 0.06129807692307692 0.22115384615384615 0.12259615384615384
0 0.037259615384615384 0.6105769230769231 0.052884615384615384 0.25841346153846156
0 0.0733173076923077 0.6334134615384616 0.055288461538461536 0.23557692307692307
0 0.6935096153846154 0.7067307692307693 0.08173076923076923 0.24759615384615385
0 0.6634615384615384 0.734375 0.10576923076923077 0.17307692307692307
0 0.5516826923076923 0.765625 0.16466346153846154 0.13822115384615385
0 0.7920673076923077 0.8185096153846154 0.04326923076923077 0.18870192307692307
0 0.6766826923076923 0.8305288461538461 0.11658653846153846 0.11538461538461539
0 0.41586538461538464 0.8353365384615384 0.10336538461538461 0.31850961538461536
0 0.36177884615384615 0.8701923076923077 0.0829326923076923 0.20793269230769232
0 0.6237980769230769 0.8774038461538461 0.13822115384615385 0.15144230769230768
0 0.47836538461538464 0.8846153846153846 0.09975961538461539 0.140625
0 0.24759615384615385 0.9338942307692307 0.14423076923076922 0.12740384615384615
0 0.5528846153846154 0.9435096153846154 0.13942307692307693 0.10817307692307693