0 0.5637019230769231 0.19110576923076922 0.12740384615384615 0.34975961538461536
0 0.7920673076923077 0.2512019230769231 0.11538461538461539 0.3004807692307692
0 0.7427884615384616 0.33052884615384615 0.14543269230769232 0.3581730769230769
0 0.9555288461538461 0.40625 0.054086538461538464 0.25
0 0.7463942307692307 0.5192307692307693 0.0985576923076923 0.328125
0 0.07572115384615384 0.5396634615384616 0.11899038461538461 0.21754807692307693
0 0.6935096153846154 0.5612980769230769 0.09495192307692307 0.35697115384615385
0 0.78125 0.06009615384615385 0.1201923076923077 0.1201923076923077
0 0.7932692307692307 0.5853365384615384 0.09615384615384616 0.28725961538461536
0 0.057692307692307696 0.6454326923076923 0.09975961538461539 0.17908653846153846
0 0.3088942307692308 0.7115384615384616 0.20673076923076922 0.2932692307692308
0 0.07572115384615384 0.7788461538461539 0.07932692307692307 0.21153846153846154
0 0.7572115384615384 0.78125 0.12740384615384615 0.20793269230769232
0 0.6742788461538461 0.7836538461538461 0.13822115384615385 0.23197115384615385
0 0.19591346153846154 0.8413461538461539 0.0673076923076923 0.13221153846153846
0 0.59375 0.9014423076923077 0.16706730769230768 0.19591346153846154
0 0.40024038461538464 0.9158653846153846 0.18870192307692307 0.1658653846153846
0 0.20793269230769232 0.9362980769230769 0.14543269230769232 0.12620192307692307
0 0.06850961538461539 0.10817307692307693 0.13701923076923078 0.17908653846153846