0 0.038461538461538464 0.2091346153846154 0.07692307692307693 0.21875
0 0.09495192307692307 0.2127403846153846 0.11538461538461539 0.2980769230769231
0 0.22115384615384615 0.21394230769230768 0.10576923076923077 0.32091346153846156
0 0.30528846153846156 0.28125 0.125 0.33413461538461536
0 0.7884615384615384 0.36899038461538464 0.10336538461538461 0.32091346153846156
0 0.057692307692307696 0.4639423076923077 0.08413461538461539 0.265625
0 0.05048076923076923 0.6358173076923077 0.08533653846153846 0.23798076923076922
0 0.6694711538461539 0.07091346153846154 0.23076923076923078 0.140625
0 0.7788461538461539 0.7920673076923077 0.09735576923076923 0.25841346153846156
0 0.3641826923076923 0.08413461538461539 0.17908653846153846 0.16826923076923078
0 0.2620192307692308 0.8810096153846154 0.15264423076923078 0.13221153846153846
0 0.6814903846153846 0.8882211538461539 0.11538461538461539 0.16947115384615385
0 0.5612980769230769 0.9038461538461539 0.18028846153846154 0.1875
0 0.42427884615384615 0.9194711538461539 0.1466346153846154 0.15865384615384615
0 0.28365384615384615 0.9543269230769231 0.14903846153846154 0.0889423076923077
0 0.7884615384615384 0.1045673076923077 0.08533653846153846 0.18870192307692307
0 0.1141826923076923 0.109375 0.09495192307692307 0.1814903846153846