0 0.5877403846153846 0.1875 0.10697115384615384 0.375
0 0.05889423076923077 0.20552884615384615 0.09134615384615384 0.29447115384615385
0 0.4338942307692308 0.2824519230769231 0.18389423076923078 0.27283653846153844
0 0.038461538461538464 0.2860576923076923 0.07091346153846154 0.25721153846153844
0 0.2764423076923077 0.47475961538461536 0.11298076923076923 0.39903846153846156
0 0.052884615384615384 0.5793269230769231 0.07091346153846154 0.2764423076923077
0 0.09254807692307693 0.5925480769230769 0.0733173076923077 0.25721153846153844
0 0.9603365384615384 0.6021634615384616 0.07451923076923077 0.13701923076923078
0 0.3317307692307692 0.6742788461538461 0.08413461538461539 0.3293269230769231
0 0.6526442307692307 0.7367788461538461 0.10576923076923077 0.14543269230769232
0 0.7487980769230769 0.7403846153846154 0.08533653846153846 0.29086538461538464
0 0.7920673076923077 0.7427884615384616 0.0673076923076923 0.2800480769230769
0 0.7788461538461539 0.08533653846153846 0.09375 0.17067307692307693
0 0.6394230769230769 0.8954326923076923 0.17548076923076922 0.18389423076923078
0 0.47115384615384615 0.9038461538461539 0.1658653846153846 0.16826923076923078
0 0.3004807692307692 0.9134615384615384 0.13942307692307693 0.16346153846153846
0 0.671875 0.0985576923076923 0.13221153846153846 0.1971153846153846
0 0.056490384615384616 0.0985576923076923 0.07091346153846154 0.17307692307692307
0 0.10576923076923077 0.11538461538461539 0.05889423076923077 0.19230769230769232