0 0.0733173076923077 0.1971153846153846 0.07091346153846154 0.34134615384615385
0 0.040865384615384616 0.19831730769230768 0.06009615384615385 0.2536057692307692
0 0.22716346153846154 0.22716346153846154 0.10096153846153846 0.36538461538461536
0 0.28846153846153844 0.27884615384615385 0.12259615384615384 0.3581730769230769
0 0.7920673076923077 0.3701923076923077 0.1045673076923077 0.3545673076923077
0 0.06009615384615385 0.4579326923076923 0.08774038461538461 0.27283653846153844
0 0.052884615384615384 0.6514423076923077 0.08774038461538461 0.25600961538461536
0 0.78125 0.7800480769230769 0.11899038461538461 0.24278846153846154
0 0.6574519230769231 0.08052884615384616 0.21394230769230768 0.16105769230769232
0 0.6838942307692307 0.8978365384615384 0.1310096153846154 0.13221153846153846
0 0.2644230769230769 0.8990384615384616 0.14543269230769232 0.0889423076923077
0 0.359375 0.09254807692307693 0.1935096153846154 0.18509615384615385
0 0.5673076923076923 0.9158653846153846 0.16346153846153846 0.16346153846153846
0 0.4074519230769231 0.9350961538461539 0.12740384615384615 0.125
0 0.7932692307692307 0.09495192307692307 0.0673076923076923 0.18990384615384615
0 0.3173076923076923 0.9699519230769231 0.16826923076923078 0.05889423076923077
0 0.11538461538461539 0.1045673076923077 0.0733173076923077 0.18990384615384615