0 0.9471153846153846 0.14182692307692307 0.06370192307692307 0.28365384615384615
0 0.11177884615384616 0.14182692307692307 0.12620192307692307 0.2247596153846154
0 0.06971153846153846 0.18389423076923078 0.09254807692307693 0.2247596153846154
0 0.06129807692307692 0.28966346153846156 0.10096153846153846 0.21153846153846154
0 0.046875 0.359375 0.09254807692307693 0.21153846153846154
0 0.9603365384615384 0.3954326923076923 0.05889423076923077 0.31490384615384615
0 0.7980769230769231 0.4326923076923077 0.09254807692307693 0.3112980769230769
0 0.037259615384615384 0.46634615384615385 0.07451923076923077 0.21634615384615385
0 0.09134615384615384 0.5697115384615384 0.0889423076923077 0.23798076923076922
0 0.040865384615384616 0.6346153846153846 0.07211538461538461 0.25961538461538464
0 0.7944711538461539 0.6826923076923077 0.09615384615384616 0.27283653846153844
0 0.3894230769230769 0.7836538461538461 0.1814903846153846 0.29447115384615385
0 0.2932692307692308 0.8197115384615384 0.16466346153846154 0.20552884615384615
0 0.21634615384615385 0.8762019230769231 0.09975961538461539 0.17427884615384615
0 0.7800480769230769 0.09375 0.12259615384615384 0.18028846153846154
0 0.16346153846153846 0.9375 0.1466346153846154 0.12259615384615384
0 0.7139423076923077 0.12259615384615384 0.11057692307692307 0.24519230769230768