0 0.06129807692307692 0.30408653846153844 0.12259615384615384 0.25961538461538464
0 0.40865384615384615 0.3858173076923077 0.1201923076923077 0.40625
0 0.7007211538461539 0.4639423076923077 0.1658653846153846 0.1814903846153846
0 0.8112980769230769 0.5 0.08173076923076923 0.33774038461538464
0 0.7524038461538461 0.5048076923076923 0.07211538461538461 0.3557692307692308
0 0.0889423076923077 0.5372596153846154 0.0985576923076923 0.12980769230769232
0 0.046875 0.6237980769230769 0.09254807692307693 0.28966346153846156
0 0.6262019230769231 0.7596153846153846 0.078125 0.18509615384615385
0 0.7728365384615384 0.7824519230769231 0.09254807692307693 0.2439903846153846
0 0.6274038461538461 0.09375 0.09254807692307693 0.1875
0 0.3557692307692308 0.9326923076923077 0.14302884615384615 0.13341346153846154
0 0.5012019230769231 0.9350961538461539 0.17548076923076922 0.125
0 0.2403846153846154 0.9435096153846154 0.13221153846153846 0.109375
0 0.1201923076923077 0.10096153846153846 0.14423076923076922 0.15384615384615385