0 0.11298076923076923 0.1502403846153846 0.08653846153846154 0.25961538461538464
0 0.05048076923076923 0.171875 0.10096153846153846 0.20793269230769232
0 0.7920673076923077 0.24759615384615385 0.11298076923076923 0.31009615384615385
0 0.7415865384615384 0.32091346153846156 0.15264423076923078 0.35216346153846156
0 0.078125 0.375 0.10817307692307693 0.2247596153846154
0 0.11057692307692307 0.42788461538461536 0.11899038461538461 0.2403846153846154
0 0.7259615384615384 0.5132211538461539 0.10216346153846154 0.328125
0 0.06129807692307692 0.59375 0.0889423076923077 0.22355769230769232
0 0.7944711538461539 0.5949519230769231 0.10336538461538461 0.26802884615384615
0 0.6814903846153846 0.5985576923076923 0.1045673076923077 0.3389423076923077
0 0.7776442307692307 0.06610576923076923 0.11298076923076923 0.13221153846153846
0 0.06971153846153846 0.7415865384615384 0.06490384615384616 0.21394230769230768
0 0.7512019230769231 0.7776442307692307 0.11899038461538461 0.21634615384615385
0 0.6442307692307693 0.8521634615384616 0.16826923076923078 0.2283653846153846
0 0.5228365384615384 0.8557692307692307 0.13701923076923078 0.24879807692307693
0 0.33052884615384615 0.9002403846153846 0.13701923076923078 0.19471153846153846
0 0.4026442307692308 0.9242788461538461 0.17548076923076922 0.1502403846153846
0 0.20552884615384615 0.9411057692307693 0.12860576923076922 0.11298076923076923