0 0.5060096153846154 0.16947115384615385 0.19591346153846154 0.3389423076923077
0 0.7536057692307693 0.17067307692307693 0.17427884615384615 0.28125
0 0.06490384615384616 0.19951923076923078 0.09014423076923077 0.3317307692307692
0 0.10216346153846154 0.24639423076923078 0.109375 0.35216346153846156
0 0.6634615384615384 0.2608173076923077 0.16947115384615385 0.43149038461538464
0 0.1935096153846154 0.26322115384615385 0.14182692307692307 0.33052884615384615
0 0.7560096153846154 0.32091346153846156 0.09254807692307693 0.33653846153846156
0 0.7920673076923077 0.4375 0.11899038461538461 0.31009615384615385
0 0.0673076923076923 0.4963942307692308 0.09254807692307693 0.3016826923076923
0 0.9699519230769231 0.6526442307692307 0.057692307692307696 0.21995192307692307
0 0.6778846153846154 0.6598557692307693 0.06610576923076923 0.2403846153846154
0 0.5432692307692307 0.7668269230769231 0.203125 0.22235576923076922
0 0.7872596153846154 0.7692307692307693 0.07932692307692307 0.3004807692307692
0 0.7283653846153846 0.7896634615384616 0.06610576923076923 0.2956730769230769
0 0.6682692307692307 0.8858173076923077 0.13341346153846154 0.15985576923076922
0 0.26322115384615385 0.8894230769230769 0.1658653846153846 0.21875
0 0.5432692307692307 0.8918269230769231 0.11177884615384616 0.19951923076923078
0 0.7584134615384616 0.125 0.14302884615384615 0.25