0 0.6947115384615384 0.20552884615384615 0.09134615384615384 0.359375
0 0.6165865384615384 0.2283653846153846 0.08052884615384616 0.30288461538461536
0 0.6622596153846154 0.2536057692307692 0.06610576923076923 0.35216346153846156
0 0.78125 0.29927884615384615 0.06610576923076923 0.3329326923076923
0 0.3016826923076923 0.484375 0.12740384615384615 0.2860576923076923
0 0.056490384615384616 0.5480769230769231 0.11298076923076923 0.14903846153846154
0 0.7512019230769231 0.5745192307692307 0.171875 0.21634615384615385
0 0.4639423076923077 0.7283653846153846 0.13942307692307693 0.30288461538461536
0 0.7367788461538461 0.7331730769230769 0.06610576923076923 0.21875
0 0.65625 0.7391826923076923 0.14783653846153846 0.10216346153846154
0 0.42427884615384615 0.8161057692307693 0.10697115384615384 0.20072115384615385
0 0.30408653846153844 0.8197115384615384 0.10096153846153846 0.28125
0 0.6418269230769231 0.8353365384615384 0.11538461538461539 0.08173076923076923
0 0.24759615384615385 0.8846153846153846 0.12379807692307693 0.15144230769230768
0 0.5901442307692307 0.8966346153846154 0.1466346153846154 0.17548076923076922
0 0.4326923076923077 0.9266826923076923 0.21514423076923078 0.14423076923076922
0 0.20432692307692307 0.9399038461538461 0.14903846153846154 0.11658653846153846