0 0.0829326923076923 0.21634615384615385 0.11177884615384616 0.14783653846153846
0 0.45552884615384615 0.2668269230769231 0.10096153846153846 0.30528846153846156
0 0.039663461538461536 0.3786057692307692 0.07932692307692307 0.2127403846153846
0 0.12980769230769232 0.4014423076923077 0.13701923076923078 0.21394230769230768
0 0.8088942307692307 0.41947115384615385 0.09975961538461539 0.31490384615384615
0 0.030048076923076924 0.46274038461538464 0.06009615384615385 0.19951923076923078
0 0.41225961538461536 0.5961538461538461 0.13581730769230768 0.2704326923076923
0 0.7944711538461539 0.6694711538461539 0.08774038461538461 0.32211538461538464
0 0.06850961538461539 0.7247596153846154 0.09254807692307693 0.21153846153846154
0 0.6105769230769231 0.7596153846153846 0.08413461538461539 0.22716346153846154
0 0.6790865384615384 0.8990384615384616 0.16346153846153846 0.19951923076923078
0 0.34375 0.9338942307692307 0.13341346153846154 0.1310096153846154
0 0.42908653846153844 0.9471153846153846 0.13822115384615385 0.10336538461538461
0 0.7836538461538461 0.10216346153846154 0.1502403846153846 0.20432692307692307