0 0.06009615384615385 0.20192307692307693 0.1201923076923077 0.2824519230769231
0 0.7908653846153846 0.24519230769230768 0.09375 0.3137019230769231
0 0.7391826923076923 0.32091346153846156 0.15985576923076922 0.37259615384615385
0 0.7319711538461539 0.5048076923076923 0.10576923076923077 0.3425480769230769
0 0.7728365384615384 0.056490384615384616 0.12379807692307693 0.11298076923076923
0 0.78125 0.578125 0.11899038461538461 0.31850961538461536
0 0.05889423076923077 0.5925480769230769 0.09375 0.296875
0 0.671875 0.5985576923076923 0.12980769230769232 0.359375
0 0.08173076923076923 0.0733173076923077 0.12139423076923077 0.12379807692307693
0 0.7463942307692307 0.7800480769230769 0.12980769230769232 0.21153846153846154
0 0.6478365384615384 0.8701923076923077 0.1814903846153846 0.17908653846153846
0 0.328125 0.8966346153846154 0.14543269230769232 0.20072115384615385
0 0.203125 0.9002403846153846 0.15264423076923078 0.16105769230769232
0 0.4074519230769231 0.9242788461538461 0.1622596153846154 0.14903846153846154
0 0.6009615384615384 0.09615384615384616 0.08173076923076923 0.19230769230769232