0 0.1971153846153846 0.16105769230769232 0.06129807692307692 0.32091346153846156
0 0.1201923076923077 0.28725961538461536 0.052884615384615384 0.29086538461538464
0 0.06009615384615385 0.296875 0.06850961538461539 0.28365384615384615
0 0.039663461538461536 0.4074519230769231 0.05889423076923077 0.2403846153846154
0 0.1778846153846154 0.41947115384615385 0.1310096153846154 0.22956730769230768
0 0.09615384615384616 0.5 0.0673076923076923 0.23076923076923078
0 0.057692307692307696 0.6298076923076923 0.0829326923076923 0.18389423076923078
0 0.3425480769230769 0.8557692307692307 0.14543269230769232 0.18028846153846154
0 0.2704326923076923 0.8617788461538461 0.10216346153846154 0.19110576923076922
0 0.6274038461538461 0.9158653846153846 0.1875 0.16346153846153846
0 0.20072115384615385 0.9182692307692307 0.11298076923076923 0.15865384615384615
0 0.5060096153846154 0.9350961538461539 0.15144230769230768 0.125
0 0.38221153846153844 0.9591346153846154 0.11538461538461539 0.08052884615384616
0 0.25841346153846156 0.10216346153846154 0.0829326923076923 0.20432692307692307