0 0.0625 0.18269230769230768 0.09735576923076923 0.22115384615384615
0 0.8088942307692307 0.23197115384615385 0.078125 0.33774038461538464
0 0.7548076923076923 0.296875 0.13221153846153846 0.2824519230769231
0 0.040865384615384616 0.328125 0.07451923076923077 0.2439903846153846
0 0.11899038461538461 0.4411057692307692 0.09134615384615384 0.19951923076923078
0 0.36177884615384615 0.4987980769230769 0.1971153846153846 0.39783653846153844
0 0.7439903846153846 0.5168269230769231 0.11057692307692307 0.3245192307692308
0 0.7992788461538461 0.5661057692307693 0.08653846153846154 0.3112980769230769
0 0.6826923076923077 0.5757211538461539 0.09375 0.36778846153846156
0 0.7463942307692307 0.7824519230769231 0.1310096153846154 0.2247596153846154
0 0.2091346153846154 0.8293269230769231 0.11778846153846154 0.125
0 0.6538461538461539 0.8329326923076923 0.1971153846153846 0.1971153846153846
0 0.39783653846153844 0.9278846153846154 0.18509615384615385 0.13942307692307693
0 0.21153846153846154 0.9338942307692307 0.12620192307692307 0.1310096153846154
0 0.2608173076923077 0.12740384615384615 0.13221153846153846 0.2548076923076923