0 0.0889423076923077 0.21514423076923078 0.09735576923076923 0.22956730769230768
0 0.24519230769230768 0.22596153846153846 0.09375 0.3629807692307692
0 0.30288461538461536 0.2283653846153846 0.09735576923076923 0.32091346153846156
0 0.039663461538461536 0.28125 0.07932692307692307 0.29086538461538464
0 0.03365384615384615 0.46153846153846156 0.04927884615384615 0.17548076923076922
0 0.07091346153846154 0.5444711538461539 0.039663461538461536 0.20192307692307693
0 0.051682692307692304 0.6730769230769231 0.06009615384615385 0.2283653846153846
0 0.3786057692307692 0.07451923076923077 0.16826923076923078 0.14903846153846154
0 0.765625 0.8016826923076923 0.09735576923076923 0.2548076923076923
0 0.5721153846153846 0.921875 0.19230769230769232 0.15144230769230768
0 0.41225961538461536 0.9278846153846154 0.15144230769230768 0.13942307692307693
0 0.28966346153846156 0.9314903846153846 0.1658653846153846 0.1346153846153846
0 0.15504807692307693 0.10576923076923077 0.06009615384615385 0.21153846153846154