0 0.7908653846153846 0.24158653846153846 0.09735576923076923 0.3161057692307692
0 0.4483173076923077 0.2668269230769231 0.20432692307692307 0.19951923076923078
0 0.7355769230769231 0.32572115384615385 0.1622596153846154 0.3389423076923077
0 0.7451923076923077 0.4951923076923077 0.0829326923076923 0.3329326923076923
0 0.08052884615384616 0.5180288461538461 0.10576923076923077 0.19831730769230768
0 0.6947115384615384 0.5637019230769231 0.0829326923076923 0.31490384615384615
0 0.8040865384615384 0.5805288461538461 0.06370192307692307 0.2932692307692308
0 0.04567307692307692 0.6514423076923077 0.07572115384615384 0.18629807692307693
0 0.28966346153846156 0.7115384615384616 0.14302884615384615 0.25
0 0.7548076923076923 0.765625 0.09735576923076923 0.18870192307692307
0 0.07091346153846154 0.7704326923076923 0.04927884615384615 0.15264423076923078
0 0.6766826923076923 0.7848557692307693 0.11177884615384616 0.15745192307692307
0 0.20552884615384615 0.8293269230769231 0.06009615384615385 0.125
0 0.07451923076923077 0.09134615384615384 0.14903846153846154 0.16346153846153846
0 0.6045673076923077 0.9050480769230769 0.14182692307692307 0.18629807692307693
0 0.21634615384615385 0.9362980769230769 0.11298076923076923 0.10697115384615384
0 0.4050480769230769 0.9350961538461539 0.15144230769230768 0.125