0 0.09735576923076923 0.14182692307692307 0.13942307692307693 0.22235576923076922
0 0.13581730769230768 0.38100961538461536 0.12379807692307693 0.21875
0 0.7788461538461539 0.40384615384615385 0.11298076923076923 0.31009615384615385
0 0.03245192307692308 0.4338942307692308 0.06490384615384616 0.28725961538461536
0 0.09375 0.6153846153846154 0.08653846153846154 0.15865384615384615
0 0.030048076923076924 0.6189903846153846 0.037259615384615384 0.19471153846153846
0 0.41346153846153844 0.6514423076923077 0.10096153846153846 0.31490384615384615
0 0.78125 0.6899038461538461 0.08774038461538461 0.33653846153846156
0 0.7716346153846154 0.08052884615384616 0.09975961538461539 0.16105769230769232
0 0.2776442307692308 0.8004807692307693 0.12620192307692307 0.15144230769230768
0 0.3870192307692308 0.8112980769230769 0.14302884615384615 0.19110576923076922
0 0.703125 0.11778846153846154 0.10697115384615384 0.234375