0 0.10336538461538461 0.14302884615384615 0.10576923076923077 0.20673076923076922
0 0.8040865384615384 0.23798076923076922 0.09735576923076923 0.28365384615384615
0 0.22716346153846154 0.24759615384615385 0.11538461538461539 0.3317307692307692
0 0.037259615384615384 0.34615384615384615 0.07451923076923077 0.25961538461538464
0 0.15504807692307693 0.35697115384615385 0.16706730769230768 0.19951923076923078
0 0.3954326923076923 0.5348557692307693 0.19951923076923078 0.25721153846153844
0 0.8076923076923077 0.6634615384615384 0.0829326923076923 0.265625
0 0.08653846153846154 0.6923076923076923 0.07692307692307693 0.23918269230769232
0 0.6466346153846154 0.8100961538461539 0.13942307692307693 0.20673076923076922
0 0.7824519230769231 0.8545673076923077 0.14182692307692307 0.28725961538461536
0 0.5600961538461539 0.8846153846153846 0.0829326923076923 0.2283653846153846
0 0.32211538461538464 0.9170673076923077 0.18028846153846154 0.1622596153846154
0 0.4795673076923077 0.9447115384615384 0.16706730769230768 0.10697115384615384