0 0.7620192307692307 0.14543269230769232 0.125 0.29086538461538464
0 0.5024038461538461 0.15985576923076922 0.17668269230769232 0.31971153846153844
0 0.7379807692307693 0.20673076923076922 0.1310096153846154 0.28365384615384615
0 0.05889423076923077 0.23317307692307693 0.10576923076923077 0.31009615384615385
0 0.10817307692307693 0.3016826923076923 0.1045673076923077 0.23798076923076922
0 0.6814903846153846 0.3233173076923077 0.15144230769230768 0.2536057692307692
0 0.8004807692307693 0.4579326923076923 0.07572115384615384 0.2920673076923077
0 0.37740384615384615 0.46274038461538464 0.16826923076923078 0.3233173076923077
0 0.04567307692307692 0.5072115384615384 0.09014423076923077 0.21875
0 0.7127403846153846 0.5072115384615384 0.10336538461538461 0.1502403846153846
0 0.7788461538461539 0.7560096153846154 0.08052884615384616 0.2644230769230769
0 0.47115384615384615 0.8425480769230769 0.140625 0.20793269230769232
0 0.5721153846153846 0.8449519230769231 0.1502403846153846 0.18389423076923078
0 0.20192307692307693 0.8557692307692307 0.08533653846153846 0.11057692307692307
0 0.6766826923076923 0.9086538461538461 0.14783653846153846 0.1814903846153846
0 0.19471153846153846 0.9230769230769231 0.1141826923076923 0.05048076923076923
0 0.3173076923076923 0.9399038461538461 0.16346153846153846 0.11899038461538461