0 0.02403846153846154 0.20432692307692307 0.04807692307692308 0.18870192307692307
0 0.5540865384615384 0.20432692307692307 0.16826923076923078 0.21033653846153846
0 0.390625 0.30408653846153844 0.15144230769230768 0.35336538461538464
0 0.17067307692307693 0.3737980769230769 0.18389423076923078 0.24278846153846154
0 0.042067307692307696 0.4362980769230769 0.07451923076923077 0.2980769230769231
0 0.8257211538461539 0.4362980769230769 0.09134615384615384 0.31971153846153844
0 0.75 0.484375 0.11899038461538461 0.2980769230769231
0 0.06129807692307692 0.6538461538461539 0.0985576923076923 0.15745192307692307
0 0.8257211538461539 0.7415865384615384 0.06370192307692307 0.31971153846153844
0 0.6995192307692307 0.7620192307692307 0.1310096153846154 0.17307692307692307
0 0.7608173076923077 0.8257211538461539 0.0625 0.2776442307692308
0 0.23076923076923078 0.8293269230769231 0.12139423076923077 0.140625
0 0.4050480769230769 0.8533653846153846 0.12259615384615384 0.28846153846153844
0 0.5637019230769231 0.8713942307692307 0.10216346153846154 0.16826923076923078
0 0.6935096153846154 0.8954326923076923 0.13221153846153846 0.14783653846153846
0 0.16466346153846154 0.9038461538461539 0.13341346153846154 0.171875
0 0.33052884615384615 0.9435096153846154 0.12860576923076922 0.11177884615384616
0 0.7295673076923077 0.12620192307692307 0.17548076923076922 0.21394230769230768