0 0.15384615384615385 0.13942307692307693 0.13822115384615385 0.23317307692307693
0 0.5793269230769231 0.14302884615384615 0.11899038461538461 0.2860576923076923
0 0.8028846153846154 0.15504807692307693 0.08173076923076923 0.29086538461538464
0 0.6514423076923077 0.20432692307692307 0.07932692307692307 0.4050480769230769
0 0.7307692307692307 0.21394230769230768 0.1201923076923077 0.33413461538461536
0 0.054086538461538464 0.2644230769230769 0.10576923076923077 0.1778846153846154
0 0.4735576923076923 0.32572115384615385 0.10817307692307693 0.3557692307692308
0 0.21995192307692307 0.3581730769230769 0.10216346153846154 0.33774038461538464
0 0.7067307692307693 0.38221153846153844 0.10576923076923077 0.3425480769230769
0 0.8028846153846154 0.4182692307692308 0.09615384615384616 0.29086538461538464
0 0.32572115384615385 0.5024038461538461 0.1502403846153846 0.23557692307692307
0 0.05048076923076923 0.5721153846153846 0.07932692307692307 0.22355769230769232
0 0.7908653846153846 0.6754807692307693 0.08533653846153846 0.2548076923076923
0 0.44711538461538464 0.8173076923076923 0.18990384615384615 0.18629807692307693
0 0.2824519230769231 0.8557692307692307 0.109375 0.2764423076923077
0 0.6754807692307693 0.8786057692307693 0.1466346153846154 0.17067307692307693
0 0.7451923076923077 0.8894230769230769 0.12860576923076922 0.1778846153846154
0 0.4651442307692308 0.921875 0.1658653846153846 0.15144230769230768
0 0.5480769230769231 0.9302884615384616 0.15384615384615385 0.1346153846153846