0 0.09975961538461539 0.14903846153846154 0.09975961538461539 0.265625
0 0.09615384615384616 0.1502403846153846 0.10576923076923077 0.2776442307692308
0 0.75 0.1814903846153846 0.15865384615384615 0.3425480769230769
0 0.33413461538461536 0.19110576923076922 0.20072115384615385 0.1778846153846154
0 0.9747596153846154 0.2932692307692308 0.04807692307692308 0.25240384615384615
0 0.31490384615384615 0.3858173076923077 0.17668269230769232 0.3870192307692308
0 0.9591346153846154 0.41346153846153844 0.06610576923076923 0.3173076923076923
0 0.8016826923076923 0.5120192307692307 0.09735576923076923 0.31009615384615385
0 0.054086538461538464 0.5420673076923077 0.1045673076923077 0.28725961538461536
0 0.4735576923076923 0.057692307692307696 0.1141826923076923 0.1141826923076923
0 0.953125 0.7223557692307693 0.09254807692307693 0.15384615384615385
0 0.7800480769230769 0.7776442307692307 0.09495192307692307 0.29086538461538464
0 0.35697115384615385 0.7800480769230769 0.14182692307692307 0.2860576923076923
0 0.6862980769230769 0.7908653846153846 0.16706730769230768 0.12259615384615384
0 0.1875 0.859375 0.18389423076923078 0.16105769230769232
0 0.5048076923076923 0.859375 0.12980769230769232 0.27283653846153844
0 0.40625 0.8701923076923077 0.15745192307692307 0.1346153846153846
0 0.6862980769230769 0.8822115384615384 0.16105769230769232 0.125
0 0.5961538461538461 0.8834134615384616 0.12980769230769232 0.1971153846153846
0 0.18389423076923078 0.9435096153846154 0.15504807692307693 0.09375
0 0.4266826923076923 0.9543269230769231 0.171875 0.0829326923076923