0 0.10576923076923077 0.1658653846153846 0.10336538461538461 0.22235576923076922
0 0.5769230769230769 0.16706730769230768 0.16105769230769232 0.32211538461538464
0 0.040865384615384616 0.2512019230769231 0.06009615384615385 0.18629807692307693
0 0.8004807692307693 0.41225961538461536 0.09615384615384616 0.3605769230769231
0 0.140625 0.4519230769230769 0.12259615384615384 0.13581730769230768
0 0.046875 0.4651442307692308 0.08413461538461539 0.203125
0 0.3125 0.6754807692307693 0.13822115384615385 0.30528846153846156
0 0.7776442307692307 0.6766826923076923 0.10576923076923077 0.21033653846153846
0 0.3245192307692308 0.8605769230769231 0.16706730769230768 0.13341346153846154
0 0.10817307692307693 0.875 0.09134615384615384 0.24519230769230768
0 0.7091346153846154 0.8786057692307693 0.16706730769230768 0.14302884615384615
0 0.36778846153846156 0.9278846153846154 0.15264423076923078 0.14302884615384615
0 0.4699519230769231 0.11177884615384616 0.18509615384615385 0.22355769230769232