0 0.039663461538461536 0.22596153846153846 0.06129807692307692 0.25721153846153844
0 0.08533653846153846 0.2283653846153846 0.09375 0.3425480769230769
0 0.22355769230769232 0.23076923076923078 0.09975961538461539 0.35336538461538464
0 0.31490384615384615 0.2800480769230769 0.15384615384615385 0.36538461538461536
0 0.07091346153846154 0.484375 0.1201923076923077 0.30408653846153844
0 0.9591346153846154 0.5204326923076923 0.056490384615384616 0.2860576923076923
0 0.04807692307692308 0.6370192307692307 0.09615384615384616 0.28725961538461536
0 0.9795673076923077 0.703125 0.038461538461538464 0.16947115384615385
0 0.9447115384615384 0.7355769230769231 0.08173076923076923 0.21754807692307693
0 0.6598557692307693 0.07572115384615384 0.23798076923076922 0.15144230769230768
0 0.7644230769230769 0.7896634615384616 0.12620192307692307 0.2764423076923077
0 0.24278846153846154 0.8677884615384616 0.10576923076923077 0.2608173076923077
0 0.09014423076923077 0.8858173076923077 0.0733173076923077 0.2247596153846154
0 0.5600961538461539 0.9050480769230769 0.20192307692307693 0.1875
0 0.16947115384615385 0.90625 0.08653846153846154 0.1778846153846154
0 0.6947115384615384 0.9098557692307693 0.13701923076923078 0.1622596153846154
0 0.4098557692307692 0.9122596153846154 0.1658653846153846 0.171875
0 0.27884615384615385 0.9278846153846154 0.1141826923076923 0.14302884615384615
0 0.3870192307692308 0.10216346153846154 0.20432692307692307 0.20432692307692307
0 0.7980769230769231 0.10576923076923077 0.08533653846153846 0.21153846153846154
0 0.10336538461538461 0.12259615384615384 0.12620192307692307 0.23918269230769232