0 0.8076923076923077 0.15504807692307693 0.078125 0.2848557692307692
0 0.0733173076923077 0.39903846153846156 0.09134615384615384 0.13221153846153846
0 0.7463942307692307 0.46274038461538464 0.109375 0.28125
0 0.7175480769230769 0.5024038461538461 0.12139423076923077 0.2776442307692308
0 0.06490384615384616 0.5036057692307693 0.12980769230769232 0.21033653846153846
0 0.796875 0.5420673076923077 0.08413461538461539 0.34375
0 0.7788461538461539 0.78125 0.08052884615384616 0.20432692307692307
0 0.7283653846153846 0.8461538461538461 0.10697115384615384 0.15264423076923078
0 0.2824519230769231 0.921875 0.11899038461538461 0.1502403846153846
0 0.5913461538461539 0.9230769230769231 0.14543269230769232 0.11899038461538461
0 0.21033653846153846 0.9302884615384616 0.10817307692307693 0.1346153846153846
0 0.38461538461538464 0.9411057692307693 0.16346153846153846 0.11298076923076923
0 0.7512019230769231 0.12980769230769232 0.07932692307692307 0.25841346153846156