0 0.08533653846153846 0.1622596153846154 0.10576923076923077 0.29927884615384615
0 0.8076923076923077 0.1658653846153846 0.0733173076923077 0.328125
0 0.36899038461538464 0.16706730769230768 0.1466346153846154 0.33413461538461536
0 0.23557692307692307 0.39302884615384615 0.11177884615384616 0.31490384615384615
0 0.1201923076923077 0.40625 0.14903846153846154 0.20432692307692307
0 0.05889423076923077 0.5036057692307693 0.11778846153846154 0.18028846153846154
0 0.7896634615384616 0.5420673076923077 0.08653846153846154 0.32211538461538464
0 0.33653846153846156 0.6574519230769231 0.171875 0.18389423076923078
0 0.051682692307692304 0.7235576923076923 0.08173076923076923 0.22115384615384615
0 0.7139423076923077 0.7788461538461539 0.0625 0.22716346153846154
0 0.7860576923076923 0.7956730769230769 0.07451923076923077 0.24519230769230768
0 0.7307692307692307 0.8497596153846154 0.10697115384615384 0.1814903846153846
0 0.5709134615384616 0.875 0.0889423076923077 0.24519230769230768
0 0.5709134615384616 0.9375 0.18269230769230768 0.10576923076923077
0 0.421875 0.9375 0.13701923076923078 0.1201923076923077
0 0.22956730769230768 0.9471153846153846 0.16105769230769232 0.10096153846153846
0 0.734375 0.12139423076923077 0.09975961538461539 0.24278846153846154