0 0.6177884615384616 0.19831730769230768 0.15625 0.2956730769230769
0 0.0625 0.2776442307692308 0.07692307692307693 0.23076923076923078
0 0.7067307692307693 0.29447115384615385 0.1658653846153846 0.29927884615384615
0 0.796875 0.40024038461538464 0.09975961538461539 0.35096153846153844
0 0.4230769230769231 0.4182692307692308 0.15745192307692307 0.3605769230769231
0 0.07211538461538461 0.4963942307692308 0.09735576923076923 0.20432692307692307
0 0.6670673076923077 0.859375 0.10336538461538461 0.21394230769230768
0 0.33413461538461536 0.8762019230769231 0.09615384615384616 0.19110576923076922
0 0.5480769230769231 0.8834134615384616 0.07211538461538461 0.2127403846153846
0 0.3701923076923077 0.9435096153846154 0.12980769230769232 0.11177884615384616
0 0.052884615384615384 0.1141826923076923 0.07932692307692307 0.18870192307692307