0 0.051682692307692304 0.20552884615384615 0.10216346153846154 0.25600961538461536
0 0.8064903846153846 0.2776442307692308 0.08533653846153846 0.34615384615384615
0 0.03125 0.31971153846153844 0.0625 0.30288461538461536
0 0.7427884615384616 0.31971153846153844 0.1502403846153846 0.3545673076923077
0 0.10576923076923077 0.41346153846153844 0.09014423076923077 0.24639423076923078
0 0.3557692307692308 0.49278846153846156 0.1935096153846154 0.3485576923076923
0 0.7295673076923077 0.5132211538461539 0.09735576923076923 0.34375
0 0.6790865384615384 0.5877403846153846 0.10697115384615384 0.3173076923076923
0 0.8004807692307693 0.5973557692307693 0.078125 0.3173076923076923
0 0.06850961538461539 0.6213942307692307 0.057692307692307696 0.2824519230769231
0 0.7295673076923077 0.7932692307692307 0.11899038461538461 0.21033653846153846
0 0.6466346153846154 0.8798076923076923 0.1935096153846154 0.22716346153846154
0 0.2247596153846154 0.8882211538461539 0.15144230769230768 0.11298076923076923
0 0.4110576923076923 0.9266826923076923 0.19471153846153846 0.14423076923076922
0 0.19831730769230768 0.9387019230769231 0.1466346153846154 0.12139423076923077