0 0.08052884615384616 0.17548076923076922 0.10096153846153846 0.23557692307692307
0 0.7572115384615384 0.2848557692307692 0.19591346153846154 0.24519230769230768
0 0.04447115384615385 0.29927884615384615 0.0889423076923077 0.33653846153846156
0 0.6887019230769231 0.3545673076923077 0.18990384615384615 0.2668269230769231
0 0.7644230769230769 0.41466346153846156 0.13701923076923078 0.35336538461538464
0 0.10336538461538461 0.4543269230769231 0.052884615384615384 0.16826923076923078
0 0.27283653846153844 0.484375 0.1622596153846154 0.35336538461538464
0 0.06129807692307692 0.5949519230769231 0.11057692307692307 0.26802884615384615
0 0.8064903846153846 0.6550480769230769 0.10096153846153846 0.3605769230769231
0 0.75 0.7319711538461539 0.08533653846153846 0.3485576923076923
0 0.2980769230769231 0.7668269230769231 0.11778846153846154 0.30649038461538464
0 0.8016826923076923 0.08533653846153846 0.0625 0.13822115384615385
0 0.40865384615384615 0.8497596153846154 0.125 0.27163461538461536
0 0.22956730769230768 0.8725961538461539 0.12980769230769232 0.12860576923076922
0 0.6454326923076923 0.8954326923076923 0.19591346153846154 0.14182692307692307
0 0.19831730769230768 0.9411057692307693 0.0985576923076923 0.08533653846153846
0 0.7548076923076923 0.1346153846153846 0.13221153846153846 0.22355769230769232