0 0.05889423076923077 0.19230769230769232 0.109375 0.26802884615384615
0 0.5805288461538461 0.20072115384615385 0.1346153846153846 0.3581730769230769
0 0.45072115384615385 0.2439903846153846 0.18629807692307693 0.22235576923076922
0 0.03245192307692308 0.26802884615384615 0.06490384615384616 0.28966346153846156
0 0.7836538461538461 0.421875 0.10096153846153846 0.3173076923076923
0 0.3942307692307692 0.5012019230769231 0.1814903846153846 0.18269230769230768
0 0.057692307692307696 0.5901442307692307 0.08653846153846154 0.3137019230769231
0 0.09134615384615384 0.6021634615384616 0.0985576923076923 0.27163461538461536
0 0.3293269230769231 0.6730769230769231 0.10576923076923077 0.28365384615384615
0 0.6430288461538461 0.7307692307692307 0.13822115384615385 0.16826923076923078
0 0.7475961538461539 0.734375 0.08774038461538461 0.2860576923076923
0 0.8016826923076923 0.7644230769230769 0.08533653846153846 0.28125
0 0.6334134615384616 0.890625 0.2127403846153846 0.17427884615384615
0 0.4579326923076923 0.9038461538461539 0.14423076923076922 0.1622596153846154
0 0.3004807692307692 0.9038461538461539 0.15745192307692307 0.18990384615384615
0 0.18990384615384615 0.9122596153846154 0.10817307692307693 0.171875
0 0.6838942307692307 0.10096153846153846 0.10336538461538461 0.20192307692307693
0 0.078125 0.13341346153846154 0.11778846153846154 0.23317307692307693