0 0.5925480769230769 0.15264423076923078 0.15264423076923078 0.2860576923076923
0 0.11899038461538461 0.17427884615384615 0.10697115384615384 0.23317307692307693
0 0.05048076923076923 0.25841346153846156 0.07932692307692307 0.21995192307692307
0 0.140625 0.37740384615384615 0.12379807692307693 0.15264423076923078
0 0.7884615384615384 0.3918269230769231 0.07932692307692307 0.33533653846153844
0 0.04447115384615385 0.47716346153846156 0.0889423076923077 0.21514423076923078
0 0.39663461538461536 0.5721153846153846 0.18990384615384615 0.2932692307692308
0 0.040865384615384616 0.6117788461538461 0.08173076923076923 0.23317307692307693
0 0.33052884615384615 0.7079326923076923 0.09735576923076923 0.3137019230769231
0 0.3233173076923077 0.8629807692307693 0.16947115384615385 0.13221153846153846
0 0.7199519230769231 0.8966346153846154 0.12259615384615384 0.19110576923076922
0 0.20072115384615385 0.9086538461538461 0.10216346153846154 0.16706730769230768
0 0.3641826923076923 0.921875 0.13701923076923078 0.1310096153846154
0 0.46153846153846156 0.12860576923076922 0.12379807692307693 0.25600961538461536