0 0.4387019230769231 0.29447115384615385 0.13341346153846154 0.390625
0 0.021634615384615384 0.36899038461538464 0.04326923076923077 0.2692307692307692
0 0.703125 0.3894230769230769 0.16947115384615385 0.21875
0 0.7992788461538461 0.49399038461538464 0.1045673076923077 0.33052884615384615
0 0.038461538461538464 0.6201923076923077 0.04807692307692308 0.1935096153846154
0 0.5204326923076923 0.7235576923076923 0.08533653846153846 0.2824519230769231
0 0.21875 0.8473557692307693 0.09134615384615384 0.18870192307692307
0 0.6225961538461539 0.8617788461538461 0.08653846153846154 0.27524038461538464
0 0.07091346153846154 0.9026442307692307 0.06490384615384616 0.18990384615384615
0 0.7524038461538461 0.90625 0.09375 0.16826923076923078
0 0.5060096153846154 0.9350961538461539 0.15144230769230768 0.125
0 0.3629807692307692 0.9591346153846154 0.13942307692307693 0.07692307692307693
0 0.2283653846153846 0.9651442307692307 0.15384615384615385 0.06490384615384616
0 0.1466346153846154 0.1045673076923077 0.07932692307692307 0.20552884615384615
0 0.051682692307692304 0.109375 0.10216346153846154 0.1875