0 0.05889423076923077 0.19110576923076922 0.11778846153846154 0.2283653846153846
0 0.7836538461538461 0.23076923076923078 0.12860576923076922 0.30528846153846156
0 0.7379807692307693 0.34134615384615385 0.17427884615384615 0.34375
0 0.13581730769230768 0.41225961538461536 0.08533653846153846 0.22115384615384615
0 0.30649038461538464 0.5036057692307693 0.14423076923076922 0.3762019230769231
0 0.7379807692307693 0.5228365384615384 0.0985576923076923 0.31850961538461536
0 0.7932692307692307 0.5661057692307693 0.125 0.3293269230769231
0 0.07091346153846154 0.5769230769230769 0.11778846153846154 0.2247596153846154
0 0.6959134615384616 0.6009615384615384 0.07091346153846154 0.3293269230769231
0 0.7776442307692307 0.0673076923076923 0.12139423076923077 0.13341346153846154
0 0.515625 0.75 0.14182692307692307 0.36899038461538464
0 0.06009615384615385 0.7728365384615384 0.10336538461538461 0.29086538461538464
0 0.7415865384615384 0.7788461538461539 0.14903846153846154 0.20552884615384615
0 0.6622596153846154 0.8605769230769231 0.15985576923076922 0.18028846153846154
0 0.32091346153846156 0.9026442307692307 0.12740384615384615 0.18990384615384615
0 0.20793269230769232 0.921875 0.13942307692307693 0.14543269230769232
0 0.390625 0.9278846153846154 0.18509615384615385 0.13942307692307693