0 0.42427884615384615 0.15384615384615385 0.22596153846153846 0.28365384615384615
0 0.7764423076923077 0.33413461538461536 0.09735576923076923 0.31971153846153844
0 0.1658653846153846 0.39302884615384615 0.13701923076923078 0.20673076923076922
0 0.040865384615384616 0.46875 0.08173076923076923 0.32091346153846156
0 0.8028846153846154 0.5564903846153846 0.0889423076923077 0.2644230769230769
0 0.3233173076923077 0.5745192307692307 0.1346153846153846 0.33774038461538464
0 0.2692307692307692 0.05889423076923077 0.1622596153846154 0.11778846153846154
0 0.5432692307692307 0.05889423076923077 0.17427884615384615 0.11778846153846154
0 0.0829326923076923 0.6586538461538461 0.09735576923076923 0.21875
0 0.6862980769230769 0.6826923076923077 0.09375 0.24639423076923078
0 0.24639423076923078 0.8521634615384616 0.0889423076923077 0.234375
0 0.6274038461538461 0.9074519230769231 0.17307692307692307 0.18028846153846154
0 0.31009615384615385 0.9098557692307693 0.109375 0.11899038461538461
0 0.35216346153846156 0.9675480769230769 0.13701923076923078 0.06129807692307692
0 0.7560096153846154 0.10576923076923077 0.1658653846153846 0.21153846153846154