0 0.7668269230769231 0.14182692307692307 0.14903846153846154 0.28365384615384615
0 0.5889423076923077 0.1814903846153846 0.09134615384615384 0.3629807692307692
0 0.054086538461538464 0.29447115384615385 0.08774038461538461 0.27884615384615385
0 0.7740384615384616 0.40384615384615385 0.08413461538461539 0.3485576923076923
0 0.27163461538461536 0.4387019230769231 0.12139423076923077 0.2127403846153846
0 0.3473557692307692 0.5252403846153846 0.09735576923076923 0.35336538461538464
0 0.0733173076923077 0.5673076923076923 0.0829326923076923 0.21875
0 0.8076923076923077 0.6634615384615384 0.055288461538461536 0.29086538461538464
0 0.7512019230769231 0.7487980769230769 0.0829326923076923 0.28846153846153844
0 0.2644230769230769 0.8497596153846154 0.1310096153846154 0.15625
0 0.6670673076923077 0.8858173076923077 0.12379807692307693 0.12860576923076922
0 0.4891826923076923 0.921875 0.17668269230769232 0.10576923076923077
0 0.08653846153846154 0.1310096153846154 0.09254807692307693 0.2620192307692308