0 0.1045673076923077 0.14783653846153846 0.1201923076923077 0.22596153846153846
0 0.5877403846153846 0.15985576923076922 0.12740384615384615 0.30408653846153844
0 0.953125 0.40625 0.05048076923076923 0.31490384615384615
0 0.7896634615384616 0.40625 0.08774038461538461 0.33533653846153844
0 0.046875 0.453125 0.08413461538461539 0.23918269230769232
0 0.32211538461538464 0.6838942307692307 0.09375 0.35216346153846156
0 0.32572115384615385 0.8557692307692307 0.1971153846153846 0.18629807692307693
0 0.7151442307692307 0.8737980769230769 0.15745192307692307 0.1502403846153846
0 0.3545673076923077 0.9170673076923077 0.17668269230769232 0.16105769230769232
0 0.5120192307692307 0.9387019230769231 0.16826923076923078 0.12139423076923077
0 0.4579326923076923 0.10817307692307693 0.19951923076923078 0.21634615384615385