0 0.07692307692307693 0.15625 0.06370192307692307 0.265625
0 0.7103365384615384 0.15745192307692307 0.08413461538461539 0.31490384615384615
0 0.20552884615384615 0.21394230769230768 0.17548076923076922 0.17307692307692307
0 0.7463942307692307 0.2848557692307692 0.125 0.29447115384615385
0 0.05048076923076923 0.3125 0.10096153846153846 0.21754807692307693
0 0.2776442307692308 0.4567307692307692 0.17067307692307693 0.28365384615384615
0 0.109375 0.46153846153846156 0.09975961538461539 0.27884615384615385
0 0.7992788461538461 0.5180288461538461 0.078125 0.3329326923076923
0 0.042067307692307696 0.5432692307692307 0.0829326923076923 0.296875
0 0.7908653846153846 0.7920673076923077 0.0829326923076923 0.2668269230769231
0 0.3605769230769231 0.7920673076923077 0.12259615384615384 0.23317307692307693
0 0.6971153846153846 0.8016826923076923 0.14783653846153846 0.140625
0 0.4951923076923077 0.8713942307692307 0.11057692307692307 0.25240384615384615
0 0.4110576923076923 0.8894230769230769 0.12379807692307693 0.13581730769230768
0 0.20552884615384615 0.9038461538461539 0.17908653846153846 0.14903846153846154
0 0.6899038461538461 0.9038461538461539 0.15144230769230768 0.16346153846153846
0 0.40024038461538464 0.10096153846153846 0.10817307692307693 0.19110576923076922