0 0.1045673076923077 0.1971153846153846 0.10576923076923077 0.3137019230769231
0 0.037259615384615384 0.2127403846153846 0.06971153846153846 0.24639423076923078
0 0.15865384615384615 0.3942307692307692 0.1201923076923077 0.2704326923076923
0 0.7872596153846154 0.4110576923076923 0.12860576923076922 0.3161057692307692
0 0.046875 0.4543269230769231 0.09375 0.2403846153846154
0 0.7680288461538461 0.4831730769230769 0.12379807692307693 0.31009615384615385
0 0.7247596153846154 0.5324519230769231 0.1201923076923077 0.2536057692307692
0 0.0733173076923077 0.5600961538461539 0.06850961538461539 0.28125
0 0.6923076923076923 0.6009615384615384 0.11658653846153846 0.1346153846153846
0 0.6646634615384616 0.7367788461538461 0.15865384615384615 0.13581730769230768
0 0.8088942307692307 0.7716346153846154 0.0625 0.2824519230769231
0 0.7403846153846154 0.7800480769230769 0.06490384615384616 0.22115384615384615
0 0.5120192307692307 0.8425480769230769 0.15384615384615385 0.1466346153846154
0 0.671875 0.859375 0.125 0.15865384615384615
0 0.3088942307692308 0.8701923076923077 0.12860576923076922 0.17908653846153846
0 0.22115384615384615 0.8870192307692307 0.12860576923076922 0.1502403846153846
0 0.5120192307692307 0.9591346153846154 0.1310096153846154 0.08052884615384616