0 0.7596153846153846 0.2548076923076923 0.16346153846153846 0.19230769230769232
0 0.038461538461538464 0.30408653846153844 0.07692307692307693 0.2283653846153846
0 0.7043269230769231 0.39302884615384615 0.08774038461538461 0.3786057692307692
0 0.7752403846153846 0.4050480769230769 0.1141826923076923 0.3269230769230769
0 0.10216346153846154 0.4723557692307692 0.10096153846153846 0.2668269230769231
0 0.2848557692307692 0.4723557692307692 0.1814903846153846 0.2668269230769231
0 0.6875 0.5192307692307693 0.11538461538461539 0.36778846153846156
0 0.038461538461538464 0.5805288461538461 0.07692307692307693 0.22115384615384615
0 0.9447115384615384 0.6442307692307693 0.08774038461538461 0.17307692307692307
0 0.8125 0.6502403846153846 0.07932692307692307 0.2536057692307692
0 0.7427884615384616 0.7692307692307693 0.09495192307692307 0.2704326923076923
0 0.30649038461538464 0.8293269230769231 0.11899038461538461 0.27884615384615385
0 0.23918269230769232 0.84375 0.13341346153846154 0.1346153846153846
0 0.41225961538461536 0.9098557692307693 0.21394230769230768 0.17548076923076922
0 0.6334134615384616 0.9122596153846154 0.17548076923076922 0.17067307692307693
0 0.18990384615384615 0.9411057692307693 0.11057692307692307 0.11298076923076923
0 0.75 0.09975961538461539 0.16346153846153846 0.19831730769230768