0 0.11298076923076923 0.22716346153846154 0.09375 0.23557692307692307
0 0.2536057692307692 0.2536057692307692 0.13581730769230768 0.2704326923076923
0 0.0889423076923077 0.36778846153846156 0.08653846153846154 0.24639423076923078
0 0.7632211538461539 0.4387019230769231 0.13822115384615385 0.18509615384615385
0 0.08413461538461539 0.5132211538461539 0.078125 0.23317307692307693
0 0.042067307692307696 0.6478365384615384 0.07211538461538461 0.24278846153846154
0 0.20432692307692307 0.06850961538461539 0.17307692307692307 0.13701923076923078
0 0.22596153846153846 0.8485576923076923 0.10096153846153846 0.14302884615384615
0 0.7475961538461539 0.8485576923076923 0.1346153846153846 0.19110576923076922
0 0.3245192307692308 0.8701923076923077 0.14302884615384615 0.16826923076923078
0 0.5685096153846154 0.9278846153846154 0.17668269230769232 0.10817307692307693
0 0.40384615384615385 0.9519230769230769 0.1346153846153846 0.09254807692307693
0 0.35216346153846156 0.1310096153846154 0.18629807692307693 0.2620192307692308