0 0.0733173076923077 0.21394230769230768 0.07572115384615384 0.30649038461538464
0 0.2127403846153846 0.2439903846153846 0.0829326923076923 0.3581730769230769
0 0.3076923076923077 0.2692307692307692 0.109375 0.3954326923076923
0 0.056490384615384616 0.4987980769230769 0.10697115384615384 0.2980769230769231
0 0.9507211538461539 0.5793269230769231 0.09735576923076923 0.18870192307692307
0 0.040865384615384616 0.6490384615384616 0.04807692307692308 0.24519230769230768
0 0.6550480769230769 0.07572115384615384 0.22235576923076922 0.14783653846153846
0 0.7896634615384616 0.8112980769230769 0.07932692307692307 0.28365384615384615
0 0.42427884615384615 0.9122596153846154 0.17668269230769232 0.16826923076923078
0 0.27283653846153844 0.9134615384615384 0.15745192307692307 0.15625
0 0.7043269230769231 0.9158653846153846 0.14182692307692307 0.125
0 0.5757211538461539 0.9170673076923077 0.18870192307692307 0.16346153846153846
0 0.11778846153846154 0.11177884615384616 0.09375 0.22355769230769232