0 0.04326923076923077 0.16105769230769232 0.08653846153846154 0.2980769230769231
0 0.5228365384615384 0.17067307692307693 0.1502403846153846 0.34134615384615385
0 0.8149038461538461 0.3016826923076923 0.10817307692307693 0.38461538461538464
0 0.2247596153846154 0.3016826923076923 0.10576923076923077 0.27283653846153844
0 0.042067307692307696 0.3449519230769231 0.08413461538461539 0.21394230769230768
0 0.3605769230769231 0.4230769230769231 0.1935096153846154 0.2824519230769231
0 0.12379807692307693 0.42788461538461536 0.09975961538461539 0.28725961538461536
0 0.6899038461538461 0.44711538461538464 0.1045673076923077 0.3425480769230769
0 0.03365384615384615 0.5120192307692307 0.06610576923076923 0.31009615384615385
0 0.9387019230769231 0.7103365384615384 0.06129807692307692 0.1466346153846154
0 0.6959134615384616 0.7536057692307693 0.11778846153846154 0.28125
0 0.6225961538461539 0.9122596153846154 0.16706730769230768 0.14302884615384615
0 0.18269230769230768 0.9194711538461539 0.1201923076923077 0.15625
0 0.2800480769230769 0.9375 0.14903846153846154 0.12259615384615384
0 0.4254807692307692 0.9411057692307693 0.16105769230769232 0.1141826923076923
0 0.16706730769230768 0.109375 0.17427884615384615 0.15384615384615385