0 0.06610576923076923 0.16346153846153846 0.07211538461538461 0.265625
0 0.765625 0.18990384615384615 0.1778846153846154 0.27163461538461536
0 0.6862980769230769 0.31850961538461536 0.13581730769230768 0.2704326923076923
0 0.7944711538461539 0.49038461538461536 0.09615384615384616 0.3786057692307692
0 0.08653846153846154 0.5420673076923077 0.07692307692307693 0.28846153846153844
0 0.3125 0.6165865384615384 0.09134615384615384 0.36177884615384615
0 0.042067307692307696 0.6201923076923077 0.0829326923076923 0.2764423076923077
0 0.5228365384615384 0.7211538461538461 0.1141826923076923 0.3112980769230769
0 0.8028846153846154 0.8449519230769231 0.07211538461538461 0.15625
0 0.14302884615384615 0.09254807692307693 0.0889423076923077 0.18509615384615385
0 0.5793269230769231 0.9182692307692307 0.16826923076923078 0.12980769230769232
0 0.25961538461538464 0.9182692307692307 0.1778846153846154 0.15865384615384615
0 0.7247596153846154 0.9182692307692307 0.15144230769230768 0.15865384615384615