0 0.6995192307692307 0.24278846153846154 0.14302884615384615 0.23798076923076922
0 0.6418269230769231 0.3137019230769231 0.1658653846153846 0.3425480769230769
0 0.3870192307692308 0.33413461538461536 0.15264423076923078 0.3004807692307692
0 0.7740384615384616 0.49038461538461536 0.0985576923076923 0.3161057692307692
0 0.7211538461538461 0.5096153846153846 0.09134615384615384 0.3641826923076923
0 0.4675480769230769 0.5973557692307693 0.17307692307692307 0.2439903846153846
0 0.03245192307692308 0.5997596153846154 0.06490384615384616 0.23197115384615385
0 0.09254807692307693 0.6454326923076923 0.0829326923076923 0.2764423076923077
0 0.6634615384615384 0.7259615384615384 0.1466346153846154 0.15865384615384615
0 0.5456730769230769 0.7632211538461539 0.2091346153846154 0.15865384615384615
0 0.3425480769230769 0.8533653846153846 0.11658653846153846 0.20072115384615385
0 0.47716346153846156 0.8786057692307693 0.171875 0.18629807692307693
0 0.4375 0.8810096153846154 0.140625 0.21875
0 0.6262019230769231 0.8822115384615384 0.1201923076923077 0.16706730769230768
0 0.22716346153846154 0.9146634615384616 0.15504807692307693 0.16466346153846154
0 0.6382211538461539 0.11899038461538461 0.18629807692307693 0.17548076923076922