0 0.6550480769230769 0.16346153846153846 0.17548076923076922 0.3269230769230769
0 0.12259615384615384 0.16826923076923078 0.1310096153846154 0.296875
0 0.04927884615384615 0.22355769230769232 0.0985576923076923 0.3161057692307692
0 0.7800480769230769 0.22956730769230768 0.09615384615384616 0.09975961538461539
0 0.9423076923076923 0.2704326923076923 0.06610576923076923 0.3473557692307692
0 0.9735576923076923 0.2980769230769231 0.04807692307692308 0.28846153846153844
0 0.43149038461538464 0.3004807692307692 0.1622596153846154 0.328125
0 0.6826923076923077 0.3545673076923077 0.21754807692307693 0.21634615384615385
0 0.7764423076923077 0.36899038461538464 0.09495192307692307 0.27524038461538464
0 0.23197115384615385 0.39663461538461536 0.10336538461538461 0.34615384615384615
0 0.20673076923076922 0.41466346153846156 0.12259615384615384 0.2608173076923077
0 0.8149038461538461 0.4326923076923077 0.08173076923076923 0.29927884615384615
0 0.040865384615384616 0.453125 0.08173076923076923 0.27163461538461536
0 0.6923076923076923 0.5420673076923077 0.0733173076923077 0.19110576923076922
0 0.7175480769230769 0.6177884615384616 0.09615384615384616 0.34375
0 0.8016826923076923 0.6586538461538461 0.10336538461538461 0.32091346153846156
0 0.8112980769230769 0.07091346153846154 0.0985576923076923 0.14182692307692307
0 0.765625 0.7403846153846154 0.06971153846153846 0.30408653846153844
0 0.0673076923076923 0.7536057692307693 0.11538461538461539 0.31490384615384615
0 0.5913461538461539 0.7704326923076923 0.20793269230769232 0.1502403846153846
0 0.9290865384615384 0.7764423076923077 0.07211538461538461 0.17427884615384615
0 0.26322115384615385 0.8521634615384616 0.09014423076923077 0.27283653846153844
0 0.6935096153846154 0.8545673076923077 0.09495192307692307 0.20673076923076922
0 0.5252403846153846 0.8569711538461539 0.19951923076923078 0.1778846153846154
0 0.20552884615384615 0.8617788461538461 0.10576923076923077 0.16466346153846154
0 0.3485576923076923 0.9302884615384616 0.16826923076923078 0.13581730769230768
0 0.4987980769230769 0.9362980769230769 0.18509615384615385 0.12379807692307693
0 0.7548076923076923 0.11057692307692307 0.13701923076923078 0.20793269230769232