0 0.7463942307692307 0.17067307692307693 0.14302884615384615 0.3293269230769231
0 0.7091346153846154 0.27283653846153844 0.15985576923076922 0.24158653846153846
0 0.6189903846153846 0.296875 0.17548076923076922 0.3125
0 0.3894230769230769 0.3389423076923077 0.15144230769230768 0.2980769230769231
0 0.9591346153846154 0.4543269230769231 0.056490384615384616 0.2439903846153846
0 0.7283653846153846 0.4987980769230769 0.09735576923076923 0.35336538461538464
0 0.7776442307692307 0.515625 0.08173076923076923 0.31850961538461536
0 0.8173076923076923 0.5769230769230769 0.05048076923076923 0.3088942307692308
0 0.9302884615384616 0.5769230769230769 0.039663461538461536 0.20552884615384615
0 0.028846153846153848 0.5973557692307693 0.040865384615384616 0.21634615384615385
0 0.07572115384615384 0.6225961538461539 0.07091346153846154 0.2403846153846154
0 0.45913461538461536 0.6286057692307693 0.1622596153846154 0.17668269230769232
0 0.7079326923076923 0.7247596153846154 0.09014423076923077 0.265625
0 0.6514423076923077 0.7331730769230769 0.13701923076923078 0.1622596153846154
0 0.7475961538461539 0.7451923076923077 0.06971153846153846 0.23557692307692307
0 0.5504807692307693 0.7584134615384616 0.18990384615384615 0.15144230769230768
0 0.09615384615384616 0.07692307692307693 0.0889423076923077 0.12860576923076922
0 0.7860576923076923 0.8112980769230769 0.0829326923076923 0.21394230769230768
0 0.671875 0.8221153846153846 0.125 0.12620192307692307
0 0.421875 0.8389423076923077 0.08533653846153846 0.28365384615384615
0 0.3581730769230769 0.8641826923076923 0.0829326923076923 0.23798076923076922
0 0.6213942307692307 0.8786057692307693 0.15384615384615385 0.15384615384615385
0 0.48197115384615385 0.8870192307692307 0.11538461538461539 0.20673076923076922
0 0.25240384615384615 0.9338942307692307 0.14903846153846154 0.12740384615384615
0 0.5480769230769231 0.9350961538461539 0.16105769230769232 0.12259615384615384
0 0.042067307692307696 0.0985576923076923 0.06370192307692307 0.1778846153846154
0 0.6358173076923077 0.1045673076923077 0.19230769230769232 0.20793269230769232
0 0.9411057692307693 0.13341346153846154 0.06850961538461539 0.2548076923076923