0 0.9507211538461539 0.1622596153846154 0.06129807692307692 0.2860576923076923
0 0.6923076923076923 0.1658653846153846 0.10576923076923077 0.32572115384615385
0 0.7596153846153846 0.19230769230769232 0.06129807692307692 0.359375
0 0.04927884615384615 0.20552884615384615 0.09495192307692307 0.20552884615384615
0 0.6262019230769231 0.21514423076923078 0.07932692307692307 0.31009615384615385
0 0.7824519230769231 0.27524038461538464 0.06610576923076923 0.3076923076923077
0 0.6754807692307693 0.28125 0.07932692307692307 0.33052884615384615
0 0.8245192307692307 0.3389423076923077 0.0625 0.296875
0 0.10216346153846154 0.4579326923076923 0.13221153846153846 0.24639423076923078
0 0.06370192307692307 0.5444711538461539 0.10817307692307693 0.15264423076923078
0 0.9579326923076923 0.5625 0.0829326923076923 0.21394230769230768
0 0.7548076923076923 0.5889423076923077 0.1502403846153846 0.21754807692307693
0 0.06610576923076923 0.7223557692307693 0.07572115384615384 0.2620192307692308
0 0.6382211538461539 0.7295673076923077 0.17307692307692307 0.12860576923076922
0 0.7584134615384616 0.7944711538461539 0.08774038461538461 0.2548076923076923
0 0.7920673076923077 0.8052884615384616 0.07572115384615384 0.2668269230769231
0 0.42908653846153844 0.8245192307692307 0.10096153846153846 0.2536057692307692
0 0.27884615384615385 0.8329326923076923 0.12259615384615384 0.2512019230769231
0 0.5865384615384616 0.8737980769230769 0.15745192307692307 0.16105769230769232
0 0.6971153846153846 0.8798076923076923 0.1201923076923077 0.1310096153846154
0 0.7992788461538461 0.09254807692307693 0.06009615384615385 0.18509615384615385
0 0.06009615384615385 0.09254807692307693 0.0985576923076923 0.16706730769230768
0 0.4362980769230769 0.9375 0.1658653846153846 0.12259615384615384