0 0.036057692307692304 0.20673076923076922 0.07091346153846154 0.28365384615384615
0 0.5997596153846154 0.21875 0.1658653846153846 0.32091346153846156
0 0.44711538461538464 0.33413461538461536 0.10817307692307693 0.3641826923076923
0 0.05889423076923077 0.43028846153846156 0.11658653846153846 0.21754807692307693
0 0.07091346153846154 0.6057692307692307 0.08653846153846154 0.24879807692307693
0 0.33052884615384615 0.6574519230769231 0.16826923076923078 0.2536057692307692
0 0.7764423076923077 0.7524038461538461 0.05048076923076923 0.31850961538461536
0 0.8064903846153846 0.7548076923076923 0.054086538461538464 0.2704326923076923
0 0.7175480769230769 0.7824519230769231 0.0829326923076923 0.28966346153846156
0 0.30408653846153844 0.9098557692307693 0.13701923076923078 0.17548076923076922
0 0.4723557692307692 0.9182692307692307 0.18990384615384615 0.15865384615384615