0 0.7367788461538461 0.15625 0.16706730769230768 0.19591346153846154
0 0.027644230769230768 0.25 0.054086538461538464 0.27283653846153844
0 0.40625 0.3329326923076923 0.1466346153846154 0.39783653846153844
0 0.9543269230769231 0.33533653846153844 0.07932692307692307 0.26322115384615385
0 0.8016826923076923 0.4050480769230769 0.078125 0.2776442307692308
0 0.04447115384615385 0.43149038461538464 0.0889423076923077 0.3112980769230769
0 0.7199519230769231 0.48677884615384615 0.10697115384615384 0.33653846153846156
0 0.2848557692307692 0.5576923076923077 0.15384615384615385 0.2439903846153846
0 0.36658653846153844 0.6610576923076923 0.1346153846153846 0.2692307692307692
0 0.7079326923076923 0.6802884615384616 0.140625 0.18269230769230768
0 0.7884615384615384 0.7391826923076923 0.10817307692307693 0.33533653846153844
0 0.546875 0.8713942307692307 0.08413461538461539 0.25240384615384615
0 0.6670673076923077 0.9110576923076923 0.1502403846153846 0.12980769230769232
0 0.17067307692307693 0.9158653846153846 0.09735576923076923 0.15264423076923078
0 0.33052884615384615 0.9375 0.10817307692307693 0.1201923076923077
0 0.45913461538461536 0.9375 0.1346153846153846 0.1201923076923077
0 0.25721153846153844 0.9435096153846154 0.057692307692307696 0.11177884615384616
0 0.5973557692307693 0.09975961538461539 0.14543269230769232 0.19831730769230768