0 0.7584134615384616 0.14182692307692307 0.11778846153846154 0.28365384615384615
0 0.10336538461538461 0.15745192307692307 0.08413461538461539 0.2824519230769231
0 0.5769230769230769 0.18389423076923078 0.125 0.3485576923076923
0 0.06009615384615385 0.3161057692307692 0.11057692307692307 0.22355769230769232
0 0.8004807692307693 0.35216346153846156 0.09495192307692307 0.28365384615384615
0 0.042067307692307696 0.5805288461538461 0.0829326923076923 0.22596153846153846
0 0.04447115384615385 0.7091346153846154 0.06850961538461539 0.19110576923076922
0 0.7836538461538461 0.7704326923076923 0.11298076923076923 0.3004807692307692
0 0.5252403846153846 0.8665865384615384 0.1346153846153846 0.17307692307692307
0 0.4098557692307692 0.8786057692307693 0.1502403846153846 0.21033653846153846
0 0.5829326923076923 0.9350961538461539 0.14182692307692307 0.125
0 0.3161057692307692 0.9411057692307693 0.16105769230769232 0.11298076923076923
0 0.16826923076923078 0.9471153846153846 0.10576923076923077 0.10096153846153846
0 0.34134615384615385 0.1045673076923077 0.1778846153846154 0.1971153846153846