0 0.5276442307692307 0.24879807692307693 0.2620192307692308 0.24278846153846154
0 0.06490384615384616 0.38100961538461536 0.08052884615384616 0.3485576923076923
0 0.7079326923076923 0.44350961538461536 0.16346153846153846 0.2980769230769231
0 0.021634615384615384 0.5420673076923077 0.04326923076923077 0.31971153846153844
0 0.31850961538461536 0.5685096153846154 0.1201923076923077 0.32572115384615385
0 0.8100961538461539 0.7235576923076923 0.11298076923076923 0.2932692307692308
0 0.7367788461538461 0.8125 0.14302884615384615 0.18389423076923078
0 0.4723557692307692 0.0889423076923077 0.19230769230769232 0.17307692307692307
0 0.6021634615384616 0.9074519230769231 0.125 0.17908653846153846
0 0.7487980769230769 0.921875 0.15625 0.15144230769230768
0 0.3293269230769231 0.9387019230769231 0.1310096153846154 0.12139423076923077
0 0.18990384615384615 0.9399038461538461 0.12379807692307693 0.11658653846153846