0 0.8052884615384616 0.18028846153846154 0.08653846153846154 0.32211538461538464
0 0.025240384615384616 0.21033653846153846 0.05048076923076923 0.29086538461538464
0 0.11658653846153846 0.4387019230769231 0.12139423076923077 0.13581730769230768
0 0.7331730769230769 0.46274038461538464 0.0889423076923077 0.33774038461538464
0 0.05889423076923077 0.4795673076923077 0.09014423076923077 0.24759615384615385
0 0.7920673076923077 0.5168269230769231 0.07091346153846154 0.27884615384615385
0 0.040865384615384616 0.5456730769230769 0.07572115384615384 0.2403846153846154
0 0.6838942307692307 0.5901442307692307 0.06610576923076923 0.38341346153846156
0 0.052884615384615384 0.6862980769230769 0.08413461538461539 0.21394230769230768
0 0.7740384615384616 0.78125 0.10216346153846154 0.265625
0 0.7199519230769231 0.8365384615384616 0.11778846153846154 0.15384615384615385
0 0.12740384615384615 0.9002403846153846 0.125 0.19471153846153846
0 0.40625 0.9122596153846154 0.15384615384615385 0.16826923076923078
0 0.5877403846153846 0.9146634615384616 0.17067307692307693 0.13701923076923078
0 0.28966346153846156 0.9278846153846154 0.125 0.14302884615384615
0 0.7415865384615384 0.12980769230769232 0.11538461538461539 0.25841346153846156