0 0.12379807692307693 0.18870192307692307 0.12139423076923077 0.13581730769230768
0 0.5540865384615384 0.18990384615384615 0.1466346153846154 0.30528846153846156
0 0.06490384615384616 0.23798076923076922 0.07692307692307693 0.22115384615384615
0 0.051682692307692304 0.36538461538461536 0.09375 0.2403846153846154
0 0.026442307692307692 0.4699519230769231 0.051682692307692304 0.234375
0 0.6935096153846154 0.49759615384615385 0.14783653846153846 0.2536057692307692
0 0.052884615384615384 0.6225961538461539 0.056490384615384616 0.2127403846153846
0 0.31971153846153844 0.6262019230769231 0.1466346153846154 0.2824519230769231
0 0.7860576923076923 0.6995192307692307 0.07932692307692307 0.25600961538461536
0 0.7451923076923077 0.8161057692307693 0.10576923076923077 0.2512019230769231
0 0.23076923076923078 0.8449519230769231 0.12379807692307693 0.14302884615384615
0 0.3762019230769231 0.8581730769230769 0.07211538461538461 0.2536057692307692
0 0.671875 0.8653846153846154 0.15144230769230768 0.2536057692307692
0 0.29927884615384615 0.8930288461538461 0.1045673076923077 0.2127403846153846
0 0.5552884615384616 0.9122596153846154 0.15745192307692307 0.17427884615384615
0 0.43509615384615385 0.9471153846153846 0.14423076923076922 0.10096153846153846
0 0.7884615384615384 0.11177884615384616 0.1141826923076923 0.22355769230769232