0 0.7379807692307693 0.16947115384615385 0.16105769230769232 0.18269230769230768
0 0.027644230769230768 0.2644230769230769 0.055288461538461536 0.2932692307692308
0 0.8137019230769231 0.42908653846153844 0.06610576923076923 0.3112980769230769
0 0.10817307692307693 0.45072115384615385 0.054086538461538464 0.23076923076923078
0 0.7487980769230769 0.46875 0.10216346153846154 0.3485576923076923
0 0.04807692307692308 0.4807692307692308 0.09134615384615384 0.2776442307692308
0 0.42908653846153844 0.5408653846153846 0.1502403846153846 0.4170673076923077
0 0.7920673076923077 0.7139423076923077 0.0733173076923077 0.25600961538461536
0 0.6670673076923077 0.7247596153846154 0.0985576923076923 0.2932692307692308
0 0.7115384615384616 0.7836538461538461 0.109375 0.18028846153846154
0 0.28725961538461536 0.7848557692307693 0.08173076923076923 0.3137019230769231
0 0.5444711538461539 0.8653846153846154 0.11177884615384616 0.26802884615384615
0 0.18990384615384615 0.8930288461538461 0.12980769230769232 0.14302884615384615
0 0.6838942307692307 0.9098557692307693 0.15384615384615385 0.13581730769230768
0 0.3629807692307692 0.9146634615384616 0.1346153846153846 0.1658653846153846
0 0.2668269230769231 0.9375 0.1346153846153846 0.1201923076923077
0 0.4579326923076923 0.9435096153846154 0.13701923076923078 0.10817307692307693
0 0.6129807692307693 0.11177884615384616 0.1201923076923077 0.22355769230769232