0 0.6682692307692307 0.1935096153846154 0.1778846153846154 0.36778846153846156
0 0.056490384615384616 0.22115384615384615 0.11298076923076923 0.203125
0 0.6526442307692307 0.265625 0.13221153846153846 0.31850961538461536
0 0.7608173076923077 0.3088942307692308 0.08774038461538461 0.3076923076923077
0 0.8233173076923077 0.34975961538461536 0.0733173076923077 0.29086538461538464
0 0.05889423076923077 0.38100961538461536 0.11778846153846154 0.2620192307692308
0 0.08533653846153846 0.5576923076923077 0.11538461538461539 0.1658653846153846
0 0.7560096153846154 0.5637019230769231 0.1346153846153846 0.19110576923076922
0 0.4963942307692308 0.6346153846153846 0.11177884615384616 0.19591346153846154
0 0.06009615384615385 0.6430288461538461 0.08774038461538461 0.1622596153846154
0 0.7740384615384616 0.6923076923076923 0.09375 0.28365384615384615
0 0.4375 0.7235576923076923 0.1466346153846154 0.2608173076923077
0 0.6286057692307693 0.7271634615384616 0.1310096153846154 0.18629807692307693
0 0.7019230769230769 0.7331730769230769 0.11778846153846154 0.21754807692307693
0 0.7944711538461539 0.7920673076923077 0.10216346153846154 0.2800480769230769
0 0.0733173076923077 0.8028846153846154 0.12980769230769232 0.26802884615384615
0 0.25240384615384615 0.8209134615384616 0.10576923076923077 0.15144230769230768
0 0.6454326923076923 0.8377403846153846 0.14903846153846154 0.1502403846153846
0 0.5673076923076923 0.8473557692307693 0.12259615384615384 0.27403846153846156
0 0.24639423076923078 0.8954326923076923 0.14423076923076922 0.15504807692307693
0 0.36658653846153844 0.9122596153846154 0.1141826923076923 0.17427884615384615
0 0.6995192307692307 0.9122596153846154 0.15985576923076922 0.17427884615384615
0 0.47115384615384615 0.9338942307692307 0.14903846153846154 0.12740384615384615
0 0.22596153846153846 0.9411057692307693 0.1346153846153846 0.11298076923076923
0 0.7367788461538461 0.12379807692307693 0.109375 0.24759615384615385