0 0.14903846153846154 0.15865384615384615 0.078125 0.28125
0 0.057692307692307696 0.18028846153846154 0.10336538461538461 0.21033653846153846
0 0.0625 0.265625 0.125 0.20432692307692307
0 0.7956730769230769 0.30528846153846156 0.10216346153846154 0.34615384615384615
0 0.9651442307692307 0.34615384615384615 0.06850961538461539 0.3016826923076923
0 0.056490384615384616 0.36658653846153844 0.11177884615384616 0.22115384615384615
0 0.7103365384615384 0.4206730769230769 0.12259615384615384 0.3473557692307692
0 0.7596153846153846 0.5997596153846154 0.1045673076923077 0.29927884615384615
0 0.9723557692307693 0.640625 0.052884615384615384 0.11057692307692307
0 0.7572115384615384 0.06610576923076923 0.07932692307692307 0.13221153846153846
0 0.9591346153846154 0.0673076923076923 0.07932692307692307 0.1346153846153846
0 0.7908653846153846 0.6935096153846154 0.08533653846153846 0.2668269230769231
0 0.07451923076923077 0.7127403846153846 0.11778846153846154 0.2668269230769231
0 0.9399038461538461 0.7271634615384616 0.07572115384615384 0.15625
0 0.7415865384615384 0.8028846153846154 0.12259615384615384 0.21875
0 0.6141826923076923 0.8305288461538461 0.20432692307692307 0.33413461538461536
0 0.49399038461538464 0.8894230769230769 0.16346153846153846 0.2127403846153846
0 0.13942307692307693 0.9206730769230769 0.13341346153846154 0.13701923076923078
0 0.3088942307692308 0.9242788461538461 0.17307692307692307 0.14903846153846154
0 0.7800480769230769 0.10576923076923077 0.09375 0.21153846153846154
0 0.6862980769230769 0.13341346153846154 0.0985576923076923 0.2668269230769231