0 0.0889423076923077 0.19951923076923078 0.09975961538461539 0.3173076923076923
0 0.7860576923076923 0.3545673076923077 0.12620192307692307 0.3641826923076923
0 0.13581730769230768 0.4182692307692308 0.0985576923076923 0.29086538461538464
0 0.6598557692307693 0.05048076923076923 0.0985576923076923 0.10096153846153846
0 0.4170673076923077 0.6021634615384616 0.17668269230769232 0.28966346153846156
0 0.054086538461538464 0.6442307692307693 0.09134615384615384 0.3449519230769231
0 0.7163461538461539 0.6514423076923077 0.12980769230769232 0.18629807692307693
0 0.6286057692307693 0.7776442307692307 0.10697115384615384 0.17548076923076922
0 0.8040865384615384 0.8257211538461539 0.07692307692307693 0.23076923076923078
0 0.15144230769230768 0.9002403846153846 0.1971153846153846 0.19471153846153846
0 0.5913461538461539 0.9230769230769231 0.13822115384615385 0.11899038461538461
0 0.38100961538461536 0.9242788461538461 0.18269230769230768 0.1502403846153846
0 0.3449519230769231 0.11658653846153846 0.18028846153846154 0.23317307692307693