0 0.15144230769230768 0.18870192307692307 0.13341346153846154 0.27524038461538464
0 0.09134615384615384 0.21394230769230768 0.08774038461538461 0.2704326923076923
0 0.7283653846153846 0.2536057692307692 0.11177884615384616 0.31490384615384615
0 0.7992788461538461 0.30649038461538464 0.09735576923076923 0.3581730769230769
0 0.22956730769230768 0.3425480769230769 0.14903846153846154 0.20192307692307693
0 0.056490384615384616 0.3762019230769231 0.06850961538461539 0.30288461538461536
0 0.42908653846153844 0.59375 0.18509615384615385 0.3293269230769231
0 0.051682692307692304 0.6502403846153846 0.08173076923076923 0.33774038461538464
0 0.3161057692307692 0.6550480769230769 0.13822115384615385 0.24879807692307693
0 0.7896634615384616 0.6706730769230769 0.10096153846153846 0.2536057692307692
0 0.19471153846153846 0.8641826923076923 0.07451923076923077 0.19591346153846154
0 0.7403846153846154 0.8641826923076923 0.11899038461538461 0.140625
0 0.31850961538461536 0.9302884615384616 0.14182692307692307 0.1346153846153846