0 0.15985576923076922 0.22956730769230768 0.12620192307692307 0.2127403846153846
0 0.2764423076923077 0.24759615384615385 0.1622596153846154 0.29927884615384615
0 0.20192307692307693 0.27403846153846156 0.12139423076923077 0.25600961538461536
0 0.042067307692307696 0.6081730769230769 0.0829326923076923 0.32572115384615385
0 0.9735576923076923 0.6935096153846154 0.051682692307692304 0.20192307692307693
0 0.9471153846153846 0.765625 0.07211538461538461 0.1466346153846154
0 0.18870192307692307 0.07932692307692307 0.14182692307692307 0.14903846153846154
0 0.25721153846153844 0.8365384615384616 0.12139423076923077 0.22355769230769232
0 0.7475961538461539 0.8497596153846154 0.14182692307692307 0.18028846153846154
0 0.5612980769230769 0.9074519230769231 0.20432692307692307 0.14903846153846154
0 0.3173076923076923 0.9146634615384616 0.13701923076923078 0.1658653846153846