0 0.07572115384615384 0.16947115384615385 0.07572115384615384 0.21634615384615385
0 0.0625 0.2548076923076923 0.11298076923076923 0.2403846153846154
0 0.7019230769230769 0.3173076923076923 0.14543269230769232 0.31009615384615385
0 0.7728365384615384 0.4254807692307692 0.09975961538461539 0.34615384615384615
0 0.27524038461538464 0.4387019230769231 0.14543269230769232 0.2548076923076923
0 0.41947115384615385 0.5709134615384616 0.1814903846153846 0.24879807692307693
0 0.04447115384615385 0.6045673076923077 0.07211538461538461 0.30288461538461536
0 0.8173076923076923 0.6622596153846154 0.06971153846153846 0.29927884615384615
0 0.7548076923076923 0.7271634615384616 0.10096153846153846 0.2980769230769231
0 0.29927884615384615 0.7596153846153846 0.10576923076923077 0.265625
0 0.23557692307692307 0.8701923076923077 0.14302884615384615 0.12379807692307693
0 0.6430288461538461 0.8774038461538461 0.20673076923076922 0.15144230769230768
0 0.4987980769230769 0.9206730769230769 0.18389423076923078 0.14302884615384615
0 0.17908653846153846 0.9314903846153846 0.11778846153846154 0.13221153846153846
0 0.7728365384615384 0.13341346153846154 0.18389423076923078 0.21995192307692307