0 0.7956730769230769 0.14302884615384615 0.0829326923076923 0.2824519230769231
0 0.14543269230769232 0.1622596153846154 0.12980769230769232 0.26322115384615385
0 0.6646634615384616 0.19110576923076922 0.08173076923076923 0.38100961538461536
0 0.734375 0.20673076923076922 0.1045673076923077 0.38100961538461536
0 0.051682692307692304 0.24278846153846154 0.08653846153846154 0.203125
0 0.7175480769230769 0.33774038461538464 0.0985576923076923 0.359375
0 0.4651442307692308 0.3581730769230769 0.0889423076923077 0.33774038461538464
0 0.23076923076923078 0.36177884615384615 0.09254807692307693 0.3581730769230769
0 0.7872596153846154 0.39663461538461536 0.11298076923076923 0.37740384615384615
0 0.32091346153846156 0.484375 0.14423076923076922 0.30408653846153844
0 0.038461538461538464 0.5504807692307693 0.07091346153846154 0.21394230769230768
0 0.7932692307692307 0.6682692307692307 0.109375 0.30528846153846156
0 0.0673076923076923 0.7091346153846154 0.07451923076923077 0.171875
0 0.44711538461538464 0.8233173076923077 0.20793269230769232 0.23197115384615385
0 0.2644230769230769 0.8425480769230769 0.12139423076923077 0.26322115384615385
0 0.18990384615384615 0.8689903846153846 0.1141826923076923 0.11658653846153846
0 0.6586538461538461 0.8798076923076923 0.11778846153846154 0.1502403846153846
0 0.7608173076923077 0.8882211538461539 0.14543269230769232 0.18870192307692307
0 0.46153846153846156 0.9242788461538461 0.15504807692307693 0.1502403846153846
0 0.2536057692307692 0.9338942307692307 0.1466346153846154 0.12740384615384615
0 0.5757211538461539 0.9411057692307693 0.16105769230769232 0.11298076923076923
0 0.5853365384615384 0.13822115384615385 0.10336538461538461 0.2764423076923077