0 0.7403846153846154 0.17427884615384615 0.18990384615384615 0.20552884615384615
0 0.10336538461538461 0.24639423076923078 0.14423076923076922 0.27403846153846156
0 0.3557692307692308 0.4026442307692308 0.14423076923076922 0.38341346153846156
0 0.037259615384615384 0.41586538461538464 0.07451923076923077 0.2860576923076923
0 0.7139423076923077 0.44711538461538464 0.171875 0.16826923076923078
0 0.09375 0.4651442307692308 0.06490384615384616 0.3004807692307692
0 0.4651442307692308 0.052884615384615384 0.12740384615384615 0.10576923076923077
0 0.03365384615384615 0.5625 0.06490384615384616 0.27283653846153844
0 0.7632211538461539 0.7836538461538461 0.08052884615384616 0.24278846153846154
0 0.3641826923076923 0.7872596153846154 0.12379807692307693 0.19591346153846154
0 0.07091346153846154 0.8137019230769231 0.078125 0.23317307692307693
0 0.27524038461538464 0.8713942307692307 0.06971153846153846 0.25240384615384615
0 0.42788461538461536 0.8858173076923077 0.11177884615384616 0.14302884615384615
0 0.5985576923076923 0.9122596153846154 0.13942307692307693 0.17067307692307693
0 0.17427884615384615 0.9338942307692307 0.13701923076923078 0.12740384615384615
0 0.11899038461538461 0.12620192307692307 0.08413461538461539 0.24158653846153846