0 0.7475961538461539 0.14302884615384615 0.14423076923076922 0.2824519230769231
0 0.8112980769230769 0.19110576923076922 0.09495192307692307 0.3173076923076923
0 0.9699519230769231 0.24879807692307693 0.05889423076923077 0.32091346153846156
0 0.7283653846153846 0.265625 0.17908653846153846 0.22235576923076922
0 0.38822115384615385 0.3473557692307692 0.17067307692307693 0.30528846153846156
0 0.9579326923076923 0.46634615384615385 0.06610576923076923 0.23798076923076922
0 0.7884615384615384 0.48677884615384615 0.09615384615384616 0.3161057692307692
0 0.7115384615384616 0.5036057692307693 0.09254807692307693 0.3713942307692308
0 0.765625 0.5456730769230769 0.06850961538461539 0.33774038461538464
0 0.5745192307692307 0.057692307692307696 0.17307692307692307 0.1141826923076923
0 0.9290865384615384 0.5805288461538461 0.06009615384615385 0.21875
0 0.44350961538461536 0.6189903846153846 0.15985576923076922 0.15144230769230768
0 0.8004807692307693 0.625 0.06610576923076923 0.3329326923076923
0 0.042067307692307696 0.6262019230769231 0.07692307692307693 0.2764423076923077
0 0.07091346153846154 0.640625 0.08653846153846154 0.2512019230769231
0 0.9555288461538461 0.6610576923076923 0.07932692307692307 0.16947115384615385
0 0.5096153846153846 0.7151442307692307 0.17307692307692307 0.11899038461538461
0 0.6814903846153846 0.7319711538461539 0.14783653846153846 0.23798076923076922
0 0.9375 0.7728365384615384 0.06009615384615385 0.0829326923076923
0 0.0985576923076923 0.078125 0.07932692307692307 0.11899038461538461
0 0.546875 0.7908653846153846 0.20552884615384615 0.11899038461538461
0 0.7836538461538461 0.8088942307692307 0.09254807692307693 0.27163461538461536
0 0.45552884615384615 0.0829326923076923 0.09975961538461539 0.1658653846153846
0 0.6790865384615384 0.8197115384615384 0.10096153846153846 0.15865384615384615
0 0.4026442307692308 0.8245192307692307 0.09014423076923077 0.30288461538461536
0 0.5733173076923077 0.8545673076923077 0.09254807692307693 0.09735576923076923
0 0.3557692307692308 0.875 0.08774038461538461 0.24759615384615385
0 0.6394230769230769 0.8870192307692307 0.12379807692307693 0.17908653846153846
0 0.4795673076923077 0.9050480769230769 0.12379807692307693 0.1875
0 0.5576923076923077 0.9399038461538461 0.1502403846153846 0.11778846153846154
0 0.6526442307692307 0.09975961538461539 0.09134615384615384 0.19591346153846154
0 0.9350961538461539 0.10216346153846154 0.06129807692307692 0.20432692307692307
0 0.055288461538461536 0.10817307692307693 0.07211538461538461 0.17548076923076922
0 0.020432692307692308 0.12740384615384615 0.039663461538461536 0.22716346153846154