0 0.10336538461538461 0.1971153846153846 0.11658653846153846 0.35216346153846156
0 0.16346153846153846 0.3894230769230769 0.12740384615384615 0.2824519230769231
0 0.8185096153846154 0.4098557692307692 0.1502403846153846 0.32211538461538464
0 0.7596153846153846 0.4987980769230769 0.12740384615384615 0.26802884615384615
0 0.7211538461538461 0.5276442307692307 0.08653846153846154 0.2536057692307692
0 0.0829326923076923 0.5877403846153846 0.10576923076923077 0.3629807692307692
0 0.5252403846153846 0.7451923076923077 0.15264423076923078 0.23317307692307693
0 0.671875 0.7451923076923077 0.17908653846153846 0.15144230769230768
0 0.7908653846153846 0.7716346153846154 0.06971153846153846 0.2776442307692308
0 0.7415865384615384 0.7800480769230769 0.06009615384615385 0.22956730769230768
0 0.6778846153846154 0.8725961538461539 0.14543269230769232 0.13701923076923078
0 0.2980769230769231 0.8822115384615384 0.10336538461538461 0.16706730769230768
0 0.45552884615384615 0.8990384615384616 0.16466346153846154 0.19951923076923078
0 0.18629807692307693 0.9014423076923077 0.09375 0.19591346153846154