0 0.7367788461538461 0.17067307692307693 0.16466346153846154 0.24639423076923078
0 0.4423076923076923 0.27163461538461536 0.11658653846153846 0.3161057692307692
0 0.7944711538461539 0.40865384615384615 0.10216346153846154 0.30649038461538464
0 0.07932692307692307 0.49278846153846156 0.13341346153846154 0.15504807692307693
0 0.33774038461538464 0.5829326923076923 0.13581730769230768 0.3701923076923077
0 0.7103365384615384 0.5949519230769231 0.13822115384615385 0.13701923076923078
0 0.7944711538461539 0.7043269230769231 0.07932692307692307 0.21514423076923078
0 0.6526442307692307 0.7271634615384616 0.14783653846153846 0.18629807692307693
0 0.35216346153846156 0.7475961538461539 0.14302884615384615 0.20673076923076922
0 0.7584134615384616 0.8221153846153846 0.09375 0.19591346153846154
0 0.12259615384615384 0.8425480769230769 0.12379807692307693 0.24879807692307693
0 0.46274038461538464 0.8641826923076923 0.08413461538461539 0.265625
0 0.6766826923076923 0.8966346153846154 0.15625 0.12139423076923077
0 0.19591346153846154 0.9002403846153846 0.09375 0.19471153846153846
0 0.7860576923076923 0.09254807692307693 0.11298076923076923 0.17427884615384615
0 0.46153846153846156 0.9254807692307693 0.18389423076923078 0.12980769230769232