0 0.04807692307692308 0.2920673076923077 0.078125 0.23317307692307693
0 0.7067307692307693 0.36658653846153844 0.1466346153846154 0.17307692307692307
0 0.4182692307692308 0.3954326923076923 0.09975961538461539 0.3894230769230769
0 0.7668269230769231 0.5060096153846154 0.09615384615384616 0.35336538461538464
0 0.8028846153846154 0.5060096153846154 0.06610576923076923 0.3557692307692308
0 0.11177884615384616 0.5396634615384616 0.15144230769230768 0.1310096153846154
0 0.054086538461538464 0.6418269230769231 0.07451923076923077 0.27163461538461536
0 0.7415865384615384 0.06850961538461539 0.1310096153846154 0.13581730769230768
0 0.6490384615384616 0.7475961538461539 0.125 0.1502403846153846
0 0.7788461538461539 0.7872596153846154 0.08173076923076923 0.265625
0 0.234375 0.921875 0.1466346153846154 0.1502403846153846
0 0.36899038461538464 0.9230769230769231 0.1622596153846154 0.125
0 0.5096153846153846 0.9302884615384616 0.16346153846153846 0.1346153846153846
0 0.11658653846153846 0.12860576923076922 0.14903846153846154 0.21875