0 0.5997596153846154 0.21634615384615385 0.16706730769230768 0.32572115384615385
0 0.06610576923076923 0.4266826923076923 0.12860576923076922 0.18509615384615385
0 0.3701923076923077 0.5228365384615384 0.1971153846153846 0.23557692307692307
0 0.08413461538461539 0.6045673076923077 0.0733173076923077 0.24879807692307693
0 0.04807692307692308 0.6213942307692307 0.06370192307692307 0.24639423076923078
0 0.7475961538461539 0.7379807692307693 0.08173076923076923 0.29086538461538464
0 0.796875 0.7560096153846154 0.0829326923076923 0.27524038461538464
0 0.6742788461538461 0.8569711538461539 0.13701923076923078 0.27283653846153844
0 0.21153846153846154 0.8629807692307693 0.1141826923076923 0.16105769230769232
0 0.47596153846153844 0.8713942307692307 0.20432692307692307 0.1622596153846154
0 0.3112980769230769 0.9182692307692307 0.12259615384615384 0.15865384615384615
0 0.6778846153846154 0.10817307692307693 0.12980769230769232 0.21634615384615385