0 0.7139423076923077 0.18870192307692307 0.13341346153846154 0.3581730769230769
0 0.46153846153846156 0.3233173076923077 0.11057692307692307 0.2956730769230769
0 0.7800480769230769 0.38461538461538464 0.1141826923076923 0.2848557692307692
0 0.039663461538461536 0.4050480769230769 0.07932692307692307 0.25721153846153844
0 0.8185096153846154 0.5600961538461539 0.08173076923076923 0.28966346153846156
0 0.052884615384615384 0.6165865384615384 0.0733173076923077 0.24278846153846154
0 0.7427884615384616 0.7175480769230769 0.10096153846153846 0.24879807692307693
0 0.7860576923076923 0.8028846153846154 0.08533653846153846 0.21995192307692307
0 0.27884615384615385 0.8293269230769231 0.10817307692307693 0.23798076923076922
0 0.5817307692307693 0.8461538461538461 0.0985576923076923 0.2776442307692308
0 0.6466346153846154 0.9002403846153846 0.125 0.11538461538461539
0 0.7776442307692307 0.09134615384615384 0.078125 0.18269230769230768
0 0.31971153846153844 0.9050480769230769 0.1622596153846154 0.11057692307692307
0 0.18629807692307693 0.9242788461538461 0.1141826923076923 0.14903846153846154
0 0.46153846153846156 0.9278846153846154 0.18629807692307693 0.11538461538461539