0 0.09134615384615384 0.23317307692307693 0.0829326923076923 0.25961538461538464
0 0.35096153846153844 0.38822115384615385 0.15745192307692307 0.39783653846153844
0 0.4723557692307692 0.052884615384615384 0.1622596153846154 0.10576923076923077
0 0.040865384615384616 0.5540865384615384 0.07932692307692307 0.28365384615384615
0 0.0889423076923077 0.5745192307692307 0.06009615384615385 0.1310096153846154
0 0.7740384615384616 0.7680288461538461 0.1045673076923077 0.28725961538461536
0 0.6129807692307693 0.7788461538461539 0.07211538461538461 0.2608173076923077
0 0.3557692307692308 0.7884615384615384 0.1622596153846154 0.28125
0 0.5012019230769231 0.8137019230769231 0.11177884615384616 0.3245192307692308
0 0.28125 0.8557692307692307 0.09134615384615384 0.2692307692307692
0 0.41466346153846156 0.8653846153846154 0.14903846153846154 0.20673076923076922
0 0.6009615384615384 0.90625 0.16826923076923078 0.18269230769230768
0 0.7307692307692307 0.13581730769230768 0.20552884615384615 0.17668269230769232