0 0.7740384615384616 0.15625 0.11778846153846154 0.25961538461538464
0 0.5588942307692307 0.171875 0.13701923076923078 0.3401442307692308
0 0.10576923076923077 0.21153846153846154 0.07451923076923077 0.25721153846153844
0 0.052884615384615384 0.33774038461538464 0.09495192307692307 0.2403846153846154
0 0.7920673076923077 0.3425480769230769 0.08173076923076923 0.30528846153846156
0 0.052884615384615384 0.5745192307692307 0.08173076923076923 0.21514423076923078
0 0.18870192307692307 0.07211538461538461 0.15625 0.14302884615384615
0 0.054086538461538464 0.7271634615384616 0.0829326923076923 0.24278846153846154
0 0.7776442307692307 0.7692307692307693 0.11658653846153846 0.28966346153846156
0 0.5120192307692307 0.8545673076923077 0.12379807692307693 0.16346153846153846
0 0.39663461538461536 0.90625 0.16826923076923078 0.18269230769230768
0 0.5793269230769231 0.9242788461538461 0.15745192307692307 0.1502403846153846
0 0.17307692307692307 0.9338942307692307 0.125 0.12740384615384615
0 0.30649038461538464 0.9495192307692307 0.13221153846153846 0.09615384615384616
0 0.34615384615384615 0.1141826923076923 0.22596153846153846 0.1466346153846154