0 0.109375 0.17548076923076922 0.0733173076923077 0.3088942307692308
0 0.0829326923076923 0.3425480769230769 0.09254807692307693 0.2824519230769231
0 0.18870192307692307 0.36538461538461536 0.1502403846153846 0.2536057692307692
0 0.07572115384615384 0.5084134615384616 0.07932692307692307 0.19951923076923078
0 0.052884615384615384 0.5625 0.07932692307692307 0.20673076923076922
0 0.234375 0.08413461538461539 0.09495192307692307 0.16826923076923078
0 0.21634615384615385 0.8689903846153846 0.10697115384615384 0.1778846153846154
0 0.359375 0.8713942307692307 0.16466346153846154 0.2247596153846154
0 0.5757211538461539 0.9290865384615384 0.16346153846153846 0.140625
0 0.3245192307692308 0.9459134615384616 0.15384615384615385 0.10336538461538461
0 0.18028846153846154 0.12740384615384615 0.09014423076923077 0.24519230769230768