0 0.07692307692307693 0.22716346153846154 0.06370192307692307 0.28365384615384615
0 0.2247596153846154 0.24879807692307693 0.10817307692307693 0.35336538461538464
0 0.3088942307692308 0.26802884615384615 0.14783653846153846 0.33774038461538464
0 0.7920673076923077 0.35336538461538464 0.08653846153846154 0.3557692307692308
0 0.06129807692307692 0.47115384615384615 0.10576923076923077 0.28365384615384615
0 0.05048076923076923 0.6634615384615384 0.06971153846153846 0.3088942307692308
0 0.6490384615384616 0.07451923076923077 0.23076923076923078 0.14903846153846154
0 0.8052884615384616 0.8088942307692307 0.13221153846153846 0.3016826923076923
0 0.12980769230769232 0.8653846153846154 0.12980769230769232 0.15625
0 0.5709134615384616 0.8677884615384616 0.17548076923076922 0.25961538461538464
0 0.4266826923076923 0.8894230769230769 0.14903846153846154 0.16346153846153846
0 0.26322115384615385 0.8942307692307693 0.1502403846153846 0.14543269230769232
0 0.7019230769230769 0.9134615384615384 0.15985576923076922 0.14302884615384615
0 0.7860576923076923 0.09254807692307693 0.10216346153846154 0.18509615384615385
0 0.3581730769230769 0.09495192307692307 0.19951923076923078 0.18990384615384615
0 0.3076923076923077 0.9591346153846154 0.12259615384615384 0.08052884615384616
0 0.11538461538461539 0.12860576923076922 0.09735576923076923 0.25240384615384615