0 0.5432692307692307 0.18629807692307693 0.07692307692307693 0.30649038461538464
0 0.7307692307692307 0.20192307692307693 0.12740384615384615 0.3161057692307692
0 0.6754807692307693 0.27884615384615385 0.15384615384615385 0.13581730769230768
0 0.7788461538461539 0.3954326923076923 0.11658653846153846 0.25841346153846156
0 0.04927884615384615 0.5432692307692307 0.06490384615384616 0.12379807692307693
0 0.8209134615384616 0.5841346153846154 0.046875 0.27524038461538464
0 0.7512019230769231 0.7163461538461539 0.09735576923076923 0.21875
0 0.31850961538461536 0.7175480769230769 0.14423076923076922 0.30528846153846156
0 0.07572115384615384 0.7872596153846154 0.040865384615384616 0.16826923076923078
0 0.9194711538461539 0.7956730769230769 0.04447115384615385 0.1346153846153846
0 0.8088942307692307 0.8100961538461539 0.037259615384615384 0.19230769230769232
0 0.6334134615384616 0.8930288461538461 0.14182692307692307 0.17067307692307693
0 0.20552884615384615 0.9098557692307693 0.0889423076923077 0.15504807692307693
0 0.30528846153846156 0.9242788461538461 0.13221153846153846 0.1502403846153846
0 0.15504807692307693 0.9338942307692307 0.0889423076923077 0.12740384615384615
0 0.49399038461538464 0.9459134615384616 0.15625 0.10336538461538461
0 0.7956730769230769 0.10216346153846154 0.07451923076923077 0.20432692307692307