0 0.15504807692307693 0.140625 0.09375 0.27524038461538464
0 0.0889423076923077 0.19591346153846154 0.06129807692307692 0.27524038461538464
0 0.04927884615384615 0.25600961538461536 0.08413461538461539 0.2283653846153846
0 0.8088942307692307 0.2860576923076923 0.1201923076923077 0.3425480769230769
0 0.7079326923076923 0.4230769230769231 0.10697115384615384 0.28365384615384615
0 0.13341346153846154 0.43990384615384615 0.11538461538461539 0.13221153846153846
0 0.2932692307692308 0.4795673076923077 0.18269230769230768 0.17548076923076922
0 0.75 0.6069711538461539 0.10697115384615384 0.2620192307692308
0 0.8040865384615384 0.7055288461538461 0.07572115384615384 0.18269230769230768
0 0.051682692307692304 0.7295673076923077 0.09134615384615384 0.25
0 0.7355769230769231 0.7980769230769231 0.06850961538461539 0.15625
0 0.6682692307692307 0.8257211538461539 0.09975961538461539 0.25600961538461536
0 0.4951923076923077 0.9170673076923077 0.13942307692307693 0.1622596153846154
0 0.2956730769230769 0.9447115384615384 0.15745192307692307 0.10697115384615384
0 0.7716346153846154 0.1141826923076923 0.08774038461538461 0.2283653846153846
0 0.6983173076923077 0.11658653846153846 0.09375 0.23317307692307693