0 0.6730769230769231 0.3125 0.14182692307692307 0.2824519230769231
0 0.056490384615384616 0.3401442307692308 0.11298076923076923 0.31009615384615385
0 0.953125 0.4338942307692308 0.06971153846153846 0.2848557692307692
0 0.7872596153846154 0.48677884615384615 0.0889423076923077 0.3473557692307692
0 0.3858173076923077 0.5625 0.19471153846153846 0.3173076923076923
0 0.055288461538461536 0.5925480769230769 0.09375 0.296875
0 0.5120192307692307 0.7019230769230769 0.12139423076923077 0.34615384615384615
0 0.7463942307692307 0.0733173076923077 0.15144230769230768 0.1466346153846154
0 0.9435096153846154 0.7596153846153846 0.0889423076923077 0.12980769230769232
0 0.2403846153846154 0.8269230769230769 0.10576923076923077 0.2512019230769231
0 0.7379807692307693 0.8846153846153846 0.13822115384615385 0.20673076923076922
0 0.6850961538461539 0.8930288461538461 0.14423076923076922 0.17427884615384615
0 0.5132211538461539 0.9182692307692307 0.13701923076923078 0.14182692307692307
0 0.4206730769230769 0.9194711538461539 0.15384615384615385 0.15865384615384615