0 0.11538461538461539 0.17908653846153846 0.09975961538461539 0.16826923076923078
0 0.23798076923076922 0.2512019230769231 0.15384615384615385 0.2692307692307692
0 0.16466346153846154 0.3786057692307692 0.18389423076923078 0.11298076923076923
0 0.07572115384615384 0.40625 0.13942307692307693 0.296875
0 0.8064903846153846 0.5048076923076923 0.14903846153846154 0.3329326923076923
0 0.4110576923076923 0.5480769230769231 0.15144230769230768 0.265625
0 0.056490384615384616 0.6478365384615384 0.06610576923076923 0.21634615384615385
0 0.8028846153846154 0.7199519230769231 0.11057692307692307 0.20673076923076922
0 0.23677884615384615 0.8485576923076923 0.11177884615384616 0.13701923076923078
0 0.7776442307692307 0.8545673076923077 0.08173076923076923 0.22596153846153846
0 0.25 0.9266826923076923 0.140625 0.11778846153846154
0 0.7848557692307693 0.109375 0.11298076923076923 0.21875