0 0.5216346153846154 0.14302884615384615 0.2283653846153846 0.19591346153846154
0 0.09254807692307693 0.21514423076923078 0.11658653846153846 0.22956730769230768
0 0.0733173076923077 0.2932692307692308 0.09254807692307693 0.21033653846153846
0 0.7920673076923077 0.4170673076923077 0.09134615384615384 0.34975961538461536
0 0.2608173076923077 0.42908653846153844 0.20552884615384615 0.25961538461538464
0 0.056490384615384616 0.5829326923076923 0.11298076923076923 0.25240384615384615
0 0.31850961538461536 0.6838942307692307 0.12860576923076922 0.28725961538461536
0 0.7896634615384616 0.7007211538461539 0.08173076923076923 0.28365384615384615
0 0.3112980769230769 0.8389423076923077 0.1466346153846154 0.15384615384615385
0 0.2127403846153846 0.8762019230769231 0.12740384615384615 0.21033653846153846
0 0.7367788461538461 0.8966346153846154 0.14903846153846154 0.15745192307692307
0 0.3641826923076923 0.9362980769230769 0.17908653846153846 0.12620192307692307