0 0.22716346153846154 0.21634615384615385 0.08653846153846154 0.35216346153846156
0 0.09495192307692307 0.21875 0.07932692307692307 0.3016826923076923
0 0.3088942307692308 0.2932692307692308 0.13942307692307693 0.3389423076923077
0 0.7740384615384616 0.35336538461538464 0.11177884615384616 0.33413461538461536
0 0.06610576923076923 0.4963942307692308 0.09975961538461539 0.3629807692307692
0 0.057692307692307696 0.6754807692307693 0.07572115384615384 0.26322115384615385
0 0.6622596153846154 0.07451923076923077 0.23317307692307693 0.14903846153846154
0 0.7896634615384616 0.7848557692307693 0.10576923076923077 0.2860576923076923
0 0.5805288461538461 0.8954326923076923 0.16466346153846154 0.16105769230769232
0 0.7067307692307693 0.8954326923076923 0.1346153846153846 0.16105769230769232
0 0.27524038461538464 0.8978365384615384 0.1502403846153846 0.12379807692307693
0 0.4206730769230769 0.9158653846153846 0.15144230769230768 0.13942307692307693
0 0.2980769230769231 0.9495192307692307 0.17307692307692307 0.09615384615384616
0 0.36538461538461536 0.11538461538461539 0.17427884615384615 0.22596153846153846
0 0.11899038461538461 0.1346153846153846 0.10336538461538461 0.21033653846153846