0 0.06850961538461539 0.19110576923076922 0.13701923076923078 0.21033653846153846
0 0.7872596153846154 0.24759615384615385 0.10336538461538461 0.2824519230769231
0 0.7463942307692307 0.32091346153846156 0.14783653846153846 0.34375
0 0.47836538461538464 0.33774038461538464 0.15985576923076922 0.3317307692307692
0 0.06370192307692307 0.38100961538461536 0.11778846153846154 0.2283653846153846
0 0.12259615384615384 0.4266826923076923 0.0829326923076923 0.32091346153846156
0 0.734375 0.5228365384615384 0.09615384615384616 0.3329326923076923
0 0.796875 0.5901442307692307 0.07932692307692307 0.27283653846153844
0 0.06129807692307692 0.5997596153846154 0.06610576923076923 0.21033653846153846
0 0.703125 0.6081730769230769 0.09134615384615384 0.33774038461538464
0 0.7536057692307693 0.7752403846153846 0.1201923076923077 0.21995192307692307
0 0.0829326923076923 0.84375 0.07091346153846154 0.27884615384615385
0 0.6466346153846154 0.8689903846153846 0.16706730769230768 0.1778846153846154
0 0.3233173076923077 0.8954326923076923 0.14182692307692307 0.203125
0 0.20432692307692307 0.9146634615384616 0.13341346153846154 0.109375
0 0.41225961538461536 0.9375 0.15625 0.1201923076923077