0 0.056490384615384616 0.18509615384615385 0.11298076923076923 0.22596153846153846
0 0.7956730769230769 0.2668269230769231 0.0889423076923077 0.34134615384615385
0 0.7463942307692307 0.3389423076923077 0.1310096153846154 0.3954326923076923
0 0.09495192307692307 0.41466346153846156 0.0985576923076923 0.24278846153846154
0 0.7331730769230769 0.5060096153846154 0.1045673076923077 0.3401442307692308
0 0.34975961538461536 0.5144230769230769 0.1971153846153846 0.41346153846153844
0 0.6923076923076923 0.5865384615384616 0.09134615384615384 0.35697115384615385
0 0.7932692307692307 0.5877403846153846 0.07451923076923077 0.28125
0 0.07211538461538461 0.6129807692307693 0.06370192307692307 0.22115384615384615
0 0.29927884615384615 0.7548076923076923 0.1201923076923077 0.28365384615384615
0 0.7548076923076923 0.7584134615384616 0.13701923076923078 0.24158653846153846
0 0.07091346153846154 0.7608173076923077 0.07692307692307693 0.2403846153846154
0 0.21754807692307693 0.8317307692307693 0.12620192307692307 0.14543269230769232
0 0.6490384615384616 0.8533653846153846 0.17908653846153846 0.203125
0 0.18870192307692307 0.9278846153846154 0.1814903846153846 0.11538461538461539
0 0.4110576923076923 0.9302884615384616 0.22115384615384615 0.1346153846153846