0 0.9663461538461539 0.15625 0.06610576923076923 0.3125
0 0.03485576923076923 0.203125 0.0673076923076923 0.25600961538461536
0 0.1045673076923077 0.20673076923076922 0.11538461538461539 0.3581730769230769
0 0.15865384615384615 0.35697115384615385 0.13581730769230768 0.31009615384615385
0 0.7836538461538461 0.3918269230769231 0.13221153846153846 0.3329326923076923
0 0.036057692307692304 0.44591346153846156 0.07211538461538461 0.27524038461538464
0 0.7668269230769231 0.5012019230769231 0.1201923076923077 0.31971153846153844
0 0.7235576923076923 0.53125 0.12139423076923077 0.30528846153846156
0 0.7836538461538461 0.055288461538461536 0.11057692307692307 0.11057692307692307
0 0.08533653846153846 0.5865384615384616 0.1045673076923077 0.33653846153846156
0 0.7007211538461539 0.6045673076923077 0.10817307692307693 0.15264423076923078
0 0.06490384615384616 0.7403846153846154 0.0985576923076923 0.27524038461538464
0 0.6730769230769231 0.7463942307692307 0.15504807692307693 0.18269230769230768
0 0.9483173076923077 0.7524038461538461 0.10096153846153846 0.16826923076923078
0 0.8016826923076923 0.7788461538461539 0.06850961538461539 0.30528846153846156
0 0.5120192307692307 0.7860576923076923 0.171875 0.23197115384615385
0 0.7524038461538461 0.8076923076923077 0.05048076923076923 0.27283653846153844
0 0.30408653846153844 0.8737980769230769 0.1346153846153846 0.171875
0 0.6694711538461539 0.8786057692307693 0.14302884615384615 0.20072115384615385
0 0.4723557692307692 0.8882211538461539 0.15745192307692307 0.22115384615384615
0 0.20673076923076922 0.9002403846153846 0.10576923076923077 0.19591346153846154