0 0.4807692307692308 0.1502403846153846 0.18870192307692307 0.24879807692307693
0 0.3004807692307692 0.21634615384615385 0.13581730769230768 0.3076923076923077
0 0.0985576923076923 0.22115384615384615 0.11658653846153846 0.23197115384615385
0 0.22596153846153846 0.23557692307692307 0.11778846153846154 0.33653846153846156
0 0.09375 0.5288461538461539 0.06610576923076923 0.20072115384615385
0 0.04807692307692308 0.6646634615384616 0.0829326923076923 0.19471153846153846
0 0.71875 0.07091346153846154 0.22115384615384615 0.14182692307692307
0 0.7584134615384616 0.7824519230769231 0.11899038461538461 0.2439903846153846
0 0.5588942307692307 0.8990384615384616 0.17548076923076922 0.19951923076923078
0 0.2620192307692308 0.9146634615384616 0.1346153846153846 0.1658653846153846
0 0.4074519230769231 0.9314903846153846 0.125 0.1346153846153846