0 0.5132211538461539 0.17908653846153846 0.12740384615384615 0.34975961538461536
0 0.78125 0.27884615384615385 0.08413461538461539 0.3713942307692308
0 0.039663461538461536 0.32211538461538464 0.0625 0.3233173076923077
0 0.25961538461538464 0.390625 0.11899038461538461 0.32211538461538464
0 0.359375 0.3954326923076923 0.13341346153846154 0.4387019230769231
0 0.8137019230769231 0.42788461538461536 0.056490384615384616 0.375
0 0.7175480769230769 0.5817307692307693 0.0733173076923077 0.37740384615384615
0 0.04447115384615385 0.6129807692307693 0.08774038461538461 0.27163461538461536
0 0.38822115384615385 0.6418269230769231 0.22235576923076922 0.19591346153846154
0 0.7944711538461539 0.7740384615384616 0.052884615384615384 0.2848557692307692
0 0.5408653846153846 0.7884615384615384 0.07932692307692307 0.2608173076923077
0 0.7524038461538461 0.8413461538461539 0.09975961538461539 0.28846153846153844
0 0.24879807692307693 0.9026442307692307 0.18028846153846154 0.18028846153846154