0 0.7740384615384616 0.15504807692307693 0.11177884615384616 0.29927884615384615
0 0.11538461538461539 0.16826923076923078 0.11057692307692307 0.2824519230769231
0 0.6550480769230769 0.2127403846153846 0.14903846153846154 0.40024038461538464
0 0.06850961538461539 0.33413461538461536 0.12139423076923077 0.2764423076923077
0 0.7896634615384616 0.34134615384615385 0.10697115384615384 0.4074519230769231
0 0.1935096153846154 0.3701923076923077 0.13221153846153846 0.375
0 0.9591346153846154 0.4483173076923077 0.078125 0.3485576923076923
0 0.39663461538461536 0.47836538461538464 0.15264423076923078 0.375
0 0.06971153846153846 0.6394230769230769 0.08774038461538461 0.25841346153846156
0 0.7872596153846154 0.7620192307692307 0.0985576923076923 0.32572115384615385
0 0.5288461538461539 0.8774038461538461 0.1778846153846154 0.19591346153846154
0 0.33774038461538464 0.09014423076923077 0.1971153846153846 0.17427884615384615
0 0.39903846153846156 0.9158653846153846 0.1778846153846154 0.15625