0 0.054086538461538464 0.2127403846153846 0.0673076923076923 0.2620192307692308
0 0.4375 0.2704326923076923 0.18629807692307693 0.24519230769230768
0 0.040865384615384616 0.27884615384615385 0.08173076923076923 0.3112980769230769
0 0.25 0.29447115384615385 0.11658653846153846 0.3485576923076923
0 0.09014423076923077 0.5745192307692307 0.09735576923076923 0.21995192307692307
0 0.04807692307692308 0.6165865384615384 0.07091346153846154 0.2980769230769231
0 0.3317307692307692 0.6778846153846154 0.11057692307692307 0.3317307692307692
0 0.6694711538461539 0.7007211538461539 0.14903846153846154 0.16706730769230768
0 0.7620192307692307 0.7403846153846154 0.04927884615384615 0.2956730769230769
0 0.8125 0.7620192307692307 0.056490384615384616 0.28365384615384615
0 0.7776442307692307 0.08173076923076923 0.09014423076923077 0.16346153846153846
0 0.21875 0.9014423076923077 0.08533653846153846 0.18028846153846154
0 0.47115384615384615 0.9026442307692307 0.15865384615384615 0.18990384615384615
0 0.6454326923076923 0.9086538461538461 0.14783653846153846 0.11658653846153846
0 0.28725961538461536 0.9206730769230769 0.1201923076923077 0.12860576923076922
0 0.6730769230769231 0.09375 0.14182692307692307 0.1875