0 0.13942307692307693 0.16466346153846154 0.0673076923076923 0.2956730769230769
0 0.0889423076923077 0.20552884615384615 0.052884615384615384 0.2127403846153846
0 0.039663461538461536 0.22596153846153846 0.07692307692307693 0.20432692307692307
0 0.8052884615384616 0.29927884615384615 0.08533653846153846 0.32211538461538464
0 0.04567307692307692 0.3473557692307692 0.0829326923076923 0.21153846153846154
0 0.1346153846153846 0.38221153846153844 0.15985576923076922 0.2668269230769231
0 0.7163461538461539 0.42908653846153844 0.08774038461538461 0.2980769230769231
0 0.765625 0.6153846153846154 0.08533653846153846 0.2536057692307692
0 0.06370192307692307 0.6694711538461539 0.08774038461538461 0.2932692307692308
0 0.8088942307692307 0.6971153846153846 0.0625 0.27884615384615385
0 0.75 0.796875 0.09134615384615384 0.20072115384615385
0 0.6838942307692307 0.8088942307692307 0.09975961538461539 0.31490384615384615
0 0.5372596153846154 0.8473557692307693 0.08413461538461539 0.25841346153846156
0 0.46634615384615385 0.8846153846153846 0.0625 0.22596153846153846
0 0.3016826923076923 0.9194711538461539 0.1658653846153846 0.15625
0 0.765625 0.11538461538461539 0.1045673076923077 0.23076923076923078
0 0.6694711538461539 0.12860576923076922 0.10216346153846154 0.25600961538461536