0 0.2548076923076923 0.2704326923076923 0.17427884615384615 0.3485576923076923
0 0.04326923076923077 0.28125 0.08052884615384616 0.2403846153846154
0 0.47475961538461536 0.31490384615384615 0.1502403846153846 0.4014423076923077
0 0.1346153846153846 0.34615384615384615 0.10216346153846154 0.2704326923076923
0 0.6983173076923077 0.34975961538461536 0.07692307692307693 0.3798076923076923
0 0.7908653846153846 0.4495192307692308 0.09014423076923077 0.28125
0 0.06129807692307692 0.4963942307692308 0.1045673076923077 0.23557692307692307
0 0.5516826923076923 0.7596153846153846 0.06850961538461539 0.28966346153846156
0 0.7596153846153846 0.7776442307692307 0.08533653846153846 0.21634615384615385
0 0.3125 0.8473557692307693 0.1466346153846154 0.14543269230769232
0 0.25961538461538464 0.9302884615384616 0.11658653846153846 0.1141826923076923
0 0.40384615384615385 0.9399038461538461 0.15985576923076922 0.11658653846153846
0 0.7872596153846154 0.13341346153846154 0.11298076923076923 0.2668269230769231