0 0.5697115384615384 0.16346153846153846 0.20432692307692307 0.24639423076923078
0 0.7487980769230769 0.2548076923076923 0.15144230769230768 0.2403846153846154
0 0.04807692307692308 0.2932692307692308 0.09375 0.2776442307692308
0 0.2608173076923077 0.39783653846153844 0.125 0.26322115384615385
0 0.7944711538461539 0.44350961538461536 0.0985576923076923 0.32572115384615385
0 0.08052884615384616 0.4675480769230769 0.12860576923076922 0.22115384615384615
0 0.40024038461538464 0.4987980769230769 0.12379807692307693 0.36778846153846156
0 0.7199519230769231 0.5228365384615384 0.13341346153846154 0.1935096153846154
0 0.6418269230769231 0.6033653846153846 0.11177884615384616 0.328125
0 0.04927884615384615 0.6225961538461539 0.08173076923076923 0.28125
0 0.33413461538461536 0.6310096153846154 0.1935096153846154 0.23076923076923078
0 0.4338942307692308 0.7475961538461539 0.13221153846153846 0.2403846153846154
0 0.7512019230769231 0.8425480769230769 0.12740384615384615 0.23557692307692307
0 0.5745192307692307 0.84375 0.10697115384615384 0.18990384615384615
0 0.22716346153846154 0.8834134615384616 0.08533653846153846 0.22115384615384615
0 0.6394230769230769 0.8966346153846154 0.12980769230769232 0.11658653846153846
0 0.47596153846153844 0.9278846153846154 0.16826923076923078 0.14302884615384615