0 0.796875 0.14423076923076922 0.09254807692307693 0.28725961538461536
0 0.06610576923076923 0.15865384615384615 0.11177884615384616 0.20072115384615385
0 0.5997596153846154 0.21394230769230768 0.22115384615384615 0.1875
0 0.28846153846153844 0.21634615384615385 0.10697115384615384 0.40024038461538464
0 0.1346153846153846 0.2704326923076923 0.10336538461538461 0.33413461538461536
0 0.036057692307692304 0.3485576923076923 0.07091346153846154 0.2692307692307692
0 0.11057692307692307 0.4543269230769231 0.08774038461538461 0.33533653846153844
0 0.06370192307692307 0.4795673076923077 0.08653846153846154 0.28846153846153844
0 0.8052884615384616 0.5360576923076923 0.078125 0.33052884615384615
0 0.7415865384615384 0.625 0.1346153846153846 0.25240384615384615
0 0.4170673076923077 0.7608173076923077 0.12139423076923077 0.3088942307692308
0 0.7115384615384616 0.7692307692307693 0.13581730769230768 0.21394230769230768
0 0.8064903846153846 0.8149038461538461 0.040865384615384616 0.22115384615384615
0 0.21634615384615385 0.8413461538461539 0.14903846153846154 0.1778846153846154
0 0.7331730769230769 0.8930288461538461 0.10576923076923077 0.2127403846153846
0 0.2644230769230769 0.9002403846153846 0.09735576923076923 0.12860576923076922
0 0.6262019230769231 0.9158653846153846 0.13701923076923078 0.16346153846153846
0 0.4795673076923077 0.9242788461538461 0.14182692307692307 0.1502403846153846
0 0.33533653846153844 0.9471153846153846 0.10817307692307693 0.10096153846153846