0 0.0625 0.22235576923076922 0.109375 0.30408653846153844
0 0.7103365384615384 0.22235576923076922 0.18269230769230768 0.35216346153846156
0 0.5420673076923077 0.2283653846153846 0.25600961538461536 0.25600961538461536
0 0.24759615384615385 0.27163461538461536 0.15504807692307693 0.33413461538461536
0 0.7932692307692307 0.41586538461538464 0.09134615384615384 0.34615384615384615
0 0.3701923076923077 0.4362980769230769 0.19110576923076922 0.32091346153846156
0 0.29447115384615385 0.49158653846153844 0.14903846153846154 0.3173076923076923
0 0.7127403846153846 0.7211538461538461 0.1622596153846154 0.2800480769230769
0 0.7944711538461539 0.7860576923076923 0.0733173076923077 0.2620192307692308
0 0.47475961538461536 0.8846153846153846 0.18990384615384615 0.1622596153846154
0 0.6778846153846154 0.9002403846153846 0.14423076923076922 0.13221153846153846
0 0.19591346153846154 0.90625 0.11298076923076923 0.14903846153846154
0 0.32211538461538464 0.9387019230769231 0.14783653846153846 0.12139423076923077