0 0.05048076923076923 0.20793269230769232 0.09975961538461539 0.18509615384615385
0 0.6802884615384616 0.21995192307692307 0.13221153846153846 0.38461538461538464
0 0.6658653846153846 0.2824519230769231 0.10697115384615384 0.3485576923076923
0 0.7548076923076923 0.30288461538461536 0.0985576923076923 0.3245192307692308
0 0.8137019230769231 0.3329326923076923 0.0625 0.3161057692307692
0 0.04807692307692308 0.390625 0.09615384615384616 0.2247596153846154
0 0.9555288461538461 0.45072115384615385 0.08413461538461539 0.1466346153846154
0 0.07091346153846154 0.53125 0.14182692307692307 0.17067307692307693
0 0.7620192307692307 0.5697115384615384 0.17548076923076922 0.19471153846153846
0 0.06370192307692307 0.6490384615384616 0.07692307692307693 0.11899038461538461
0 0.32572115384615385 0.6610576923076923 0.15264423076923078 0.28725961538461536
0 0.4891826923076923 0.6610576923076923 0.11057692307692307 0.1502403846153846
0 0.7644230769230769 0.7163461538461539 0.09254807692307693 0.28725961538461536
0 0.6237980769230769 0.7259615384615384 0.1622596153846154 0.17427884615384615
0 0.6995192307692307 0.7271634615384616 0.13221153846153846 0.18990384615384615
0 0.44591346153846156 0.7512019230769231 0.13221153846153846 0.31490384615384615
0 0.7884615384615384 0.8004807692307693 0.06129807692307692 0.2620192307692308
0 0.6538461538461539 0.8389423076923077 0.15384615384615385 0.08774038461538461
0 0.25721153846153844 0.8401442307692307 0.09134615384615384 0.24278846153846154
0 0.5600961538461539 0.8473557692307693 0.1141826923076923 0.2127403846153846
0 0.6923076923076923 0.8870192307692307 0.16466346153846154 0.140625
0 0.28125 0.8894230769230769 0.1502403846153846 0.16706730769230768
0 0.36899038461538464 0.9170673076923077 0.12860576923076922 0.16346153846153846
0 0.22355769230769232 0.9338942307692307 0.13822115384615385 0.1310096153846154
0 0.46274038461538464 0.9362980769230769 0.17548076923076922 0.12379807692307693
0 0.7980769230769231 0.10216346153846154 0.07932692307692307 0.20432692307692307
0 0.7355769230769231 0.12980769230769232 0.0985576923076923 0.25961538461538464