0 0.5216346153846154 0.1658653846153846 0.15504807692307693 0.328125
0 0.7427884615384616 0.21875 0.109375 0.32091346153846156
0 0.06610576923076923 0.22716346153846154 0.08052884615384616 0.32572115384615385
0 0.6971153846153846 0.24158653846153846 0.09975961538461539 0.25600961538461536
0 0.10096153846153846 0.29927884615384615 0.11538461538461539 0.2668269230769231
0 0.7163461538461539 0.4026442307692308 0.14302884615384615 0.16105769230769232
0 0.375 0.42908653846153844 0.15384615384615385 0.33413461538461536
0 0.7896634615384616 0.45552884615384615 0.08533653846153846 0.33774038461538464
0 0.052884615384615384 0.5192307692307693 0.10576923076923077 0.25961538461538464
0 0.7776442307692307 0.7716346153846154 0.06850961538461539 0.2692307692307692
0 0.47716346153846156 0.8221153846153846 0.13341346153846154 0.16826923076923078
0 0.5685096153846154 0.8485576923076923 0.11177884615384616 0.2548076923076923
0 0.6790865384615384 0.8942307692307693 0.14543269230769232 0.15264423076923078
0 0.28365384615384615 0.9038461538461539 0.06610576923076923 0.15745192307692307
0 0.20552884615384615 0.9350961538461539 0.10817307692307693 0.125
0 0.3329326923076923 0.9399038461538461 0.109375 0.11899038461538461
0 0.7692307692307693 0.13701923076923078 0.13942307692307693 0.27403846153846156