0 0.7632211538461539 0.14302884615384615 0.12740384615384615 0.22596153846153846
0 0.6442307692307693 0.1466346153846154 0.15264423076923078 0.2932692307692308
0 0.0733173076923077 0.15144230769230768 0.07091346153846154 0.2980769230769231
0 0.1045673076923077 0.23317307692307693 0.10576923076923077 0.27403846153846156
0 0.1814903846153846 0.25600961538461536 0.1935096153846154 0.32572115384615385
0 0.7091346153846154 0.32091346153846156 0.1201923076923077 0.3329326923076923
0 0.7596153846153846 0.34134615384615385 0.1141826923076923 0.2824519230769231
0 0.43990384615384615 0.4098557692307692 0.13942307692307693 0.3088942307692308
0 0.3449519230769231 0.5072115384615384 0.1346153846153846 0.23076923076923078
0 0.7572115384615384 0.5108173076923077 0.109375 0.27403846153846156
0 0.4423076923076923 0.6201923076923077 0.16947115384615385 0.23557692307692307
0 0.6959134615384616 0.6790865384615384 0.10216346153846154 0.3473557692307692
0 0.7824519230769231 0.6971153846153846 0.10576923076923077 0.19591346153846154
0 0.07211538461538461 0.734375 0.07692307692307693 0.2980769230769231
0 0.36177884615384615 0.7403846153846154 0.09735576923076923 0.2536057692307692
0 0.7439903846153846 0.8473557692307693 0.14543269230769232 0.13341346153846154
0 0.3389423076923077 0.8798076923076923 0.11899038461538461 0.11778846153846154
0 0.5060096153846154 0.9338942307692307 0.15144230769230768 0.12740384615384615
0 0.3557692307692308 0.9555288461538461 0.16346153846153846 0.08774038461538461