0 0.7728365384615384 0.140625 0.14182692307692307 0.28125
0 0.5072115384615384 0.16947115384615385 0.18389423076923078 0.3137019230769231
0 0.7259615384615384 0.21033653846153846 0.12980769230769232 0.30528846153846156
0 0.06490384615384616 0.23076923076923078 0.078125 0.30528846153846156
0 0.6923076923076923 0.30288461538461536 0.12139423076923077 0.34375
0 0.09615384615384616 0.30408653846153844 0.0625 0.32572115384615385
0 0.11658653846153846 0.39302884615384615 0.07572115384615384 0.3016826923076923
0 0.24278846153846154 0.4014423076923077 0.10096153846153846 0.35336538461538464
0 0.7980769230769231 0.4483173076923077 0.08774038461538461 0.31009615384615385
0 0.36778846153846156 0.4699519230769231 0.10216346153846154 0.4338942307692308
0 0.046875 0.5180288461538461 0.09134615384615384 0.28725961538461536
0 0.7776442307692307 0.7560096153846154 0.08173076923076923 0.23076923076923078
0 0.5432692307692307 0.8521634615384616 0.09134615384615384 0.28365384615384615
0 0.6742788461538461 0.8930288461538461 0.13581730769230768 0.1346153846153846
0 0.43149038461538464 0.8966346153846154 0.1622596153846154 0.14903846153846154
0 0.1875 0.9278846153846154 0.13221153846153846 0.14302884615384615
0 0.3233173076923077 0.9435096153846154 0.1622596153846154 0.11177884615384616