0 0.04927884615384615 0.18870192307692307 0.09735576923076923 0.1778846153846154
0 0.6790865384615384 0.20432692307692307 0.14543269230769232 0.37740384615384615
0 0.6502403846153846 0.2848557692307692 0.10697115384615384 0.3557692307692308
0 0.7620192307692307 0.31850961538461536 0.07451923076923077 0.33413461538461536
0 0.8197115384615384 0.3545673076923077 0.051682692307692304 0.25240384615384615
0 0.055288461538461536 0.40384615384615385 0.11057692307692307 0.22115384615384615
0 0.08052884615384616 0.5528846153846154 0.12980769230769232 0.14302884615384615
0 0.7295673076923077 0.5625 0.13341346153846154 0.17548076923076922
0 0.49759615384615385 0.6274038461538461 0.11899038461538461 0.1658653846153846
0 0.78125 0.7043269230769231 0.1045673076923077 0.265625
0 0.7331730769230769 0.71875 0.1141826923076923 0.20432692307692307
0 0.6394230769230769 0.7247596153846154 0.19110576923076922 0.140625
0 0.31850961538461536 0.7524038461538461 0.13221153846153846 0.30528846153846156
0 0.4387019230769231 0.7584134615384616 0.14423076923076922 0.2548076923076923
0 0.8028846153846154 0.7884615384615384 0.09495192307692307 0.25961538461538464
0 0.6310096153846154 0.8197115384615384 0.16706730769230768 0.13581730769230768
0 0.25 0.8509615384615384 0.09134615384615384 0.22596153846153846
0 0.5649038461538461 0.8725961538461539 0.15144230769230768 0.18389423076923078
0 0.2692307692307692 0.890625 0.1622596153846154 0.14783653846153846
0 0.7067307692307693 0.8930288461538461 0.1310096153846154 0.11057692307692307
0 0.38341346153846156 0.9254807692307693 0.11778846153846154 0.14423076923076922
0 0.4639423076923077 0.9254807692307693 0.15384615384615385 0.14423076923076922
0 0.21995192307692307 0.9350961538461539 0.12740384615384615 0.125