0 0.13341346153846154 0.19471153846153846 0.10576923076923077 0.1622596153846154
0 0.20192307692307693 0.2512019230769231 0.09735576923076923 0.22956730769230768
0 0.27524038461538464 0.25721153846153844 0.15384615384615385 0.29447115384615385
0 0.09134615384615384 0.3737980769230769 0.0829326923076923 0.2704326923076923
0 0.06610576923076923 0.4735576923076923 0.11057692307692307 0.25721153846153844
0 0.8028846153846154 0.49038461538461536 0.06971153846153846 0.31971153846153844
0 0.04567307692307692 0.6274038461538461 0.09134615384615384 0.28846153846153844
0 0.9555288461538461 0.7848557692307693 0.0829326923076923 0.16466346153846154
0 0.3485576923076923 0.8221153846153846 0.16947115384615385 0.23197115384615385
0 0.7524038461538461 0.8401442307692307 0.12860576923076922 0.21153846153846154
0 0.2403846153846154 0.8413461538461539 0.1141826923076923 0.16706730769230768
0 0.1935096153846154 0.8870192307692307 0.08173076923076923 0.13221153846153846
0 0.5612980769230769 0.9242788461538461 0.20192307692307693 0.14903846153846154
0 0.40625 0.9278846153846154 0.1466346153846154 0.14182692307692307
0 0.2704326923076923 0.9555288461538461 0.14423076923076922 0.08653846153846154