0 0.46153846153846156 0.21634615384615385 0.13581730769230768 0.296875
0 0.7920673076923077 0.3954326923076923 0.09375 0.3581730769230769
0 0.04567307692307692 0.44711538461538464 0.09014423076923077 0.2860576923076923
0 0.1045673076923077 0.4495192307692308 0.12860576923076922 0.3737980769230769
0 0.7475961538461539 0.4735576923076923 0.109375 0.27524038461538464
0 0.4807692307692308 0.6887019230769231 0.1778846153846154 0.2403846153846154
0 0.8100961538461539 0.7175480769230769 0.07572115384615384 0.2620192307692308
0 0.0625 0.7463942307692307 0.10817307692307693 0.30288461538461536
0 0.7055288461538461 0.7560096153846154 0.13221153846153846 0.17307692307692307
0 0.5637019230769231 0.8665865384615384 0.1971153846153846 0.2548076923076923
0 0.6935096153846154 0.890625 0.15625 0.15625
0 0.41346153846153844 0.9338942307692307 0.21514423076923078 0.1310096153846154
0 0.29086538461538464 0.9362980769230769 0.13701923076923078 0.12620192307692307
0 0.7391826923076923 0.11177884615384616 0.16947115384615385 0.18990384615384615
0 0.5961538461538461 0.1141826923076923 0.17548076923076922 0.2283653846153846