0 0.06129807692307692 0.3004807692307692 0.09014423076923077 0.3076923076923077
0 0.7091346153846154 0.39302884615384615 0.1622596153846154 0.2620192307692308
0 0.375 0.4699519230769231 0.1814903846153846 0.22115384615384615
0 0.8197115384615384 0.5120192307692307 0.06971153846153846 0.32211538461538464
0 0.7415865384615384 0.5144230769230769 0.08653846153846154 0.30288461538461536
0 0.10216346153846154 0.5336538461538461 0.12379807692307693 0.18028846153846154
0 0.04807692307692308 0.6526442307692307 0.08413461538461539 0.28125
0 0.609375 0.7860576923076923 0.09615384615384616 0.18629807692307693
0 0.7752403846153846 0.8605769230769231 0.11057692307692307 0.27163461538461536
0 0.6646634615384616 0.8966346153846154 0.1622596153846154 0.20432692307692307
0 0.21514423076923078 0.9266826923076923 0.19471153846153846 0.14423076923076922
0 0.3894230769230769 0.9266826923076923 0.18870192307692307 0.14423076923076922
0 0.4987980769230769 0.9387019230769231 0.13701923076923078 0.12139423076923077
0 0.4963942307692308 0.10096153846153846 0.12740384615384615 0.20192307692307693