0 0.7463942307692307 0.15865384615384615 0.16346153846153846 0.21514423076923078
0 0.08413461538461539 0.22115384615384615 0.12259615384615384 0.2920673076923077
0 0.14903846153846154 0.390625 0.12379807692307693 0.2776442307692308
0 0.37259615384615385 0.39302884615384615 0.125 0.35697115384615385
0 0.046875 0.5240384615384616 0.09375 0.3076923076923077
0 0.7704326923076923 0.7728365384615384 0.07091346153846154 0.2764423076923077
0 0.36177884615384615 0.7944711538461539 0.14543269230769232 0.2512019230769231
0 0.5240384615384616 0.8329326923076923 0.09735576923076923 0.25841346153846156
0 0.29086538461538464 0.8629807692307693 0.08052884615384616 0.22956730769230768
0 0.19471153846153846 0.8786057692307693 0.11778846153846154 0.14783653846153846
0 0.6069711538461539 0.8954326923076923 0.15745192307692307 0.18870192307692307
0 0.42908653846153844 0.8966346153846154 0.15384615384615385 0.18509615384615385