0 0.09495192307692307 0.15504807692307693 0.1141826923076923 0.29086538461538464
0 0.21033653846153846 0.16466346153846154 0.17668269230769232 0.17067307692307693
0 0.7115384615384616 0.17548076923076922 0.12740384615384615 0.33533653846153844
0 0.7560096153846154 0.28846153846153844 0.11899038461538461 0.3641826923076923
0 0.30408653846153844 0.3786057692307692 0.16105769230769232 0.3870192307692308
0 0.15625 0.44711538461538464 0.11057692307692307 0.2860576923076923
0 0.7908653846153846 0.5120192307692307 0.09735576923076923 0.3329326923076923
0 0.051682692307692304 0.5360576923076923 0.09735576923076923 0.2932692307692308
0 0.7800480769230769 0.7788461538461539 0.06610576923076923 0.2247596153846154
0 0.3605769230769231 0.8004807692307693 0.16346153846153846 0.234375
0 0.6959134615384616 0.8040865384615384 0.16346153846153846 0.11538461538461539
0 0.16947115384615385 0.8521634615384616 0.19831730769230768 0.14783653846153846
0 0.5012019230769231 0.8641826923076923 0.11899038461538461 0.2692307692307692
0 0.40865384615384615 0.8762019230769231 0.15625 0.140625
0 0.6069711538461539 0.8966346153846154 0.1346153846153846 0.18629807692307693
0 0.7992788461538461 0.09254807692307693 0.09375 0.18509615384615385
0 0.1875 0.9387019230769231 0.12620192307692307 0.10697115384615384
0 0.4170673076923077 0.10216346153846154 0.1045673076923077 0.18509615384615385