0 0.7548076923076923 0.17307692307692307 0.16466346153846154 0.2860576923076923
0 0.5456730769230769 0.17668269230769232 0.1141826923076923 0.34134615384615385
0 0.7860576923076923 0.40384615384615385 0.09735576923076923 0.2692307692307692
0 0.24158653846153846 0.4182692307692308 0.1045673076923077 0.29086538461538464
0 0.10697115384615384 0.5072115384615384 0.1502403846153846 0.17548076923076922
0 0.7283653846153846 0.5456730769230769 0.1658653846153846 0.14903846153846154
0 0.8028846153846154 0.71875 0.08173076923076923 0.25961538461538464
0 0.6622596153846154 0.7439903846153846 0.1346153846153846 0.1502403846153846
0 0.7608173076923077 0.78125 0.09735576923076923 0.27884615384615385
0 0.09375 0.8209134615384616 0.08533653846153846 0.24879807692307693
0 0.4639423076923077 0.8653846153846154 0.09495192307692307 0.26802884615384615
0 0.18028846153846154 0.8786057692307693 0.0625 0.12860576923076922
0 0.6706730769230769 0.8954326923076923 0.16105769230769232 0.10576923076923077
0 0.30408653846153844 0.9399038461538461 0.1466346153846154 0.11899038461538461