0 0.4795673076923077 0.17067307692307693 0.15144230769230768 0.34134615384615385
0 0.7956730769230769 0.17548076923076922 0.06610576923076923 0.35096153846153844
0 0.08413461538461539 0.38100961538461536 0.1045673076923077 0.32572115384615385
0 0.7992788461538461 0.5288461538461539 0.08173076923076923 0.28846153846153844
0 0.3317307692307692 0.7007211538461539 0.1971153846153846 0.2439903846153846
0 0.056490384615384616 0.7439903846153846 0.11298076923076923 0.2764423076923077
0 0.7704326923076923 0.8112980769230769 0.07932692307692307 0.2704326923076923
0 0.2800480769230769 0.8185096153846154 0.14543269230769232 0.25841346153846156
0 0.7355769230769231 0.8521634615384616 0.1658653846153846 0.16466346153846154
0 0.5949519230769231 0.8581730769230769 0.07932692307692307 0.25961538461538464
0 0.5132211538461539 0.9146634615384616 0.18509615384615385 0.1658653846153846
0 0.2848557692307692 0.9435096153846154 0.13701923076923078 0.10817307692307693
0 0.7379807692307693 0.13221153846153846 0.09014423076923077 0.26322115384615385