0 0.0733173076923077 0.27163461538461536 0.1141826923076923 0.21394230769230768
0 0.04567307692307692 0.34615384615384615 0.08653846153846154 0.2644230769230769
0 0.1502403846153846 0.38461538461538464 0.13221153846153846 0.25
0 0.796875 0.4170673076923077 0.09254807692307693 0.31850961538461536
0 0.05048076923076923 0.44591346153846156 0.10096153846153846 0.25721153846153844
0 0.04447115384615385 0.6454326923076923 0.0889423076923077 0.23798076923076922
0 0.7908653846153846 0.6658653846153846 0.09134615384615384 0.2800480769230769
0 0.4423076923076923 0.6850961538461539 0.09254807692307693 0.29447115384615385
0 0.39663461538461536 0.7728365384615384 0.20192307692307693 0.25721153846153844
0 0.2980769230769231 0.8341346153846154 0.16346153846153846 0.2283653846153846
0 0.2403846153846154 0.8762019230769231 0.09975961538461539 0.2091346153846154
0 0.7211538461538461 0.11899038461538461 0.1310096153846154 0.23677884615384615
0 0.10216346153846154 0.13822115384615385 0.13221153846153846 0.23317307692307693