0 0.5252403846153846 0.14302884615384615 0.11778846153846154 0.2860576923076923
0 0.0625 0.16947115384615385 0.10096153846153846 0.21033653846153846
0 0.765625 0.2548076923076923 0.140625 0.18509615384615385
0 0.6586538461538461 0.2776442307692308 0.0889423076923077 0.3701923076923077
0 0.036057692307692304 0.3137019230769231 0.07091346153846154 0.2824519230769231
0 0.7740384615384616 0.43149038461538464 0.09495192307692307 0.27524038461538464
0 0.11778846153846154 0.4338942307692308 0.07091346153846154 0.24639423076923078
0 0.27884615384615385 0.4723557692307692 0.14543269230769232 0.25841346153846156
0 0.40024038461538464 0.5456730769230769 0.12860576923076922 0.33774038461538464
0 0.05889423076923077 0.5853365384615384 0.11778846153846154 0.28125
0 0.8004807692307693 0.671875 0.05889423076923077 0.28365384615384615
0 0.32211538461538464 0.6766826923076923 0.15985576923076922 0.2932692307692308
0 0.7512019230769231 0.7524038461538461 0.09014423076923077 0.2764423076923077
0 0.30288461538461536 0.7956730769230769 0.11658653846153846 0.26802884615384615
0 0.24519230769230768 0.8713942307692307 0.1310096153846154 0.12620192307692307
0 0.6394230769230769 0.9014423076923077 0.19110576923076922 0.13942307692307693
0 0.7512019230769231 0.109375 0.15384615384615385 0.1875