0 0.734375 0.13942307692307693 0.09735576923076923 0.2776442307692308
0 0.8137019230769231 0.19831730769230768 0.0829326923076923 0.32572115384615385
0 0.4411057692307692 0.2620192307692308 0.109375 0.4074519230769231
0 0.08173076923076923 0.38221153846153844 0.1141826923076923 0.296875
0 0.2512019230769231 0.40384615384615385 0.15144230769230768 0.328125
0 0.8076923076923077 0.5348557692307693 0.08774038461538461 0.29447115384615385
0 0.06850961538461539 0.7235576923076923 0.0985576923076923 0.24519230769230768
0 0.34975961538461536 0.7620192307692307 0.18269230769230768 0.25961538461538464
0 0.7872596153846154 0.7872596153846154 0.09975961538461539 0.234375
0 0.7367788461538461 0.8629807692307693 0.11778846153846154 0.21875
0 0.18629807692307693 0.9194711538461539 0.11658653846153846 0.12980769230769232
0 0.3088942307692308 0.9230769230769231 0.18269230769230768 0.1466346153846154
0 0.5012019230769231 0.9314903846153846 0.13701923076923078 0.1346153846153846