0 0.11177884615384616 0.18269230769230768 0.1201923076923077 0.29927884615384615
0 0.7764423076923077 0.36658653846153844 0.13701923076923078 0.24278846153846154
0 0.15985576923076922 0.3870192307692308 0.1310096153846154 0.3173076923076923
0 0.04567307692307692 0.4230769230769231 0.07932692307692307 0.2644230769230769
0 0.6802884615384616 0.4879807692307692 0.06490384615384616 0.31009615384615385
0 0.7788461538461539 0.49158653846153844 0.11778846153846154 0.2704326923076923
0 0.7463942307692307 0.5504807692307693 0.06850961538461539 0.29086538461538464
0 0.09014423076923077 0.5757211538461539 0.054086538461538464 0.25841346153846156
0 0.6826923076923077 0.7235576923076923 0.13701923076923078 0.18509615384615385
0 0.06610576923076923 0.7451923076923077 0.09975961538461539 0.31850961538461536
0 0.7956730769230769 0.7487980769230769 0.0625 0.2704326923076923
0 0.765625 0.8209134615384616 0.0625 0.23557692307692307
0 0.6622596153846154 0.8533653846153846 0.1658653846153846 0.16706730769230768
0 0.5685096153846154 0.8641826923076923 0.0889423076923077 0.21754807692307693
0 0.30528846153846156 0.8846153846153846 0.13942307692307693 0.22596153846153846
0 0.19951923076923078 0.8930288461538461 0.09254807692307693 0.2127403846153846