0 0.14783653846153846 0.15144230769230768 0.12379807692307693 0.10697115384615384
0 0.2764423076923077 0.24879807692307693 0.16826923076923078 0.3473557692307692
0 0.18269230769230768 0.25721153846153844 0.14302884615384615 0.27524038461538464
0 0.11057692307692307 0.27524038461538464 0.10697115384615384 0.296875
0 0.9651442307692307 0.3545673076923077 0.06850961538461539 0.2860576923076923
0 0.09975961538461539 0.3786057692307692 0.1141826923076923 0.28725961538461536
0 0.7175480769230769 0.3942307692307692 0.19951923076923078 0.24278846153846154
0 0.046875 0.46875 0.09375 0.3125
0 0.08413461538461539 0.4951923076923077 0.13581730769230768 0.25
0 0.05048076923076923 0.6274038461538461 0.09975961538461539 0.29447115384615385
0 0.21153846153846154 0.0673076923076923 0.19471153846153846 0.11298076923076923
0 0.9735576923076923 0.6971153846153846 0.05048076923076923 0.22235576923076922
0 0.9435096153846154 0.7764423076923077 0.0889423076923077 0.17427884615384615
0 0.06129807692307692 0.0829326923076923 0.0829326923076923 0.13701923076923078
0 0.24879807692307693 0.8413461538461539 0.11177884615384616 0.14543269230769232
0 0.7415865384615384 0.8413461538461539 0.1502403846153846 0.21394230769230768
0 0.38100961538461536 0.8521634615384616 0.19471153846153846 0.18629807692307693
0 0.09134615384615384 0.8665865384615384 0.07091346153846154 0.23918269230769232
0 0.20072115384615385 0.8834134615384616 0.08533653846153846 0.11538461538461539
0 0.5625 0.9098557692307693 0.20673076923076922 0.14302884615384615
0 0.16826923076923078 0.9326923076923077 0.07451923076923077 0.13221153846153846
0 0.28125 0.9495192307692307 0.13581730769230768 0.08533653846153846
0 0.4074519230769231 0.9507211538461539 0.15264423076923078 0.09615384615384616