0 0.6887019230769231 0.21995192307692307 0.12620192307692307 0.3870192307692308
0 0.10216346153846154 0.23918269230769232 0.0625 0.3076923076923077
0 0.8040865384615384 0.29086538461538464 0.0985576923076923 0.375
0 0.046875 0.36177884615384615 0.09375 0.2668269230769231
0 0.7355769230769231 0.4543269230769231 0.12860576923076922 0.3076923076923077
0 0.7331730769230769 0.046875 0.07211538461538461 0.09375
0 0.4735576923076923 0.609375 0.15504807692307693 0.24278846153846154
0 0.7944711538461539 0.6923076923076923 0.08052884615384616 0.3317307692307692
0 0.0625 0.7067307692307693 0.09254807692307693 0.2704326923076923
0 0.6466346153846154 0.7367788461538461 0.11899038461538461 0.18269230769230768
0 0.7307692307692307 0.8221153846153846 0.14302884615384615 0.22355769230769232
0 0.5865384615384616 0.8882211538461539 0.17908653846153846 0.17548076923076922
0 0.18990384615384615 0.9026442307692307 0.18389423076923078 0.16947115384615385
0 0.32572115384615385 0.9375 0.1658653846153846 0.1201923076923077
0 0.7776442307692307 0.09495192307692307 0.06971153846153846 0.18509615384615385