0 0.09375 0.19591346153846154 0.11778846153846154 0.2932692307692308
0 0.7944711538461539 0.4254807692307692 0.11298076923076923 0.44591346153846156
0 0.042067307692307696 0.42788461538461536 0.08413461538461539 0.22956730769230768
0 0.052884615384615384 0.5841346153846154 0.10576923076923077 0.21153846153846154
0 0.7836538461538461 0.7463942307692307 0.055288461538461536 0.2920673076923077
0 0.7872596153846154 0.07692307692307693 0.10336538461538461 0.15384615384615385
0 0.31490384615384615 0.8413461538461539 0.17548076923076922 0.17548076923076922
0 0.20552884615384615 0.8569711538461539 0.06971153846153846 0.10697115384615384
0 0.5252403846153846 0.9098557692307693 0.15264423076923078 0.17668269230769232
0 0.35096153846153844 0.9314903846153846 0.14903846153846154 0.1346153846153846
0 0.12620192307692307 0.11538461538461539 0.10576923076923077 0.1141826923076923