0 0.7536057692307693 0.16105769230769232 0.1935096153846154 0.27524038461538464
0 0.44471153846153844 0.29447115384615385 0.10697115384615384 0.3545673076923077
0 0.2127403846153846 0.4206730769230769 0.16706730769230768 0.2956730769230769
0 0.8040865384615384 0.42908653846153844 0.09014423076923077 0.32572115384615385
0 0.08653846153846154 0.5036057692307693 0.140625 0.140625
0 0.04567307692307692 0.6117788461538461 0.06490384615384616 0.20552884615384615
0 0.6947115384615384 0.6129807692307693 0.17668269230769232 0.1935096153846154
0 0.8004807692307693 0.7355769230769231 0.08413461538461539 0.2860576923076923
0 0.6862980769230769 0.7548076923076923 0.14423076923076922 0.15625
0 0.30288461538461536 0.8221153846153846 0.08533653846153846 0.2512019230769231
0 0.7920673076923077 0.08533653846153846 0.11057692307692307 0.15865384615384615
0 0.1045673076923077 0.8569711538461539 0.09134615384615384 0.24278846153846154
0 0.4639423076923077 0.8653846153846154 0.06370192307692307 0.26802884615384615
0 0.5829326923076923 0.8870192307692307 0.09375 0.22115384615384615
0 0.6862980769230769 0.8918269230769231 0.14423076923076922 0.11298076923076923
0 0.2091346153846154 0.9002403846153846 0.09615384615384616 0.19471153846153846
0 0.45913461538461536 0.9242788461538461 0.15504807692307693 0.1502403846153846