0 0.05048076923076923 0.19110576923076922 0.09254807692307693 0.18269230769230768
0 0.11177884615384616 0.24278846153846154 0.0673076923076923 0.28125
0 0.03365384615384615 0.25240384615384615 0.06610576923076923 0.1658653846153846
0 0.7980769230769231 0.2860576923076923 0.10216346153846154 0.3245192307692308
0 0.039663461538461536 0.3629807692307692 0.07932692307692307 0.20793269230769232
0 0.6995192307692307 0.41466346153846156 0.0625 0.32572115384615385
0 0.7283653846153846 0.453125 0.06490384615384616 0.35216346153846156
0 0.3557692307692308 0.6310096153846154 0.11658653846153846 0.3557692307692308
0 0.0673076923076923 0.6478365384615384 0.078125 0.1875
0 0.7944711538461539 0.6742788461538461 0.08653846153846154 0.23918269230769232
0 0.6213942307692307 0.7331730769230769 0.1310096153846154 0.18389423076923078
0 0.7271634615384616 0.7956730769230769 0.13341346153846154 0.19831730769230768
0 0.20432692307692307 0.8581730769230769 0.08653846153846154 0.21153846153846154
0 0.49158653846153844 0.9026442307692307 0.17307692307692307 0.14783653846153846
0 0.3161057692307692 0.9411057692307693 0.17067307692307693 0.11298076923076923
0 0.5697115384615384 0.9507211538461539 0.17307692307692307 0.09375
0 0.7788461538461539 0.10096153846153846 0.08774038461538461 0.19591346153846154
0 0.6814903846153846 0.1310096153846154 0.10336538461538461 0.25600961538461536