0 0.052884615384615384 0.18870192307692307 0.0625 0.21995192307692307
0 0.4807692307692308 0.19591346153846154 0.15264423076923078 0.29086538461538464
0 0.039663461538461536 0.5841346153846154 0.0625 0.2668269230769231
0 0.08173076923076923 0.6141826923076923 0.07932692307692307 0.22956730769230768
0 0.328125 0.6742788461538461 0.0889423076923077 0.30288461538461536
0 0.7896634615384616 0.7439903846153846 0.07451923076923077 0.27403846153846156
0 0.7415865384615384 0.7524038461538461 0.0673076923076923 0.24879807692307693
0 0.7764423076923077 0.078125 0.10576923076923077 0.15264423076923078
0 0.5552884615384616 0.8677884615384616 0.07211538461538461 0.25961538461538464
0 0.2091346153846154 0.8810096153846154 0.10096153846153846 0.2091346153846154
0 0.29447115384615385 0.9158653846153846 0.13221153846153846 0.16346153846153846
0 0.6117788461538461 0.9290865384615384 0.13581730769230768 0.13942307692307693
0 0.45072115384615385 0.953125 0.18028846153846154 0.0889423076923077
0 0.6682692307692307 0.11177884615384616 0.12860576923076922 0.22355769230769232