0 0.109375 0.14182692307692307 0.09735576923076923 0.23557692307692307
0 0.05048076923076923 0.26802884615384615 0.09254807692307693 0.20552884615384615
0 0.038461538461538464 0.3701923076923077 0.07572115384615384 0.234375
0 0.42427884615384615 0.47475961538461536 0.09014423076923077 0.38461538461538464
0 0.020432692307692308 0.4855769230769231 0.040865384615384616 0.25961538461538464
0 0.6899038461538461 0.49158653846153844 0.12620192307692307 0.2692307692307692
0 0.39302884615384615 0.5985576923076923 0.125 0.43149038461538464
0 0.31971153846153844 0.6165865384615384 0.11298076923076923 0.2932692307692308
0 0.703125 0.640625 0.11658653846153846 0.17307692307692307
0 0.06129807692307692 0.6430288461538461 0.05048076923076923 0.21995192307692307
0 0.7980769230769231 0.6610576923076923 0.07932692307692307 0.22355769230769232
0 0.78125 0.7920673076923077 0.109375 0.27283653846153844
0 0.21514423076923078 0.8365384615384616 0.15264423076923078 0.15865384615384615
0 0.7391826923076923 0.8689903846153846 0.12139423076923077 0.20432692307692307
0 0.5264423076923077 0.8882211538461539 0.12259615384615384 0.22115384615384615
0 0.5961538461538461 0.9302884615384616 0.1346153846153846 0.12860576923076922
0 0.20192307692307693 0.9411057692307693 0.171875 0.1141826923076923
0 0.4254807692307692 0.9423076923076923 0.125 0.11057692307692307
0 0.3173076923076923 0.9555288461538461 0.12860576923076922 0.08653846153846154
0 0.7872596153846154 0.11658653846153846 0.10336538461538461 0.23317307692307693