0 0.09495192307692307 0.20552884615384615 0.1346153846153846 0.2127403846153846
0 0.5348557692307693 0.21394230769230768 0.17668269230769232 0.1814903846153846
0 0.8028846153846154 0.4050480769230769 0.1045673076923077 0.29086538461538464
0 0.04447115384615385 0.4326923076923077 0.08653846153846154 0.2776442307692308
0 0.05889423076923077 0.6057692307692307 0.10096153846153846 0.24158653846153846
0 0.3173076923076923 0.671875 0.10576923076923077 0.30408653846153844
0 0.8004807692307693 0.7319711538461539 0.0673076923076923 0.29927884615384615
0 0.46153846153846156 0.08052884615384616 0.10096153846153846 0.14302884615384615
0 0.31971153846153844 0.8617788461538461 0.16105769230769232 0.16346153846153846
0 0.7163461538461539 0.8930288461538461 0.13341346153846154 0.14302884615384615
0 0.36538461538461536 0.9278846153846154 0.15384615384615385 0.13942307692307693