0 0.12379807692307693 0.15865384615384615 0.0985576923076923 0.2848557692307692
0 0.6622596153846154 0.16105769230769232 0.15144230769230768 0.32091346153846156
0 0.046875 0.19591346153846154 0.05889423076923077 0.2608173076923077
0 0.43509615384615385 0.28966346153846156 0.12139423076923077 0.31850961538461536
0 0.13341346153846154 0.3076923076923077 0.16466346153846154 0.0829326923076923
0 0.7007211538461539 0.3293269230769231 0.14783653846153846 0.19591346153846154
0 0.7620192307692307 0.3762019230769231 0.09375 0.24158653846153846
0 0.8112980769230769 0.4362980769230769 0.08173076923076923 0.3112980769230769
0 0.703125 0.6057692307692307 0.1045673076923077 0.3329326923076923
0 0.7776442307692307 0.6538461538461539 0.12259615384615384 0.2692307692307692
0 0.3870192307692308 0.6754807692307693 0.1778846153846154 0.1935096153846154
0 0.6478365384615384 0.6899038461538461 0.09134615384615384 0.20793269230769232
0 0.0733173076923077 0.7103365384615384 0.0625 0.22115384615384615
0 0.5060096153846154 0.8557692307692307 0.17427884615384615 0.12379807692307693
0 0.25600961538461536 0.8617788461538461 0.09615384615384616 0.27524038461538464
0 0.6875 0.8713942307692307 0.14783653846153846 0.14903846153846154
0 0.34134615384615385 0.9278846153846154 0.12379807692307693 0.13701923076923078
0 0.4891826923076923 0.9555288461538461 0.14903846153846154 0.08774038461538461