0 0.2548076923076923 0.31009615384615385 0.14903846153846154 0.2127403846153846
0 0.030048076923076924 0.3713942307692308 0.06009615384615385 0.2764423076923077
0 0.6995192307692307 0.3798076923076923 0.16706730769230768 0.19230769230769232
0 0.38341346153846156 0.4326923076923077 0.17307692307692307 0.24879807692307693
0 0.8016826923076923 0.48197115384615385 0.06610576923076923 0.32091346153846156
0 0.7475961538461539 0.4963942307692308 0.09495192307692307 0.31490384615384615
0 0.10216346153846154 0.5516826923076923 0.12379807692307693 0.11899038461538461
0 0.05889423076923077 0.6153846153846154 0.07692307692307693 0.2127403846153846
0 0.3016826923076923 0.6911057692307693 0.07692307692307693 0.3293269230769231
0 0.6298076923076923 0.7728365384615384 0.09735576923076923 0.1935096153846154
0 0.5264423076923077 0.8485576923076923 0.12980769230769232 0.14903846153846154
0 0.09014423076923077 0.8713942307692307 0.08052884615384616 0.19591346153846154
0 0.6754807692307693 0.8870192307692307 0.1502403846153846 0.1502403846153846
0 0.4375 0.8966346153846154 0.10697115384615384 0.20552884615384615
0 0.6033653846153846 0.09014423076923077 0.1045673076923077 0.16947115384615385
0 0.5228365384615384 0.9435096153846154 0.13822115384615385 0.078125
0 0.23317307692307693 0.9435096153846154 0.14423076923076922 0.10817307692307693
0 0.1466346153846154 0.11177884615384616 0.09134615384615384 0.22355769230769232