0 0.09615384615384616 0.1466346153846154 0.10697115384615384 0.21394230769230768
0 0.0733173076923077 0.21995192307692307 0.07692307692307693 0.20793269230769232
0 0.0673076923076923 0.3137019230769231 0.1045673076923077 0.25961538461538464
0 0.046875 0.34615384615384615 0.08653846153846154 0.22956730769230768
0 0.13221153846153846 0.38461538461538464 0.11298076923076923 0.2127403846153846
0 0.7944711538461539 0.41947115384615385 0.07211538461538461 0.30649038461538464
0 0.042067307692307696 0.42788461538461536 0.07692307692307693 0.1935096153846154
0 0.05889423076923077 0.5865384615384616 0.06850961538461539 0.23677884615384615
0 0.7872596153846154 0.6706730769230769 0.07932692307692307 0.2668269230769231
0 0.3918269230769231 0.7944711538461539 0.17307692307692307 0.29086538461538464
0 0.28846153846153844 0.828125 0.15865384615384615 0.20072115384615385
0 0.08774038461538461 0.8533653846153846 0.07572115384615384 0.24759615384615385
0 0.21033653846153846 0.8737980769230769 0.06971153846153846 0.16466346153846154
0 0.18509615384615385 0.9399038461538461 0.12740384615384615 0.11658653846153846
0 0.7151442307692307 0.1201923076923077 0.109375 0.23918269230769232