0 0.12740384615384615 0.2920673076923077 0.11658653846153846 0.34375
0 0.07211538461538461 0.3233173076923077 0.09735576923076923 0.26802884615384615
0 0.04447115384615385 0.3954326923076923 0.0889423076923077 0.24519230769230768
0 0.19951923076923078 0.4254807692307692 0.21514423076923078 0.24879807692307693
0 0.06971153846153846 0.5949519230769231 0.055288461538461536 0.3088942307692308
0 0.2692307692307692 0.8617788461538461 0.06850961538461539 0.23317307692307693
0 0.35096153846153844 0.8641826923076923 0.14182692307692307 0.16826923076923078
0 0.6358173076923077 0.9254807692307693 0.18509615384615385 0.14423076923076922
0 0.7884615384615384 0.09615384615384616 0.15504807692307693 0.1875
0 0.49278846153846156 0.9591346153846154 0.1201923076923077 0.07692307692307693
0 0.37740384615384615 0.9615384615384616 0.15384615384615385 0.07211538461538461
0 0.2644230769230769 0.12139423076923077 0.125 0.23798076923076922