0 0.7560096153846154 0.14543269230769232 0.12860576923076922 0.29086538461538464
0 0.7055288461538461 0.21153846153846154 0.16466346153846154 0.31490384615384615
0 0.06370192307692307 0.21995192307692307 0.12259615384615384 0.2956730769230769
0 0.5456730769230769 0.22355769230769232 0.25841346153846156 0.1778846153846154
0 0.23798076923076922 0.2824519230769231 0.15865384615384615 0.2956730769230769
0 0.09375 0.4206730769230769 0.07572115384615384 0.26802884615384615
0 0.796875 0.43509615384615385 0.07572115384615384 0.33774038461538464
0 0.3701923076923077 0.4411057692307692 0.1502403846153846 0.2800480769230769
0 0.2932692307692308 0.5012019230769231 0.12379807692307693 0.2548076923076923
0 0.054086538461538464 0.5048076923076923 0.09134615384615384 0.2956730769230769
0 0.7331730769230769 0.6310096153846154 0.12139423076923077 0.25
0 0.7920673076923077 0.796875 0.08173076923076923 0.27524038461538464
0 0.4795673076923077 0.8894230769230769 0.17307692307692307 0.13581730769230768
0 0.6658653846153846 0.9086538461538461 0.15144230769230768 0.13942307692307693
0 0.18990384615384615 0.9242788461538461 0.1310096153846154 0.1502403846153846
0 0.32211538461538464 0.9278846153846154 0.15384615384615385 0.13942307692307693