0 0.7716346153846154 0.15144230769230768 0.11658653846153846 0.2980769230769231
0 0.11057692307692307 0.19471153846153846 0.08173076923076923 0.3088942307692308
0 0.640625 0.21153846153846154 0.14783653846153846 0.32091346153846156
0 0.4519230769230769 0.22716346153846154 0.12860576923076922 0.38100961538461536
0 0.055288461538461536 0.328125 0.10216346153846154 0.25
0 0.8040865384615384 0.3317307692307692 0.07692307692307693 0.25600961538461536
0 0.20552884615384615 0.38221153846153844 0.1201923076923077 0.3557692307692308
0 0.41947115384615385 0.5576923076923077 0.16105769230769232 0.24879807692307693
0 0.06971153846153846 0.6225961538461539 0.1141826923076923 0.234375
0 0.7740384615384616 0.7860576923076923 0.06370192307692307 0.2824519230769231
0 0.515625 0.8533653846153846 0.14783653846153846 0.13341346153846154
0 0.3269230769230769 0.09134615384615384 0.140625 0.1778846153846154
0 0.16346153846153846 0.9158653846153846 0.14903846153846154 0.16346153846153846
0 0.5745192307692307 0.9375 0.17307692307692307 0.1201923076923077
0 0.3954326923076923 0.9435096153846154 0.17307692307692307 0.11177884615384616