0 0.6838942307692307 0.20072115384615385 0.18269230769230768 0.19110576923076922
0 0.38341346153846156 0.3401442307692308 0.12379807692307693 0.25721153846153844
0 0.6742788461538461 0.34134615384615385 0.17427884615384615 0.17548076923076922
0 0.7680288461538461 0.5036057692307693 0.02403846153846154 0.296875
0 0.734375 0.5384615384615384 0.10216346153846154 0.2932692307692308
0 0.8137019230769231 0.5588942307692307 0.054086538461538464 0.2403846153846154
0 0.04447115384615385 0.6021634615384616 0.06129807692307692 0.2536057692307692
0 0.4483173076923077 0.6057692307692307 0.10817307692307693 0.1778846153846154
0 0.0889423076923077 0.6177884615384616 0.08653846153846154 0.24639423076923078
0 0.6682692307692307 0.7427884615384616 0.10096153846153846 0.17427884615384615
0 0.5396634615384616 0.7728365384615384 0.1778846153846154 0.15144230769230768
0 0.8137019230769231 0.8137019230769231 0.0625 0.25
0 0.4098557692307692 0.8473557692307693 0.1141826923076923 0.3016826923076923
0 0.3701923076923077 0.8557692307692307 0.08052884615384616 0.21394230769230768
0 0.4807692307692308 0.8858173076923077 0.11538461538461539 0.17307692307692307
0 0.640625 0.8870192307692307 0.11899038461538461 0.13942307692307693
0 0.5288461538461539 0.9447115384615384 0.1346153846153846 0.10697115384615384