0 0.1971153846153846 0.18028846153846154 0.07211538461538461 0.2920673076923077
0 0.10216346153846154 0.28966346153846156 0.07451923076923077 0.28365384615384615
0 0.0673076923076923 0.32572115384615385 0.07451923076923077 0.23677884615384615
0 0.16947115384615385 0.41225961538461536 0.16466346153846154 0.26322115384615385
0 0.06129807692307692 0.46875 0.07932692307692307 0.2512019230769231
0 0.06009615384615385 0.6358173076923077 0.07091346153846154 0.26802884615384615
0 0.3557692307692308 0.8473557692307693 0.15384615384615385 0.20552884615384615
0 0.20432692307692307 0.8774038461538461 0.10216346153846154 0.13822115384615385
0 0.6442307692307693 0.9242788461538461 0.15144230769230768 0.1502403846153846
0 0.5252403846153846 0.9302884615384616 0.17548076923076922 0.1346153846153846
0 0.3641826923076923 0.9471153846153846 0.17548076923076922 0.10096153846153846
0 0.23677884615384615 0.11177884615384616 0.09254807692307693 0.22355769230769232
0 0.14182692307692307 0.12740384615384615 0.04807692307692308 0.2548076923076923