0 0.8125 0.17067307692307693 0.0625 0.2536057692307692
0 0.7355769230769231 0.25600961538461536 0.20432692307692307 0.22235576923076922
0 0.37740384615384615 0.03485576923076923 0.0985576923076923 0.06971153846153846
0 0.39783653846153844 0.34134615384615385 0.13822115384615385 0.24759615384615385
0 0.6790865384615384 0.3786057692307692 0.10336538461538461 0.32091346153846156
0 0.7956730769230769 0.48677884615384615 0.05889423076923077 0.3161057692307692
0 0.7584134615384616 0.5120192307692307 0.039663461538461536 0.2980769230769231
0 0.5661057692307693 0.052884615384615384 0.21394230769230768 0.10576923076923077
0 0.03125 0.5793269230769231 0.05889423076923077 0.21514423076923078
0 0.44711538461538464 0.6105769230769231 0.1346153846153846 0.16105769230769232
0 0.08173076923076923 0.6237980769230769 0.07211538461538461 0.22235576923076922
0 0.5024038461538461 0.7043269230769231 0.16706730769230768 0.15985576923076922
0 0.6923076923076923 0.7139423076923077 0.12620192307692307 0.2283653846153846
0 0.7548076923076923 0.7632211538461539 0.0625 0.23677884615384615
0 0.5384615384615384 0.7860576923076923 0.19230769230769232 0.09615384615384616
0 0.7956730769230769 0.8088942307692307 0.09735576923076923 0.24519230769230768
0 0.6622596153846154 0.8173076923076923 0.09735576923076923 0.1310096153846154
0 0.41225961538461536 0.8221153846153846 0.11899038461538461 0.32091346153846156
0 0.35336538461538464 0.8305288461538461 0.0733173076923077 0.17067307692307693
0 0.6105769230769231 0.8497596153846154 0.11778846153846154 0.1466346153846154
0 0.49278846153846156 0.9026442307692307 0.13701923076923078 0.15504807692307693
0 0.5456730769230769 0.9435096153846154 0.15144230769230768 0.11177884615384616
0 0.7319711538461539 0.1201923076923077 0.11658653846153846 0.18028846153846154