0 0.08052884615384616 0.21033653846153846 0.10216346153846154 0.24879807692307693
0 0.2439903846153846 0.23798076923076922 0.11298076923076923 0.3485576923076923
0 0.3112980769230769 0.2536057692307692 0.1141826923076923 0.2980769230769231
0 0.054086538461538464 0.2932692307692308 0.09735576923076923 0.2776442307692308
0 0.046875 0.4951923076923077 0.06129807692307692 0.2620192307692308
0 0.4074519230769231 0.052884615384615384 0.14543269230769232 0.1045673076923077
0 0.9579326923076923 0.5420673076923077 0.06490384615384616 0.2127403846153846
0 0.07932692307692307 0.5576923076923077 0.08052884615384616 0.2644230769230769
0 0.055288461538461536 0.6550480769230769 0.10096153846153846 0.2512019230769231
0 0.9338942307692307 0.6838942307692307 0.04807692307692308 0.16346153846153846
0 0.9699519230769231 0.7127403846153846 0.05889423076923077 0.14543269230769232
0 0.9447115384615384 0.7704326923076923 0.08173076923076923 0.10697115384615384
0 0.7596153846153846 0.7956730769230769 0.11177884615384616 0.2824519230769231
0 0.09375 0.8725961538461539 0.07572115384615384 0.21394230769230768
0 0.17908653846153846 0.9014423076923077 0.0829326923076923 0.16826923076923078
0 0.41346153846153844 0.9134615384615384 0.15865384615384615 0.16947115384615385
0 0.5564903846153846 0.9146634615384616 0.18629807692307693 0.14543269230769232
0 0.2668269230769231 0.9230769230769231 0.13581730769230768 0.15144230769230768
0 0.33774038461538464 0.11057692307692307 0.18870192307692307 0.21875
0 0.1466346153846154 0.11298076923076923 0.06490384615384616 0.1971153846153846
0 0.1141826923076923 0.12620192307692307 0.07572115384615384 0.22115384615384615