0 0.09134615384615384 0.19831730769230768 0.10216346153846154 0.2127403846153846
0 0.5949519230769231 0.20192307692307693 0.10216346153846154 0.33653846153846156
0 0.22716346153846154 0.21153846153846154 0.078125 0.3485576923076923
0 0.3173076923076923 0.22355769230769232 0.11658653846153846 0.30288461538461536
0 0.04927884615384615 0.2848557692307692 0.07692307692307693 0.23918269230769232
0 0.038461538461538464 0.47115384615384615 0.06009615384615385 0.28365384615384615
0 0.0733173076923077 0.5276442307692307 0.052884615384615384 0.21634615384615385
0 0.9567307692307693 0.5324519230769231 0.08533653846153846 0.23317307692307693
0 0.039663461538461536 0.6430288461538461 0.07692307692307693 0.18990384615384615
0 0.3762019230769231 0.07211538461538461 0.10576923076923077 0.14302884615384615
0 0.7740384615384616 0.7824519230769231 0.10576923076923077 0.234375
0 0.40024038461538464 0.9194711538461539 0.1466346153846154 0.15625
0 0.5637019230769231 0.9278846153846154 0.19951923076923078 0.14302884615384615
0 0.2668269230769231 0.9302884615384616 0.125 0.1346153846153846
0 0.14423076923076922 0.11658653846153846 0.06370192307692307 0.15985576923076922