0 0.08413461538461539 0.234375 0.06129807692307692 0.31490384615384615
0 0.22115384615384615 0.2512019230769231 0.13341346153846154 0.31971153846153844
0 0.2920673076923077 0.28125 0.11778846153846154 0.31490384615384615
0 0.7836538461538461 0.36658653846153844 0.09254807692307693 0.3473557692307692
0 0.057692307692307696 0.49399038461538464 0.09735576923076923 0.35216346153846156
0 0.046875 0.6237980769230769 0.09375 0.296875
0 0.6814903846153846 0.07932692307692307 0.18509615384615385 0.15865384615384615
0 0.7680288461538461 0.8004807692307693 0.10096153846153846 0.3173076923076923
0 0.5516826923076923 0.8605769230769231 0.20072115384615385 0.20552884615384615
0 0.2403846153846154 0.8762019230769231 0.171875 0.15384615384615385
0 0.78125 0.09014423076923077 0.11298076923076923 0.17908653846153846
0 0.4362980769230769 0.9038461538461539 0.18028846153846154 0.18990384615384615
0 0.7091346153846154 0.9146634615384616 0.17668269230769232 0.12860576923076922
0 0.3161057692307692 0.9447115384615384 0.18389423076923078 0.10697115384615384
0 0.34134615384615385 0.09735576923076923 0.18990384615384615 0.19471153846153846
0 0.14302884615384615 0.12259615384615384 0.11778846153846154 0.24519230769230768