0 0.7367788461538461 0.16826923076923078 0.10817307692307693 0.22716346153846154
0 0.7307692307692307 0.28966346153846156 0.140625 0.2127403846153846
0 0.7824519230769231 0.030048076923076924 0.04447115384615385 0.06009615384615385
0 0.6262019230769231 0.3016826923076923 0.16466346153846154 0.3076923076923077
0 0.4074519230769231 0.3401442307692308 0.14423076923076922 0.28125
0 0.7139423076923077 0.49399038461538464 0.1141826923076923 0.42788461538461536
0 0.78125 0.5504807692307693 0.06370192307692307 0.3605769230769231
0 0.4723557692307692 0.5841346153846154 0.1466346153846154 0.2668269230769231
0 0.8161057692307693 0.5961538461538461 0.056490384615384616 0.31971153846153844
0 0.04447115384615385 0.5973557692307693 0.07211538461538461 0.27283653846153844
0 0.08173076923076923 0.6442307692307693 0.10817307692307693 0.2704326923076923
0 0.7091346153846154 0.7175480769230769 0.12860576923076922 0.26322115384615385
0 0.5540865384615384 0.7463942307692307 0.20072115384615385 0.16826923076923078
0 0.6538461538461539 0.7475961538461539 0.11057692307692307 0.1502403846153846
0 0.8004807692307693 0.8028846153846154 0.0985576923076923 0.2403846153846154
0 0.6911057692307693 0.8413461538461539 0.12620192307692307 0.14903846153846154
0 0.43149038461538464 0.8569711538461539 0.08173076923076923 0.24278846153846154
0 0.3605769230769231 0.8786057692307693 0.08774038461538461 0.20432692307692307
0 0.6382211538461539 0.8882211538461539 0.11899038461538461 0.11899038461538461
0 0.49158653846153844 0.90625 0.12980769230769232 0.140625
0 0.6189903846153846 0.09375 0.18389423076923078 0.1875
0 0.2439903846153846 0.9435096153846154 0.1658653846153846 0.10817307692307693
0 0.5793269230769231 0.9471153846153846 0.1201923076923077 0.10096153846153846