0 0.71875 0.2439903846153846 0.13822115384615385 0.3449519230769231
0 0.03485576923076923 0.25841346153846156 0.055288461538461536 0.23317307692307693
0 0.2764423076923077 0.26322115384615385 0.15264423076923078 0.3137019230769231
0 0.09375 0.28125 0.09134615384615384 0.32091346153846156
0 0.7932692307692307 0.3004807692307692 0.10096153846153846 0.38822115384615385
0 0.030048076923076924 0.3449519230769231 0.06009615384615385 0.2956730769230769
0 0.28966346153846156 0.43149038461538464 0.19471153846153846 0.24759615384615385
0 0.44591346153846156 0.5625 0.11658653846153846 0.3701923076923077
0 0.7668269230769231 0.7115384615384616 0.14182692307692307 0.33533653846153844
0 0.23317307692307693 0.8737980769230769 0.1201923076923077 0.19471153846153846
0 0.6201923076923077 0.8810096153846154 0.13341346153846154 0.17548076923076922
0 0.46634615384615385 0.9170673076923077 0.14903846153846154 0.15504807692307693
0 0.34134615384615385 0.9254807692307693 0.1346153846153846 0.14423076923076922