0 0.04447115384615385 0.2127403846153846 0.055288461538461536 0.2956730769230769
0 0.2283653846153846 0.22115384615384615 0.09975961538461539 0.30649038461538464
0 0.07932692307692307 0.234375 0.07091346153846154 0.3125
0 0.30528846153846156 0.27283653846153844 0.10817307692307693 0.30528846153846156
0 0.7884615384615384 0.35096153846153844 0.12379807692307693 0.36538461538461536
0 0.06971153846153846 0.47716346153846156 0.1141826923076923 0.2704326923076923
0 0.037259615384615384 0.6370192307692307 0.06971153846153846 0.25600961538461536
0 0.6622596153846154 0.078125 0.20673076923076922 0.14423076923076922
0 0.7860576923076923 0.7956730769230769 0.07091346153846154 0.2403846153846154
0 0.2848557692307692 0.8786057692307693 0.1814903846153846 0.14302884615384615
0 0.14543269230769232 0.8942307692307693 0.078125 0.18028846153846154
0 0.7091346153846154 0.9038461538461539 0.1201923076923077 0.1778846153846154
0 0.5685096153846154 0.9026442307692307 0.17067307692307693 0.18990384615384615
0 0.4206730769230769 0.9146634615384616 0.14903846153846154 0.1658653846153846
0 0.7836538461538461 0.09495192307692307 0.07692307692307693 0.18990384615384615
0 0.28966346153846156 0.9507211538461539 0.14182692307692307 0.09375
0 0.37740384615384615 0.09975961538461539 0.171875 0.19831730769230768
0 0.11057692307692307 0.12980769230769232 0.08653846153846154 0.18509615384615385