0 0.09975961538461539 0.21153846153846154 0.10096153846153846 0.38221153846153844
0 0.23557692307692307 0.22235576923076922 0.10216346153846154 0.3425480769230769
0 0.30288461538461536 0.27884615384615385 0.13221153846153846 0.35216346153846156
0 0.7980769230769231 0.34975961538461536 0.09615384615384616 0.34615384615384615
0 0.055288461538461536 0.44350961538461536 0.09014423076923077 0.2644230769230769
0 0.046875 0.6502403846153846 0.06129807692307692 0.19230769230769232
0 0.953125 0.6754807692307693 0.09254807692307693 0.2932692307692308
0 0.6682692307692307 0.06971153846153846 0.2091346153846154 0.13822115384615385
0 0.7704326923076923 0.7956730769230769 0.12139423076923077 0.2536057692307692
0 0.5576923076923077 0.8677884615384616 0.12980769230769232 0.25961538461538464
0 0.25600961538461536 0.8798076923076923 0.12860576923076922 0.14543269230769232
0 0.36538461538461536 0.09134615384615384 0.18629807692307693 0.18269230769230768
0 0.42427884615384615 0.90625 0.15625 0.18269230769230768
0 0.6959134615384616 0.921875 0.17067307692307693 0.15144230769230768
0 0.7872596153846154 0.11177884615384616 0.09375 0.22355769230769232