0 0.7175480769230769 0.24519230769230768 0.140625 0.31850961538461536
0 0.0985576923076923 0.2848557692307692 0.109375 0.3137019230769231
0 0.7992788461538461 0.30528846153846156 0.07692307692307693 0.3641826923076923
0 0.40384615384615385 0.38341346153846156 0.17427884615384615 0.36658653846153844
0 0.2127403846153846 0.3954326923076923 0.1502403846153846 0.2860576923076923
0 0.4495192307692308 0.5745192307692307 0.10817307692307693 0.3389423076923077
0 0.7932692307692307 0.671875 0.078125 0.28365384615384615
0 0.6418269230769231 0.8774038461538461 0.13822115384615385 0.17908653846153846
0 0.765625 0.8978365384615384 0.16346153846153846 0.1658653846153846
0 0.4735576923076923 0.9026442307692307 0.15504807692307693 0.15504807692307693
0 0.15144230769230768 0.9110576923076923 0.10697115384615384 0.13822115384615385
0 0.25240384615384615 0.9302884615384616 0.125 0.1141826923076923
0 0.3485576923076923 0.9411057692307693 0.1346153846153846 0.11298076923076923