0 0.171875 0.20192307692307693 0.18389423076923078 0.1814903846153846
0 0.09495192307692307 0.25841346153846156 0.07572115384615384 0.3112980769230769
0 0.7235576923076923 0.3173076923076923 0.11899038461538461 0.328125
0 0.7620192307692307 0.359375 0.109375 0.26802884615384615
0 0.8125 0.4182692307692308 0.06610576923076923 0.3581730769230769
0 0.7572115384615384 0.48677884615384615 0.10096153846153846 0.2932692307692308
0 0.2848557692307692 0.49038461538461536 0.13822115384615385 0.3125
0 0.4375 0.5949519230769231 0.16706730769230768 0.21634615384615385
0 0.6923076923076923 0.6634615384615384 0.10216346153846154 0.23317307692307693
0 0.7728365384615384 0.6899038461538461 0.109375 0.22956730769230768
0 0.06610576923076923 0.734375 0.08774038461538461 0.31850961538461536
0 0.3701923076923077 0.7560096153846154 0.15745192307692307 0.25240384615384615
0 0.7331730769230769 0.8653846153846154 0.140625 0.14783653846153846
0 0.21033653846153846 0.9278846153846154 0.1658653846153846 0.14182692307692307
0 0.4891826923076923 0.9290865384615384 0.17067307692307693 0.1310096153846154
0 0.34615384615384615 0.9326923076923077 0.17427884615384615 0.13341346153846154
0 0.765625 0.12620192307692307 0.1141826923076923 0.21514423076923078
0 0.6334134615384616 0.13701923076923078 0.15625 0.27403846153846156