0 0.15504807692307693 0.14903846153846154 0.12620192307692307 0.22355769230769232
0 0.5829326923076923 0.15384615384615385 0.09254807692307693 0.3076923076923077
0 0.6598557692307693 0.19591346153846154 0.05889423076923077 0.36658653846153844
0 0.75 0.2127403846153846 0.10697115384615384 0.3233173076923077
0 0.06610576923076923 0.2283653846153846 0.08533653846153846 0.17548076923076922
0 0.7115384615384616 0.3401442307692308 0.09495192307692307 0.3701923076923077
0 0.12740384615384615 0.42427884615384615 0.14543269230769232 0.19110576923076922
0 0.796875 0.4375 0.10096153846153846 0.34975961538461536
0 0.30649038461538464 0.4987980769230769 0.1201923076923077 0.2644230769230769
0 0.042067307692307696 0.6153846153846154 0.07572115384615384 0.2956730769230769
0 0.7920673076923077 0.6682692307692307 0.08173076923076923 0.24879807692307693
0 0.08052884615384616 0.7307692307692307 0.06610576923076923 0.15144230769230768
0 0.42788461538461536 0.7620192307692307 0.22235576923076922 0.15865384615384615
0 0.46033653846153844 0.8509615384615384 0.16105769230769232 0.12860576923076922
0 0.7475961538461539 0.8725961538461539 0.08653846153846154 0.1502403846153846
0 0.19831730769230768 0.8786057692307693 0.09134615384615384 0.0985576923076923
0 0.65625 0.9014423076923077 0.10697115384615384 0.11658653846153846
0 0.4675480769230769 0.9350961538461539 0.13221153846153846 0.125
0 0.5492788461538461 0.9435096153846154 0.11298076923076923 0.11177884615384616
0 0.26802884615384615 0.9495192307692307 0.10336538461538461 0.09615384615384616
0 0.8016826923076923 0.13581730769230768 0.07932692307692307 0.2704326923076923