0 0.046875 0.24278846153846154 0.09375 0.203125
0 0.4362980769230769 0.2860576923076923 0.1201923076923077 0.3389423076923077
0 0.04326923076923077 0.38341346153846156 0.08653846153846154 0.22115384615384615
0 0.3076923076923077 0.4891826923076923 0.1778846153846154 0.15985576923076922
0 0.078125 0.5961538461538461 0.08533653846153846 0.125
0 0.8016826923076923 0.6802884615384616 0.0625 0.3004807692307692
0 0.6682692307692307 0.6802884615384616 0.06850961538461539 0.2247596153846154
0 0.5132211538461539 0.75 0.11057692307692307 0.17548076923076922
0 0.6935096153846154 0.8305288461538461 0.1201923076923077 0.24519230769230768
0 0.203125 0.8497596153846154 0.13822115384615385 0.12620192307692307
0 0.7524038461538461 0.8882211538461539 0.14423076923076922 0.13341346153846154
0 0.5612980769230769 0.9375 0.15144230769230768 0.1201923076923077
0 0.43028846153846156 0.9435096153846154 0.13942307692307693 0.10817307692307693
0 0.35216346153846156 0.9495192307692307 0.15144230769230768 0.09615384615384616
0 0.7920673076923077 0.10697115384615384 0.08774038461538461 0.21394230769230768
0 0.0889423076923077 0.12259615384615384 0.0985576923076923 0.2127403846153846