0 0.10817307692307693 0.15985576923076922 0.0889423076923077 0.3004807692307692
0 0.0829326923076923 0.17067307692307693 0.07451923076923077 0.2956730769230769
0 0.22115384615384615 0.35697115384615385 0.21033653846153846 0.22355769230769232
0 0.06129807692307692 0.3701923076923077 0.10576923076923077 0.22956730769230768
0 0.40024038461538464 0.4170673076923077 0.18269230769230768 0.24759615384615385
0 0.6658653846153846 0.45552884615384615 0.08173076923076923 0.33774038461538464
0 0.7992788461538461 0.47475961538461536 0.1045673076923077 0.3762019230769231
0 0.12379807692307693 0.5144230769230769 0.11057692307692307 0.23918269230769232
0 0.040865384615384616 0.6009615384615384 0.07932692307692307 0.22596153846153846
0 0.8245192307692307 0.6862980769230769 0.015625 0.06370192307692307
0 0.5 0.7451923076923077 0.11538461538461539 0.1935096153846154
0 0.7704326923076923 0.7487980769230769 0.06610576923076923 0.33413461538461536
0 0.28725961538461536 0.75 0.1502403846153846 0.16105769230769232
0 0.06490384615384616 0.7512019230769231 0.0733173076923077 0.28846153846153844
0 0.8112980769230769 0.8293269230769231 0.051682692307692304 0.19591346153846154
0 0.5865384615384616 0.8533653846153846 0.10096153846153846 0.2439903846153846
0 0.28725961538461536 0.9026442307692307 0.1466346153846154 0.18269230769230768
0 0.7019230769230769 0.90625 0.18389423076923078 0.15384615384615385
0 0.5733173076923077 0.13221153846153846 0.20793269230769232 0.26322115384615385