0 0.22235576923076922 0.2548076923076923 0.0889423076923077 0.3233173076923077
0 0.03365384615384615 0.30528846153846156 0.0673076923076923 0.23076923076923078
0 0.12980769230769232 0.3401442307692308 0.11298076923076923 0.23076923076923078
0 0.7836538461538461 0.3701923076923077 0.18028846153846154 0.22956730769230768
0 0.025240384615384616 0.49759615384615385 0.04927884615384615 0.28966346153846156
0 0.078125 0.5276442307692307 0.09254807692307693 0.23076923076923078
0 0.5288461538461539 0.7572115384615384 0.11057692307692307 0.2608173076923077
0 0.31850961538461536 0.7944711538461539 0.15625 0.19591346153846154
0 0.7608173076923077 0.7956730769230769 0.10216346153846154 0.25961538461538464
0 0.4831730769230769 0.8786057692307693 0.14543269230769232 0.15384615384615385
0 0.6418269230769231 0.9338942307692307 0.13942307692307693 0.12740384615384615
0 0.421875 0.9375 0.1658653846153846 0.1201923076923077
0 0.30528846153846156 0.9435096153846154 0.15625 0.11177884615384616
0 0.8112980769230769 0.11057692307692307 0.11298076923076923 0.22115384615384615