0 0.14302884615384615 0.15985576923076922 0.0889423076923077 0.2860576923076923
0 0.09495192307692307 0.20673076923076922 0.06370192307692307 0.3125
0 0.04447115384615385 0.23197115384615385 0.07932692307692307 0.2800480769230769
0 0.796875 0.29447115384615385 0.11057692307692307 0.36899038461538464
0 0.040865384615384616 0.33533653846153844 0.08173076923076923 0.2548076923076923
0 0.9699519230769231 0.35697115384615385 0.057692307692307696 0.2668269230769231
0 0.6923076923076923 0.41586538461538464 0.12980769230769232 0.33413461538461536
0 0.14182692307692307 0.4387019230769231 0.16947115384615385 0.13581730769230768
0 0.7584134615384616 0.6081730769230769 0.09495192307692307 0.2536057692307692
0 0.9603365384615384 0.609375 0.07692307692307693 0.25841346153846156
0 0.7956730769230769 0.6983173076923077 0.0733173076923077 0.2536057692307692
0 0.0625 0.7127403846153846 0.09014423076923077 0.2536057692307692
0 0.6790865384615384 0.8149038461538461 0.10697115384615384 0.2764423076923077
0 0.7512019230769231 0.8149038461538461 0.12620192307692307 0.1875
0 0.5612980769230769 0.8257211538461539 0.1201923076923077 0.23677884615384615
0 0.14543269230769232 0.9182692307692307 0.11778846153846154 0.13822115384615385
0 0.3076923076923077 0.9314903846153846 0.17307692307692307 0.13221153846153846
0 0.6923076923076923 0.12139423076923077 0.08653846153846154 0.24278846153846154
0 0.7740384615384616 0.12379807692307693 0.11778846153846154 0.24759615384615385