0 0.109375 0.18629807692307693 0.11778846153846154 0.34615384615384615
0 0.15865384615384615 0.359375 0.13341346153846154 0.31971153846153844
0 0.7800480769230769 0.38221153846153844 0.13341346153846154 0.32211538461538464
0 0.039663461538461536 0.43028846153846156 0.0625 0.2668269230769231
0 0.7680288461538461 0.4879807692307692 0.125 0.3137019230769231
0 0.7163461538461539 0.5384615384615384 0.12379807692307693 0.28846153846153844
0 0.07932692307692307 0.5576923076923077 0.07692307692307693 0.33774038461538464
0 0.7800480769230769 0.06850961538461539 0.07572115384615384 0.13701923076923078
0 0.6694711538461539 0.7283653846153846 0.17908653846153846 0.1622596153846154
0 0.9507211538461539 0.7391826923076923 0.08413461538461539 0.14903846153846154
0 0.796875 0.7596153846153846 0.05889423076923077 0.3004807692307692
0 0.7560096153846154 0.7944711538461539 0.06370192307692307 0.25841346153846156
0 0.5024038461538461 0.8293269230769231 0.16826923076923078 0.203125
0 0.6682692307692307 0.84375 0.14182692307692307 0.15745192307692307
0 0.30288461538461536 0.8689903846153846 0.15865384615384615 0.16346153846153846
0 0.21634615384615385 0.8858173076923077 0.11538461538461539 0.18870192307692307
0 0.2127403846153846 0.890625 0.1201923076923077 0.20552884615384615
0 0.49399038461538464 0.9242788461538461 0.17067307692307693 0.14903846153846154