0 0.04447115384615385 0.22355769230769232 0.0829326923076923 0.24639423076923078
0 0.07932692307692307 0.22355769230769232 0.07091346153846154 0.3161057692307692
0 0.22716346153846154 0.2403846153846154 0.08052884615384616 0.3581730769230769
0 0.29927884615384615 0.2848557692307692 0.11538461538461539 0.35216346153846156
0 0.7992788461538461 0.35336538461538464 0.09134615384615384 0.32211538461538464
0 0.06129807692307692 0.47596153846153844 0.09735576923076923 0.2644230769230769
0 0.04326923076923077 0.6682692307692307 0.07932692307692307 0.265625
0 0.6538461538461539 0.06971153846153846 0.20793269230769232 0.13942307692307693
0 0.7800480769230769 0.7908653846153846 0.07091346153846154 0.25721153846153844
0 0.2668269230769231 0.8786057692307693 0.12740384615384615 0.11778846153846154
0 0.6995192307692307 0.8822115384615384 0.125 0.12980769230769232
0 0.375 0.0889423076923077 0.1622596153846154 0.1778846153846154
0 0.5721153846153846 0.8990384615384616 0.171875 0.15264423076923078
0 0.7836538461538461 0.09134615384615384 0.06971153846153846 0.1814903846153846
0 0.41586538461538464 0.9098557692307693 0.1346153846153846 0.15264423076923078
0 0.2860576923076923 0.9699519230769231 0.15384615384615385 0.055288461538461536
0 0.11778846153846154 0.109375 0.10576923076923077 0.21875