0 0.11298076923076923 0.15745192307692307 0.1346153846153846 0.24519230769230768
0 0.0733173076923077 0.18269230769230768 0.09975961538461539 0.1935096153846154
0 0.06009615384615385 0.2932692307692308 0.09134615384615384 0.23557692307692307
0 0.038461538461538464 0.35216346153846156 0.07692307692307693 0.21995192307692307
0 0.1466346153846154 0.39302884615384615 0.13942307692307693 0.2536057692307692
0 0.7716346153846154 0.41346153846153844 0.10817307692307693 0.3629807692307692
0 0.04326923076923077 0.4495192307692308 0.08533653846153846 0.24278846153846154
0 0.054086538461538464 0.5600961538461539 0.10817307692307693 0.22596153846153846
0 0.7848557692307693 0.6658653846153846 0.11538461538461539 0.3137019230769231
0 0.040865384615384616 0.6790865384615384 0.07932692307692307 0.17307692307692307
0 0.3894230769230769 0.8040865384615384 0.19951923076923078 0.2283653846153846
0 0.29927884615384615 0.8185096153846154 0.19831730769230768 0.21634615384615385
0 0.19230769230769232 0.8605769230769231 0.078125 0.16706730769230768
0 0.78125 0.09254807692307693 0.09375 0.18509615384615385
0 0.5096153846153846 0.9278846153846154 0.16947115384615385 0.14302884615384615
0 0.17427884615384615 0.9435096153846154 0.17067307692307693 0.10817307692307693
0 0.7211538461538461 0.1310096153846154 0.1466346153846154 0.2620192307692308