0 0.14302884615384615 0.17307692307692307 0.1346153846153846 0.2764423076923077
0 0.7163461538461539 0.24879807692307693 0.14423076923076922 0.33533653846153844
0 0.06370192307692307 0.30528846153846156 0.09495192307692307 0.27524038461538464
0 0.8004807692307693 0.31009615384615385 0.0889423076923077 0.36899038461538464
0 0.9483173076923077 0.3485576923076923 0.04807692307692308 0.2848557692307692
0 0.4387019230769231 0.5564903846153846 0.12259615384615384 0.34375
0 0.040865384615384616 0.5889423076923077 0.08173076923076923 0.3076923076923077
0 0.7920673076923077 0.6670673076923077 0.07451923076923077 0.30528846153846156
0 0.7019230769230769 0.7512019230769231 0.12379807692307693 0.32572115384615385
0 0.5997596153846154 0.8209134615384616 0.11057692307692307 0.25600961538461536
0 0.7451923076923077 0.8521634615384616 0.13942307692307693 0.13341346153846154
0 0.2704326923076923 0.9290865384615384 0.109375 0.140625
0 0.49759615384615385 0.9399038461538461 0.17067307692307693 0.11057692307692307