0 0.07211538461538461 0.21153846153846154 0.09735576923076923 0.25240384615384615
0 0.06971153846153846 0.27524038461538464 0.11057692307692307 0.16466346153846154
0 0.056490384615384616 0.35697115384615385 0.08173076923076923 0.18269230769230768
0 0.9591346153846154 0.3605769230769231 0.06490384615384616 0.31971153846153844
0 0.13341346153846154 0.36658653846153844 0.13701923076923078 0.2283653846153846
0 0.7860576923076923 0.36778846153846156 0.11658653846153846 0.25
0 0.04567307692307692 0.45913461538461536 0.09134615384615384 0.25
0 0.09254807692307693 0.5805288461538461 0.09375 0.2403846153846154
0 0.052884615384615384 0.6430288461538461 0.10096153846153846 0.2403846153846154
0 0.7800480769230769 0.6514423076923077 0.1201923076923077 0.33413461538461536
0 0.38461538461538464 0.7860576923076923 0.1971153846153846 0.2824519230769231
0 0.2824519230769231 0.8401442307692307 0.1658653846153846 0.17908653846153846
0 0.7908653846153846 0.08653846153846154 0.08533653846153846 0.171875
0 0.09735576923076923 0.8677884615384616 0.07211538461538461 0.18870192307692307
0 0.20432692307692307 0.8774038461538461 0.09735576923076923 0.22115384615384615
0 0.16346153846153846 0.9507211538461539 0.10096153846153846 0.09375
0 0.7115384615384616 0.11538461538461539 0.11177884615384616 0.23076923076923078
0 0.9399038461538461 0.13581730769230768 0.07091346153846154 0.26802884615384615
0 0.10817307692307693 0.13701923076923078 0.13221153846153846 0.2283653846153846