0 0.07091346153846154 0.16346153846153846 0.09014423076923077 0.22355769230769232
0 0.2704326923076923 0.17548076923076922 0.1875 0.15865384615384615
0 0.06009615384615385 0.27283653846153844 0.1141826923076923 0.2548076923076923
0 0.0829326923076923 0.5120192307692307 0.08653846153846154 0.20072115384615385
0 0.0625 0.5853365384615384 0.06610576923076923 0.18028846153846154
0 0.042067307692307696 0.6418269230769231 0.07932692307692307 0.18269230769230768
0 0.7980769230769231 0.7548076923076923 0.08774038461538461 0.32572115384615385
0 0.22956730769230768 0.8629807692307693 0.07451923076923077 0.22716346153846154
0 0.33052884615384615 0.921875 0.15625 0.15144230769230768
0 0.09375 0.10096153846153846 0.10096153846153846 0.20072115384615385
0 0.1658653846153846 0.13581730769230768 0.07211538461538461 0.24639423076923078