0 0.25 0.25 0.13822115384615385 0.25841346153846156
0 0.1971153846153846 0.25240384615384615 0.07692307692307693 0.2439903846153846
0 0.10697115384615384 0.27884615384615385 0.09375 0.21995192307692307
0 0.09254807692307693 0.35096153846153844 0.09735576923076923 0.2512019230769231
0 0.7163461538461539 0.37259615384615385 0.17908653846153846 0.19831730769230768
0 0.03365384615384615 0.46634615384615385 0.06610576923076923 0.20552884615384615
0 0.0889423076923077 0.4675480769230769 0.1310096153846154 0.18028846153846154
0 0.05048076923076923 0.640625 0.10096153846153846 0.22716346153846154
0 0.24759615384615385 0.8137019230769231 0.11177884615384616 0.16346153846153846
0 0.7427884615384616 0.8449519230769231 0.13221153846153846 0.18389423076923078
0 0.38341346153846156 0.8617788461538461 0.18990384615384615 0.15504807692307693
0 0.515625 0.9278846153846154 0.10096153846153846 0.10096153846153846
0 0.27884615384615385 0.9495192307692307 0.15384615384615385 0.09615384615384616
0 0.4098557692307692 0.9567307692307693 0.19951923076923078 0.08173076923076923
0 0.34375 0.13701923076923078 0.14903846153846154 0.27403846153846156