0 0.3641826923076923 0.20793269230769232 0.16826923076923078 0.2704326923076923
0 0.054086538461538464 0.28966346153846156 0.09495192307692307 0.18509615384615385
0 0.4110576923076923 0.3894230769230769 0.10576923076923077 0.35697115384615385
0 0.2932692307692308 0.4543269230769231 0.1622596153846154 0.2824519230769231
0 0.8088942307692307 0.4891826923076923 0.04927884615384615 0.3425480769230769
0 0.7319711538461539 0.49038461538461536 0.07572115384615384 0.3641826923076923
0 0.6875 0.4951923076923077 0.15384615384615385 0.2439903846153846
0 0.0733173076923077 0.5372596153846154 0.09254807692307693 0.12379807692307693
0 0.04807692307692308 0.6129807692307693 0.09615384615384616 0.25600961538461536
0 0.7884615384615384 0.7560096153846154 0.06009615384615385 0.21033653846153846
0 0.3545673076923077 0.9362980769230769 0.1502403846153846 0.12620192307692307
0 0.2283653846153846 0.9387019230769231 0.11778846153846154 0.12139423076923077
0 0.484375 0.9399038461538461 0.16105769230769232 0.11658653846153846
0 0.11177884615384616 0.13221153846153846 0.13341346153846154 0.13701923076923078