0 0.05048076923076923 0.22355769230769232 0.09014423076923077 0.2644230769230769
0 0.22596153846153846 0.23798076923076922 0.17427884615384615 0.29447115384615385
0 0.7103365384615384 0.3076923076923077 0.13221153846153846 0.39663461538461536
0 0.03365384615384615 0.3545673076923077 0.06610576923076923 0.2776442307692308
0 0.41346153846153844 0.5180288461538461 0.23197115384615385 0.234375
0 0.8076923076923077 0.6923076923076923 0.11899038461538461 0.3245192307692308
0 0.6045673076923077 0.7211538461538461 0.15625 0.1502403846153846
0 0.7367788461538461 0.84375 0.14302884615384615 0.18990384615384615
0 0.5913461538461539 0.8497596153846154 0.15504807692307693 0.16466346153846154
0 0.23317307692307693 0.9194711538461539 0.09014423076923077 0.11057692307692307
0 0.33653846153846156 0.9242788461538461 0.1466346153846154 0.14903846153846154
0 0.4951923076923077 0.9242788461538461 0.17548076923076922 0.14903846153846154
0 0.7764423076923077 0.11298076923076923 0.09735576923076923 0.2247596153846154