0 0.039663461538461536 0.18269230769230768 0.07091346153846154 0.20793269230769232
0 0.22716346153846154 0.21514423076923078 0.109375 0.38341346153846156
0 0.07932692307692307 0.21995192307692307 0.0673076923076923 0.2956730769230769
0 0.3076923076923077 0.30528846153846156 0.1310096153846154 0.3701923076923077
0 0.7860576923076923 0.36177884615384615 0.09495192307692307 0.3581730769230769
0 0.0625 0.47596153846153844 0.09615384615384616 0.2536057692307692
0 0.9483173076923077 0.5637019230769231 0.08774038461538461 0.16346153846153846
0 0.04447115384615385 0.640625 0.07091346153846154 0.23557692307692307
0 0.6430288461538461 0.07451923076923077 0.23317307692307693 0.14903846153846154
0 0.7860576923076923 0.7908653846153846 0.11658653846153846 0.25841346153846156
0 0.3786057692307692 0.0829326923076923 0.16947115384615385 0.1658653846153846
0 0.2860576923076923 0.8701923076923077 0.12379807692307693 0.15144230769230768
0 0.6959134615384616 0.8882211538461539 0.14182692307692307 0.17548076923076922
0 0.5661057692307693 0.9086538461538461 0.13701923076923078 0.1814903846153846
0 0.41586538461538464 0.9146634615384616 0.15865384615384615 0.1658653846153846
0 0.78125 0.09495192307692307 0.06971153846153846 0.15144230769230768
0 0.25841346153846156 0.9651442307692307 0.10336538461538461 0.06490384615384616
0 0.11177884615384616 0.11177884615384616 0.0985576923076923 0.22115384615384615