0 0.10336538461538461 0.1971153846153846 0.0985576923076923 0.2644230769230769
0 0.042067307692307696 0.34375 0.06129807692307692 0.2512019230769231
0 0.390625 0.4098557692307692 0.2091346153846154 0.17427884615384615
0 0.10817307692307693 0.45072115384615385 0.08173076923076923 0.27403846153846156
0 0.7175480769230769 0.5649038461538461 0.12620192307692307 0.18990384615384615
0 0.04927884615384615 0.6201923076923077 0.07091346153846154 0.2860576923076923
0 0.6754807692307693 0.06370192307692307 0.12980769230769232 0.12740384615384615
0 0.47596153846153844 0.6959134615384616 0.08173076923076923 0.28966346153846156
0 0.7908653846153846 0.765625 0.09134615384615384 0.27524038461538464
0 0.5961538461538461 0.9302884615384616 0.15504807692307693 0.11899038461538461
0 0.38341346153846156 0.9338942307692307 0.16947115384615385 0.1310096153846154
0 0.34615384615384615 0.10817307692307693 0.1778846153846154 0.21634615384615385