0 0.16346153846153846 0.20793269230769232 0.11538461538461539 0.25961538461538464
0 0.19831730769230768 0.24639423076923078 0.09975961538461539 0.25240384615384615
0 0.27163461538461536 0.2536057692307692 0.14783653846153846 0.32091346153846156
0 0.09615384615384616 0.25600961538461536 0.054086538461538464 0.31971153846153844
0 0.08413461538461539 0.375 0.05048076923076923 0.2860576923076923
0 0.030048076923076924 0.4543269230769231 0.06009615384615385 0.23076923076923078
0 0.19591346153846154 0.04927884615384615 0.17548076923076922 0.0985576923076923
0 0.06850961538461539 0.47596153846153844 0.0625 0.19831730769230768
0 0.8125 0.5012019230769231 0.09375 0.3161057692307692
0 0.04927884615384615 0.6454326923076923 0.0985576923076923 0.3137019230769231
0 0.2824519230769231 0.7728365384615384 0.18389423076923078 0.1658653846153846
0 0.75 0.84375 0.12259615384615384 0.18990384615384615
0 0.17548076923076922 0.9002403846153846 0.10697115384615384 0.14302884615384615
0 0.5552884615384616 0.9194711538461539 0.17427884615384615 0.140625
0 0.40384615384615385 0.9302884615384616 0.1346153846153846 0.1346153846153846
0 0.2668269230769231 0.9495192307692307 0.17307692307692307 0.09615384615384616