0 0.078125 0.2439903846153846 0.10096153846153846 0.23317307692307693
0 0.038461538461538464 0.37740384615384615 0.07692307692307693 0.25721153846153844
0 0.14302884615384615 0.39783653846153844 0.1141826923076923 0.296875
0 0.3605769230769231 0.40625 0.13341346153846154 0.39903846153846156
0 0.7632211538461539 0.7620192307692307 0.054086538461538464 0.2620192307692308
0 0.6225961538461539 0.7620192307692307 0.10336538461538461 0.14543269230769232
0 0.3557692307692308 0.8016826923076923 0.13942307692307693 0.21033653846153846
0 0.5036057692307693 0.8245192307692307 0.09134615384615384 0.28966346153846156
0 0.27524038461538464 0.8497596153846154 0.08774038461538461 0.21033653846153846
0 0.421875 0.8689903846153846 0.15384615384615385 0.12980769230769232
0 0.5961538461538461 0.9026442307692307 0.12860576923076922 0.16105769230769232
0 0.1045673076923077 0.11177884615384616 0.0889423076923077 0.22355769230769232
0 0.7259615384615384 0.1310096153846154 0.15985576923076922 0.2620192307692308