0 0.10336538461538461 0.14423076923076922 0.12379807692307693 0.17908653846153846
0 0.06850961538461539 0.18389423076923078 0.06129807692307692 0.21033653846153846
0 0.054086538461538464 0.2536057692307692 0.07451923076923077 0.17668269230769232
0 0.78125 0.3762019230769231 0.11899038461538461 0.2692307692307692
0 0.14182692307692307 0.3762019230769231 0.13341346153846154 0.18629807692307693
0 0.03365384615384615 0.4411057692307692 0.06610576923076923 0.265625
0 0.08653846153846154 0.5540865384615384 0.07451923076923077 0.19230769230769232
0 0.038461538461538464 0.6442307692307693 0.06490384615384616 0.2704326923076923
0 0.7860576923076923 0.6706730769230769 0.09495192307692307 0.33774038461538464
0 0.3870192307692308 0.7848557692307693 0.17908653846153846 0.27283653846153844
0 0.09014423076923077 0.8401442307692307 0.05889423076923077 0.203125
0 0.28725961538461536 0.8461538461538461 0.15625 0.18028846153846154
0 0.21033653846153846 0.8990384615384616 0.08413461538461539 0.1971153846153846
0 0.7908653846153846 0.09375 0.1201923076923077 0.1875
0 0.15144230769230768 0.9543269230769231 0.1310096153846154 0.09014423076923077
0 0.7091346153846154 0.12620192307692307 0.12860576923076922 0.25240384615384615