0 0.1346153846153846 0.19951923076923078 0.09975961538461539 0.16466346153846154
0 0.27524038461538464 0.24759615384615385 0.15384615384615385 0.2824519230769231
0 0.20192307692307693 0.24759615384615385 0.09735576923076923 0.17067307692307693
0 0.09375 0.38221153846153844 0.10697115384615384 0.27283653846153844
0 0.7319711538461539 0.4026442307692308 0.13942307692307693 0.3004807692307692
0 0.06490384615384616 0.484375 0.11298076923076923 0.15865384615384615
0 0.037259615384615384 0.6298076923076923 0.07451923076923077 0.3076923076923077
0 0.9519230769230769 0.6382211538461539 0.0673076923076923 0.24519230769230768
0 0.21995192307692307 0.0829326923076923 0.20072115384615385 0.10576923076923077
0 0.6911057692307693 0.8317307692307693 0.09975961538461539 0.31971153846153844
0 0.2548076923076923 0.84375 0.14903846153846154 0.22355769230769232
0 0.7692307692307693 0.8473557692307693 0.09014423076923077 0.15504807692307693
0 0.5408653846153846 0.9098557692307693 0.20673076923076922 0.16105769230769232
0 0.28365384615384615 0.9615384615384616 0.15384615384615385 0.07211538461538461