0 0.2824519230769231 0.24759615384615385 0.16947115384615385 0.31850961538461536
0 0.10697115384615384 0.265625 0.07572115384615384 0.2824519230769231
0 0.20432692307692307 0.2668269230769231 0.11658653846153846 0.26802884615384615
0 0.042067307692307696 0.3233173076923077 0.08413461538461539 0.22596153846153846
0 0.7536057692307693 0.39663461538461536 0.14182692307692307 0.25600961538461536
0 0.08173076923076923 0.4891826923076923 0.125 0.16826923076923078
0 0.05048076923076923 0.6201923076923077 0.09375 0.27524038461538464
0 0.2644230769230769 0.8533653846153846 0.11899038461538461 0.17548076923076922
0 0.7463942307692307 0.8762019230769231 0.1502403846153846 0.11538461538461539
0 0.5649038461538461 0.8978365384615384 0.1971153846153846 0.13581730769230768
0 0.4098557692307692 0.9471153846153846 0.1658653846153846 0.10336538461538461