0 0.27524038461538464 0.14783653846153846 0.18509615384615385 0.15865384615384615
0 0.07572115384615384 0.17307692307692307 0.10096153846153846 0.2403846153846154
0 0.06971153846153846 0.30528846153846156 0.1141826923076923 0.21394230769230768
0 0.0829326923076923 0.515625 0.1045673076923077 0.21033653846153846
0 0.05048076923076923 0.5649038461538461 0.07692307692307693 0.18509615384615385
0 0.7944711538461539 0.7524038461538461 0.09254807692307693 0.3161057692307692
0 0.09495192307692307 0.8786057692307693 0.078125 0.20793269230769232
0 0.2776442307692308 0.8822115384615384 0.16466346153846154 0.21875
0 0.2091346153846154 0.9050480769230769 0.0985576923076923 0.1310096153846154
0 0.18028846153846154 0.9326923076923077 0.07572115384615384 0.13221153846153846
0 0.09615384615384616 0.1141826923076923 0.10096153846153846 0.21033653846153846
0 0.1622596153846154 0.13341346153846154 0.078125 0.2668269230769231