0 0.7980769230769231 0.15504807692307693 0.0829326923076923 0.2776442307692308
0 0.5985576923076923 0.15985576923076922 0.08653846153846154 0.31971153846153844
0 0.6550480769230769 0.203125 0.06610576923076923 0.3942307692307692
0 0.7307692307692307 0.234375 0.11177884615384616 0.40865384615384615
0 0.056490384615384616 0.2692307692307692 0.1045673076923077 0.20673076923076922
0 0.45552884615384615 0.2932692307692308 0.1045673076923077 0.3112980769230769
0 0.21754807692307693 0.3545673076923077 0.109375 0.3641826923076923
0 0.7115384615384616 0.3557692307692308 0.08173076923076923 0.31850961538461536
0 0.7932692307692307 0.40384615384615385 0.09375 0.296875
0 0.04807692307692308 0.546875 0.078125 0.2704326923076923
0 0.8052884615384616 0.6658653846153846 0.10096153846153846 0.25841346153846156
0 0.4519230769230769 0.8293269230769231 0.17548076923076922 0.19591346153846154
0 0.2608173076923077 0.8461538461538461 0.10096153846153846 0.25600961538461536
0 0.671875 0.890625 0.11658653846153846 0.15144230769230768
0 0.7475961538461539 0.8930288461538461 0.12259615384615384 0.2127403846153846
0 0.19951923076923078 0.9194711538461539 0.09735576923076923 0.0985576923076923
0 0.45552884615384615 0.9242788461538461 0.12980769230769232 0.1502403846153846
0 0.5576923076923077 0.9350961538461539 0.14903846153846154 0.125
0 0.15144230769230768 0.13221153846153846 0.14182692307692307 0.23076923076923078