0 0.19951923076923078 0.14783653846153846 0.16947115384615385 0.17548076923076922
0 0.5973557692307693 0.203125 0.13221153846153846 0.3798076923076923
0 0.4651442307692308 0.21514423076923078 0.11177884615384616 0.43028846153846156
0 0.04567307692307692 0.30288461538461536 0.09014423076923077 0.2860576923076923
0 0.1875 0.36538461538461536 0.18629807692307693 0.24278846153846154
0 0.31009615384615385 0.43028846153846156 0.17307692307692307 0.38100961538461536
0 0.03365384615384615 0.5096153846153846 0.06610576923076923 0.3173076923076923
0 0.9759615384615384 0.6514423076923077 0.04567307692307692 0.08653846153846154
0 0.5072115384615384 0.7103365384615384 0.18028846153846154 0.30408653846153844
0 0.9735576923076923 0.7439903846153846 0.04807692307692308 0.12259615384615384
0 0.7824519230769231 0.7800480769230769 0.10096153846153846 0.328125
0 0.9290865384615384 0.7836538461538461 0.056490384615384616 0.12620192307692307
0 0.08052884615384616 0.7896634615384616 0.0733173076923077 0.17548076923076922
0 0.609375 0.875 0.13341346153846154 0.24759615384615385
0 0.1622596153846154 0.9206730769230769 0.1466346153846154 0.15504807692307693
0 0.41346153846153844 0.9242788461538461 0.18028846153846154 0.14903846153846154
0 0.3269230769230769 0.9399038461538461 0.18629807692307693 0.11658653846153846