0 0.12980769230769232 0.16466346153846154 0.11778846153846154 0.19831730769230768
0 0.6237980769230769 0.1814903846153846 0.18269230769230768 0.3629807692307692
0 0.22355769230769232 0.23076923076923078 0.13942307692307693 0.30528846153846156
0 0.06009615384615385 0.24278846153846154 0.07932692307692307 0.23076923076923078
0 0.1346153846153846 0.34375 0.12379807692307693 0.19591346153846154
0 0.04807692307692308 0.3605769230769231 0.09495192307692307 0.22355769230769232
0 0.056490384615384616 0.6490384615384616 0.06370192307692307 0.22355769230769232
0 0.3473557692307692 0.6598557692307693 0.2091346153846154 0.21634615384615385
0 0.7908653846153846 0.7019230769230769 0.10336538461538461 0.27524038461538464
0 0.7391826923076923 0.8629807692307693 0.15745192307692307 0.14423076923076922
0 0.5973557692307693 0.8677884615384616 0.1658653846153846 0.23076923076923078
0 0.24759615384615385 0.9338942307692307 0.11538461538461539 0.12740384615384615
0 0.3485576923076923 0.9435096153846154 0.15865384615384615 0.10817307692307693
0 0.7800480769230769 0.12139423076923077 0.11298076923076923 0.24278846153846154