0 0.02403846153846154 0.20793269230769232 0.046875 0.23918269230769232
0 0.9627403846153846 0.34375 0.06971153846153846 0.2932692307692308
0 0.171875 0.4110576923076923 0.13822115384615385 0.27884615384615385
0 0.6201923076923077 0.04326923076923077 0.07211538461538461 0.08653846153846154
0 0.05048076923076923 0.04447115384615385 0.0985576923076923 0.0829326923076923
0 0.3942307692307692 0.4651442307692308 0.1310096153846154 0.3870192307692308
0 0.042067307692307696 0.4723557692307692 0.08413461538461539 0.28966346153846156
0 0.7788461538461539 0.5540865384615384 0.12980769230769232 0.25
0 0.9483173076923077 0.6069711538461539 0.07572115384615384 0.2403846153846154
0 0.9831730769230769 0.6358173076923077 0.028846153846153848 0.20432692307692307
0 0.0733173076923077 0.7295673076923077 0.07572115384615384 0.2283653846153846
0 0.6935096153846154 0.7487980769230769 0.16947115384615385 0.18269230769230768
0 0.9615384615384616 0.7596153846153846 0.07451923076923077 0.13581730769230768
0 0.9254807692307693 0.78125 0.042067307692307696 0.15745192307692307
0 0.2848557692307692 0.7872596153846154 0.1502403846153846 0.17307692307692307
0 0.7860576923076923 0.796875 0.10096153846153846 0.25600961538461536
0 0.6045673076923077 0.8173076923076923 0.0733173076923077 0.1971153846153846
0 0.45552884615384615 0.8545673076923077 0.16826923076923078 0.28846153846153844
0 0.12139423076923077 0.9074519230769231 0.13701923076923078 0.18028846153846154
0 0.31971153846153844 0.9086538461538461 0.11899038461538461 0.17908653846153846
0 0.6550480769230769 0.9122596153846154 0.18509615384615385 0.17067307692307693
0 0.1935096153846154 0.9170673076923077 0.13942307692307693 0.16346153846153846
0 0.4206730769230769 0.9507211538461539 0.19951923076923078 0.09615384615384616
0 0.9627403846153846 0.10336538461538461 0.06971153846153846 0.20673076923076922
0 0.7379807692307693 0.109375 0.2127403846153846 0.21875
0 0.13822115384615385 0.11778846153846154 0.07692307692307693 0.19591346153846154
0 0.5697115384615384 0.12620192307692307 0.11538461538461539 0.24519230769230768