0 0.19471153846153846 0.16105769230769232 0.13221153846153846 0.19591346153846154
0 0.4807692307692308 0.203125 0.17427884615384615 0.33533653846153844
0 0.8064903846153846 0.296875 0.08413461538461539 0.41947115384615385
0 0.057692307692307696 0.31971153846153844 0.11538461538461539 0.2439903846153846
0 0.17307692307692307 0.3425480769230769 0.1310096153846154 0.28966346153846156
0 0.27884615384615385 0.3701923076923077 0.20072115384615385 0.1971153846153846
0 0.03125 0.5048076923076923 0.0625 0.3125
0 0.0673076923076923 0.7860576923076923 0.07692307692307693 0.2127403846153846
0 0.7680288461538461 0.8028846153846154 0.13221153846153846 0.3137019230769231
0 0.6923076923076923 0.8149038461538461 0.06490384615384616 0.34615384615384615
0 0.1814903846153846 0.9362980769230769 0.11658653846153846 0.12620192307692307
0 0.4338942307692308 0.9362980769230769 0.17427884615384615 0.12620192307692307
0 0.2956730769230769 0.9447115384615384 0.13581730769230768 0.10697115384615384