0 0.0625 0.20072115384615385 0.10697115384615384 0.21754807692307693
0 0.8064903846153846 0.23798076923076922 0.09254807692307693 0.26322115384615385
0 0.7475961538461539 0.3088942307692308 0.12980769230769232 0.2932692307692308
0 0.21754807692307693 0.39783653846153844 0.14543269230769232 0.3389423076923077
0 0.0889423076923077 0.42908653846153844 0.07451923076923077 0.21514423076923078
0 0.35096153846153844 0.49399038461538464 0.21634615384615385 0.40024038461538464
0 0.7331730769230769 0.5120192307692307 0.0889423076923077 0.32572115384615385
0 0.0733173076923077 0.5901442307692307 0.08413461538461539 0.1971153846153846
0 0.703125 0.5913461538461539 0.07572115384615384 0.30288461538461536
0 0.7920673076923077 0.5925480769230769 0.08173076923076923 0.29086538461538464
0 0.7355769230769231 0.7704326923076923 0.11778846153846154 0.2644230769230769
0 0.21875 0.8497596153846154 0.12259615384615384 0.1466346153846154
0 0.6334134615384616 0.8617788461538461 0.171875 0.1778846153846154
0 0.20793269230769232 0.9399038461538461 0.12860576923076922 0.11899038461538461
0 0.40024038461538464 0.9399038461538461 0.17668269230769232 0.11899038461538461