0 0.7403846153846154 0.16826923076923078 0.140625 0.21875
0 0.6574519230769231 0.27283653846153844 0.1658653846153846 0.21394230769230768
0 0.15144230769230768 0.31850961538461536 0.14543269230769232 0.2704326923076923
0 0.7836538461538461 0.41225961538461536 0.06009615384615385 0.29927884615384615
0 0.08413461538461539 0.4519230769230769 0.0889423076923077 0.1466346153846154
0 0.41586538461538464 0.5901442307692307 0.10576923076923077 0.3317307692307692
0 0.6971153846153846 0.6081730769230769 0.15625 0.24639423076923078
0 0.7956730769230769 0.7139423076923077 0.08413461538461539 0.27524038461538464
0 0.08413461538461539 0.8004807692307693 0.06129807692307692 0.13221153846153846
0 0.671875 0.8064903846153846 0.14423076923076922 0.15264423076923078
0 0.18509615384615385 0.8653846153846154 0.08653846153846154 0.15144230769230768
0 0.5540865384615384 0.8846153846153846 0.10216346153846154 0.2283653846153846
0 0.671875 0.8870192307692307 0.18990384615384615 0.13942307692307693
0 0.2980769230769231 0.9122596153846154 0.09014423076923077 0.171875
0 0.4543269230769231 0.9447115384615384 0.12139423076923077 0.10697115384615384