0 0.16826923076923078 0.16105769230769232 0.16826923076923078 0.171875
0 0.29086538461538464 0.18629807692307693 0.11658653846153846 0.35697115384615385
0 0.05048076923076923 0.30649038461538464 0.10096153846153846 0.28846153846153844
0 0.18870192307692307 0.3545673076923077 0.12379807692307693 0.2247596153846154
0 0.26802884615384615 0.41466346153846156 0.13341346153846154 0.13221153846153846
0 0.7127403846153846 0.47716346153846156 0.11057692307692307 0.3762019230769231
0 0.037259615384615384 0.5108173076923077 0.07451923076923077 0.30288461538461536
0 0.42908653846153844 0.6153846153846154 0.16706730769230768 0.29447115384615385
0 0.39903846153846156 0.6322115384615384 0.09495192307692307 0.3894230769230769
0 0.09375 0.8173076923076923 0.07932692307692307 0.21754807692307693
0 0.7427884615384616 0.8786057692307693 0.16947115384615385 0.18629807692307693
0 0.1814903846153846 0.8978365384615384 0.09134615384615384 0.109375
0 0.4206730769230769 0.9423076923076923 0.15745192307692307 0.0985576923076923
0 0.31009615384615385 0.9483173076923077 0.14543269230769232 0.09975961538461539