0 0.7860576923076923 0.14302884615384615 0.11538461538461539 0.2860576923076923
0 0.5889423076923077 0.1466346153846154 0.12980769230769232 0.2932692307692308
0 0.6526442307692307 0.18269230769230768 0.08052884615384616 0.36538461538461536
0 0.7223557692307693 0.19591346153846154 0.10697115384615384 0.3581730769230769
0 0.7139423076923077 0.36177884615384615 0.0829326923076923 0.2608173076923077
0 0.037259615384615384 0.36538461538461536 0.0733173076923077 0.28125
0 0.22355769230769232 0.38341346153846156 0.125 0.3245192307692308
0 0.7872596153846154 0.41466346153846156 0.12740384615384615 0.3112980769230769
0 0.3269230769230769 0.47475961538461536 0.17548076923076922 0.2776442307692308
0 0.040865384615384616 0.6129807692307693 0.06490384615384616 0.22716346153846154
0 0.7788461538461539 0.6610576923076923 0.08653846153846154 0.2764423076923077
0 0.6298076923076923 0.7584134615384616 0.18509615384615385 0.18028846153846154
0 0.4483173076923077 0.8245192307692307 0.17668269230769232 0.21394230769230768
0 0.6526442307692307 0.8810096153846154 0.10576923076923077 0.17548076923076922
0 0.7475961538461539 0.8978365384615384 0.10216346153846154 0.13822115384615385
0 0.5588942307692307 0.9254807692307693 0.12259615384615384 0.11057692307692307
0 0.25 0.9302884615384616 0.16346153846153846 0.1346153846153846
0 0.44471153846153844 0.9375 0.15384615384615385 0.1201923076923077
0 0.13942307692307693 0.13822115384615385 0.125 0.2764423076923077