0 0.09975961538461539 0.14182692307692307 0.13221153846153846 0.25240384615384615
0 0.06610576923076923 0.296875 0.09615384615384616 0.24278846153846154
0 0.13942307692307693 0.38221153846153844 0.12139423076923077 0.23317307692307693
0 0.7776442307692307 0.3894230769230769 0.13221153846153846 0.27524038461538464
0 0.037259615384615384 0.44591346153846156 0.07451923076923077 0.25240384615384615
0 0.09254807692307693 0.5612980769230769 0.0733173076923077 0.19471153846153846
0 0.7908653846153846 0.6754807692307693 0.08052884615384616 0.29086538461538464
0 0.390625 0.7776442307692307 0.16346153846153846 0.27283653846153844
0 0.28966346153846156 0.8569711538461539 0.15625 0.17427884615384615
0 0.7920673076923077 0.08653846153846154 0.0985576923076923 0.17307692307692307
0 0.6995192307692307 0.12379807692307693 0.1045673076923077 0.24759615384615385