0 0.10697115384615384 0.14423076923076922 0.11778846153846154 0.25600961538461536
0 0.2704326923076923 0.23317307692307693 0.20192307692307693 0.15745192307692307
0 0.7199519230769231 0.24519230769230768 0.14903846153846154 0.3269230769230769
0 0.09975961538461539 0.26322115384615385 0.125 0.21754807692307693
0 0.7896634615384616 0.30288461538461536 0.078125 0.3786057692307692
0 0.3088942307692308 0.4182692307692308 0.20192307692307693 0.21394230769230768
0 0.44591346153846156 0.5637019230769231 0.12139423076923077 0.33052884615384615
0 0.796875 0.6790865384615384 0.06971153846153846 0.28365384615384615
0 0.7536057692307693 0.7680288461538461 0.12139423076923077 0.25961538461538464
0 0.6334134615384616 0.8846153846153846 0.15625 0.22596153846153846
0 0.47716346153846156 0.9158653846153846 0.17067307692307693 0.16346153846153846
0 0.34975961538461536 0.9411057692307693 0.17067307692307693 0.11298076923076923