0 0.7259615384615384 0.15504807692307693 0.09375 0.22956730769230768
0 0.7163461538461539 0.27283653846153844 0.15865384615384615 0.2548076923076923
0 0.6237980769230769 0.29086538461538464 0.16706730769230768 0.30649038461538464
0 0.3942307692307692 0.33052884615384615 0.1310096153846154 0.28725961538461536
0 0.7692307692307693 0.5300480769230769 0.09975961538461539 0.3737980769230769
0 0.7271634615384616 0.5360576923076923 0.10576923076923077 0.33052884615384615
0 0.03125 0.5901442307692307 0.06129807692307692 0.27283653846153844
0 0.8125 0.609375 0.04447115384615385 0.35336538461538464
0 0.47836538461538464 0.6153846153846154 0.14423076923076922 0.2403846153846154
0 0.5697115384615384 0.06370192307692307 0.1935096153846154 0.12740384615384615
0 0.07932692307692307 0.6442307692307693 0.056490384615384616 0.25600961538461536
0 0.6983173076923077 0.6646634615384616 0.10576923076923077 0.2283653846153846
0 0.6598557692307693 0.7067307692307693 0.15264423076923078 0.234375
0 0.7463942307692307 0.7463942307692307 0.06971153846153846 0.16826923076923078
0 0.5420673076923077 0.7512019230769231 0.1875 0.1502403846153846
0 0.7824519230769231 0.8016826923076923 0.08653846153846154 0.17668269230769232
0 0.42908653846153844 0.8569711538461539 0.12139423076923077 0.21033653846153846
0 0.35216346153846156 0.8605769230769231 0.13942307692307693 0.203125
0 0.47596153846153844 0.8966346153846154 0.09495192307692307 0.14903846153846154
0 0.6526442307692307 0.8990384615384616 0.10096153846153846 0.1814903846153846
0 0.24879807692307693 0.9254807692307693 0.1201923076923077 0.12980769230769232
0 0.5504807692307693 0.9435096153846154 0.14423076923076922 0.10817307692307693
0 0.6105769230769231 0.13822115384615385 0.17307692307692307 0.15384615384615385