0 0.14783653846153846 0.140625 0.09014423076923077 0.2692307692307692
0 0.6911057692307693 0.14302884615384615 0.08413461538461539 0.27403846153846156
0 0.0829326923076923 0.18028846153846154 0.078125 0.23076923076923078
0 0.8076923076923077 0.29447115384615385 0.10576923076923077 0.2932692307692308
0 0.12860576923076922 0.3786057692307692 0.14302884615384615 0.22355769230769232
0 0.7091346153846154 0.4206730769230769 0.10336538461538461 0.31009615384615385
0 0.4254807692307692 0.43509615384615385 0.07211538461538461 0.2956730769230769
0 0.7584134615384616 0.5985576923076923 0.10096153846153846 0.2692307692307692
0 0.06129807692307692 0.6899038461538461 0.0733173076923077 0.29086538461538464
0 0.796875 0.7007211538461539 0.0733173076923077 0.25
0 0.6875 0.8064903846153846 0.10096153846153846 0.27403846153846156
0 0.7572115384615384 0.8137019230769231 0.1141826923076923 0.20552884615384615
0 0.546875 0.8653846153846154 0.09134615384615384 0.26802884615384615
0 0.31009615384615385 0.9278846153846154 0.14903846153846154 0.13942307692307693
0 0.7668269230769231 0.11538461538461539 0.0985576923076923 0.23076923076923078