0 0.6995192307692307 0.19951923076923078 0.16947115384615385 0.22115384615384615
0 0.5216346153846154 0.21634615384615385 0.21394230769230768 0.16346153846153846
0 0.25841346153846156 0.296875 0.15504807692307693 0.40865384615384615
0 0.037259615384615384 0.4170673076923077 0.07451923076923077 0.30408653846153844
0 0.43509615384615385 0.5769230769230769 0.16466346153846154 0.33653846153846156
0 0.7944711538461539 0.5817307692307693 0.11899038461538461 0.28365384615384615
0 0.06009615384615385 0.6310096153846154 0.06850961538461539 0.2860576923076923
0 0.7764423076923077 0.7764423076923077 0.09014423076923077 0.24278846153846154
0 0.2644230769230769 0.7836538461538461 0.13701923076923078 0.14543269230769232
0 0.5528846153846154 0.8713942307692307 0.07692307692307693 0.25240384615384615
0 0.7259615384615384 0.09014423076923077 0.14302884615384615 0.17908653846153846
0 0.20432692307692307 0.9194711538461539 0.11899038461538461 0.1466346153846154
0 0.40865384615384615 0.9375 0.16826923076923078 0.1201923076923077
0 0.8112980769230769 0.12620192307692307 0.09735576923076923 0.25240384615384615