0 0.08533653846153846 0.22235576923076922 0.09014423076923077 0.3088942307692308
0 0.23197115384615385 0.2439903846153846 0.056490384615384616 0.4254807692307692
0 0.2956730769230769 0.2920673076923077 0.1045673076923077 0.3173076923076923
0 0.7764423076923077 0.3629807692307692 0.1141826923076923 0.36778846153846156
0 0.0625 0.46033653846153844 0.10216346153846154 0.23918269230769232
0 0.7860576923076923 0.7872596153846154 0.10697115384615384 0.2536057692307692
0 0.6971153846153846 0.8930288461538461 0.13822115384615385 0.16947115384615385
0 0.2668269230769231 0.8978365384615384 0.15144230769230768 0.14182692307692307
0 0.5649038461538461 0.9074519230769231 0.15865384615384615 0.18028846153846154
0 0.41346153846153844 0.9170673076923077 0.1814903846153846 0.1622596153846154
0 0.6658653846153846 0.10096153846153846 0.2403846153846154 0.20192307692307693
0 0.37740384615384615 0.11298076923076923 0.17427884615384615 0.2247596153846154