0 0.09975961538461539 0.18990384615384615 0.0889423076923077 0.31850961538461536
0 0.037259615384615384 0.18990384615384615 0.07451923076923077 0.25961538461538464
0 0.14543269230769232 0.3894230769230769 0.11298076923076923 0.29447115384615385
0 0.7896634615384616 0.40865384615384615 0.13341346153846154 0.35336538461538464
0 0.030048076923076924 0.42788461538461536 0.051682692307692304 0.23197115384615385
0 0.7728365384615384 0.4891826923076923 0.12980769230769232 0.32091346153846156
0 0.7259615384615384 0.5384615384615384 0.11899038461538461 0.27403846153846156
0 0.08774038461538461 0.5817307692307693 0.07692307692307693 0.24278846153846154
0 0.6959134615384616 0.6117788461538461 0.10096153846153846 0.14182692307692307
0 0.6682692307692307 0.7283653846153846 0.171875 0.16105769230769232
0 0.07091346153846154 0.7367788461538461 0.09375 0.24639423076923078
0 0.8004807692307693 0.7560096153846154 0.07572115384615384 0.2860576923076923
0 0.7668269230769231 0.7932692307692307 0.07451923076923077 0.22115384615384615
0 0.5132211538461539 0.8185096153846154 0.13822115384615385 0.21634615384615385
0 0.6838942307692307 0.875 0.14783653846153846 0.16105769230769232
0 0.2956730769230769 0.8786057692307693 0.1201923076923077 0.1814903846153846
0 0.46875 0.8798076923076923 0.16706730769230768 0.18629807692307693
0 0.203125 0.8930288461538461 0.08413461538461539 0.2127403846153846