0 0.09735576923076923 0.20793269230769232 0.1310096153846154 0.3076923076923077
0 0.8100961538461539 0.3641826923076923 0.10336538461538461 0.296875
0 0.1466346153846154 0.4014423076923077 0.1310096153846154 0.296875
0 0.040865384615384616 0.4387019230769231 0.07451923076923077 0.25961538461538464
0 0.7608173076923077 0.48197115384615385 0.15985576923076922 0.3269230769230769
0 0.7175480769230769 0.5492788461538461 0.125 0.25961538461538464
0 0.09014423076923077 0.625 0.10096153846153846 0.29927884615384615
0 0.6754807692307693 0.7271634615384616 0.16706730769230768 0.19951923076923078
0 0.7992788461538461 0.7596153846153846 0.040865384615384616 0.2536057692307692
0 0.5048076923076923 0.7704326923076923 0.17908653846153846 0.2932692307692308
0 0.7548076923076923 0.8197115384615384 0.07572115384615384 0.2620192307692308
0 0.265625 0.8689903846153846 0.08052884615384616 0.13942307692307693
0 0.6899038461538461 0.8701923076923077 0.16947115384615385 0.17908653846153846
0 0.3581730769230769 0.8713942307692307 0.11057692307692307 0.171875
0 0.1971153846153846 0.8846153846153846 0.06009615384615385 0.13221153846153846