0 0.12379807692307693 0.19471153846153846 0.10576923076923077 0.2536057692307692
0 0.23076923076923078 0.2283653846153846 0.171875 0.32091346153846156
0 0.05048076923076923 0.35697115384615385 0.10096153846153846 0.25721153846153844
0 0.14302884615384615 0.3870192307692308 0.18629807692307693 0.16466346153846154
0 0.7740384615384616 0.4387019230769231 0.10336538461538461 0.38100961538461536
0 0.4170673076923077 0.5252403846153846 0.1814903846153846 0.30288461538461536
0 0.7271634615384616 0.7007211538461539 0.11298076923076923 0.24639423076923078
0 0.796875 0.7680288461538461 0.09735576923076923 0.34615384615384615
0 0.5204326923076923 0.875 0.11298076923076923 0.2247596153846154
0 0.6430288461538461 0.8834134615384616 0.14302884615384615 0.21394230769230768
0 0.453125 0.8870192307692307 0.13221153846153846 0.22115384615384615
0 0.2403846153846154 0.9194711538461539 0.1622596153846154 0.15865384615384615
0 0.7752403846153846 0.11778846153846154 0.12860576923076922 0.234375