0 0.6057692307692307 0.2247596153846154 0.171875 0.34134615384615385
0 0.04326923076923077 0.23197115384615385 0.046875 0.21634615384615385
0 0.04567307692307692 0.4098557692307692 0.09014423076923077 0.17427884615384615
0 0.3713942307692308 0.4795673076923077 0.20552884615384615 0.18389423076923078
0 0.10336538461538461 0.6237980769230769 0.07451923076923077 0.2403846153846154
0 0.3401442307692308 0.6598557692307693 0.18389423076923078 0.22956730769230768
0 0.6778846153846154 0.7271634615384616 0.07692307692307693 0.20673076923076922
0 0.8016826923076923 0.7403846153846154 0.054086538461538464 0.2608173076923077
0 0.7391826923076923 0.7439903846153846 0.054086538461538464 0.296875
0 0.4651442307692308 0.9014423076923077 0.16346153846153846 0.19591346153846154
0 0.30408653846153844 0.9074519230769231 0.17548076923076922 0.18028846153846154
0 0.6694711538461539 0.0985576923076923 0.11298076923076923 0.1971153846153846
0 0.7884615384615384 0.11298076923076923 0.13221153846153846 0.2247596153846154