0 0.7319711538461539 0.23076923076923078 0.12980769230769232 0.20552884615384615
0 0.4074519230769231 0.2980769230769231 0.1778846153846154 0.2668269230769231
0 0.17067307692307693 0.3786057692307692 0.09014423076923077 0.30528846153846156
0 0.3088942307692308 0.40625 0.11177884615384616 0.3245192307692308
0 0.08774038461538461 0.4326923076923077 0.11057692307692307 0.30288461538461536
0 0.8040865384615384 0.484375 0.09134615384615384 0.30408653846153844
0 0.03365384615384615 0.5853365384615384 0.05889423076923077 0.21153846153846154
0 0.8137019230769231 0.7800480769230769 0.07211538461538461 0.21153846153846154
0 0.7379807692307693 0.8161057692307693 0.125 0.21875
0 0.6045673076923077 0.8990384615384616 0.15264423076923078 0.19951923076923078
0 0.25961538461538464 0.9170673076923077 0.07211538461538461 0.1622596153846154
0 0.47836538461538464 0.9362980769230769 0.23076923076923078 0.12620192307692307