0 0.06610576923076923 0.15865384615384615 0.13221153846153846 0.23197115384615385
0 0.7091346153846154 0.19471153846153846 0.14182692307692307 0.3557692307692308
0 0.7908653846153846 0.25240384615384615 0.09134615384615384 0.31850961538461536
0 0.1875 0.359375 0.0889423076923077 0.3485576923076923
0 0.040865384615384616 0.41947115384615385 0.08173076923076923 0.29086538461538464
0 0.7932692307692307 0.47596153846153844 0.10216346153846154 0.34134615384615385
0 0.39302884615384615 0.4855769230769231 0.1971153846153846 0.27884615384615385
0 0.7680288461538461 0.06490384615384616 0.10697115384615384 0.12980769230769232
0 0.7956730769230769 0.7752403846153846 0.052884615384615384 0.2704326923076923
0 0.7403846153846154 0.8040865384615384 0.07692307692307693 0.26802884615384615
0 0.5420673076923077 0.8966346153846154 0.08413461538461539 0.20432692307692307