0 0.7608173076923077 0.23677884615384615 0.19110576923076922 0.18028846153846154
0 0.0625 0.2536057692307692 0.125 0.2403846153846154
0 0.7896634615384616 0.4170673076923077 0.12379807692307693 0.28966346153846156
0 0.28846153846153844 0.4675480769230769 0.15264423076923078 0.28125
0 0.6887019230769231 0.4891826923076923 0.1346153846153846 0.3245192307692308
0 0.1045673076923077 0.4963942307692308 0.10336538461538461 0.265625
0 0.056490384615384616 0.5793269230769231 0.11298076923076923 0.2644230769230769
0 0.8016826923076923 0.6862980769230769 0.07091346153846154 0.31971153846153844
0 0.7548076923076923 0.7487980769230769 0.09615384615384616 0.2980769230769231
0 0.30528846153846156 0.7632211538461539 0.1466346153846154 0.2704326923076923
0 0.24278846153846154 0.8497596153846154 0.140625 0.15745192307692307
0 0.4014423076923077 0.9146634615384616 0.1778846153846154 0.1658653846153846
0 0.6454326923076923 0.9194711538461539 0.15865384615384615 0.14783653846153846
0 0.7463942307692307 0.12740384615384615 0.17427884615384615 0.23918269230769232