0 0.06129807692307692 0.1622596153846154 0.12139423076923077 0.15384615384615385
0 0.6778846153846154 0.2860576923076923 0.17908653846153846 0.14302884615384615
0 0.09495192307692307 0.3076923076923077 0.057692307692307696 0.20793269230769232
0 0.05048076923076923 0.3269230769230769 0.06129807692307692 0.2439903846153846
0 0.9519230769230769 0.40865384615384615 0.06610576923076923 0.32091346153846156
0 0.7980769230769231 0.4110576923076923 0.07932692307692307 0.3641826923076923
0 0.06971153846153846 0.5228365384615384 0.10096153846153846 0.23798076923076922
0 0.040865384615384616 0.5697115384615384 0.078125 0.28846153846153844
0 0.9567307692307693 0.6057692307692307 0.07572115384615384 0.11899038461538461
0 0.9519230769230769 0.6646634615384616 0.08052884615384616 0.14182692307692307
0 0.7932692307692307 0.7067307692307693 0.0625 0.28365384615384615
0 0.06610576923076923 0.7728365384615384 0.051682692307692304 0.19591346153846154
0 0.3088942307692308 0.8173076923076923 0.17307692307692307 0.16706730769230768
0 0.5793269230769231 0.8846153846153846 0.125 0.2283653846153846
0 0.19831730769230768 0.9038461538461539 0.06610576923076923 0.18870192307692307
0 0.13581730769230768 0.9146634615384616 0.09254807692307693 0.1310096153846154
0 0.35697115384615385 0.921875 0.1778846153846154 0.140625
0 0.11298076923076923 0.10216346153846154 0.08173076923076923 0.16346153846153846