0 0.6923076923076923 0.17548076923076922 0.1346153846153846 0.34975961538461536
0 0.7524038461538461 0.1971153846153846 0.09975961538461539 0.3713942307692308
0 0.051682692307692304 0.19951923076923078 0.10336538461538461 0.23918269230769232
0 0.6237980769230769 0.21394230769230768 0.09495192307692307 0.31009615384615385
0 0.6814903846153846 0.28966346153846156 0.10697115384615384 0.359375
0 0.78125 0.296875 0.07932692307692307 0.2776442307692308
0 0.8064903846153846 0.3329326923076923 0.07211538461538461 0.3137019230769231
0 0.026442307692307692 0.3389423076923077 0.052884615384615384 0.21875
0 0.08052884615384616 0.5360576923076923 0.12980769230769232 0.15144230769230768
0 0.953125 0.5456730769230769 0.09254807692307693 0.13581730769230768
0 0.7427884615384616 0.5697115384615384 0.171875 0.23317307692307693
0 0.49278846153846156 0.6586538461538461 0.09615384615384616 0.18269230769230768
0 0.7836538461538461 0.7091346153846154 0.056490384615384616 0.2668269230769231
0 0.46274038461538464 0.7223557692307693 0.14783653846153846 0.2932692307692308
0 0.6466346153846154 0.7235576923076923 0.15985576923076922 0.11899038461538461
0 0.06490384615384616 0.7283653846153846 0.0733173076923077 0.22235576923076922
0 0.7307692307692307 0.7487980769230769 0.0673076923076923 0.23798076923076922
0 0.7992788461538461 0.8052884615384616 0.06971153846153846 0.28125
0 0.3545673076923077 0.8088942307692307 0.07572115384615384 0.3004807692307692
0 0.4230769230769231 0.8161057692307693 0.14423076923076922 0.2536057692307692
0 0.6334134615384616 0.8161057692307693 0.1814903846153846 0.12980769230769232
0 0.2776442307692308 0.8389423076923077 0.12139423076923077 0.23197115384615385
0 0.5757211538461539 0.8822115384615384 0.12379807692307693 0.11899038461538461
0 0.7175480769230769 0.8834134615384616 0.140625 0.13701923076923078
0 0.8064903846153846 0.09254807692307693 0.09495192307692307 0.18509615384615385
0 0.11057692307692307 0.9206730769230769 0.0985576923076923 0.15504807692307693
0 0.22956730769230768 0.9254807692307693 0.13822115384615385 0.1466346153846154
0 0.5649038461538461 0.9447115384615384 0.1875 0.10817307692307693