0 0.1141826923076923 0.22716346153846154 0.07451923076923077 0.2980769230769231
0 0.7091346153846154 0.23798076923076922 0.17067307692307693 0.22115384615384615
0 0.8052884615384616 0.2932692307692308 0.09375 0.375
0 0.055288461538461536 0.3762019230769231 0.10576923076923077 0.22716346153846154
0 0.7319711538461539 0.46153846153846156 0.09495192307692307 0.32091346153846156
0 0.46875 0.6213942307692307 0.1466346153846154 0.19591346153846154
0 0.055288461538461536 0.6790865384615384 0.078125 0.2704326923076923
0 0.7872596153846154 0.6875 0.07211538461538461 0.27283653846153844
0 0.6418269230769231 0.7331730769230769 0.0985576923076923 0.15625
0 0.7307692307692307 0.8076923076923077 0.12860576923076922 0.22956730769230768
0 0.21634615384615385 0.9242788461538461 0.125 0.1502403846153846
0 0.5901442307692307 0.9302884615384616 0.19471153846153846 0.1346153846153846
0 0.33052884615384615 0.9338942307692307 0.16105769230769232 0.12740384615384615
0 0.6935096153846154 0.09615384615384616 0.08173076923076923 0.19230769230769232