0 0.6442307692307693 0.14543269230769232 0.15384615384615385 0.29086538461538464
0 0.2608173076923077 0.17427884615384615 0.11538461538461539 0.3485576923076923
0 0.0625 0.18269230769230768 0.06971153846153846 0.3329326923076923
0 0.18629807692307693 0.21394230769230768 0.15144230769230768 0.1310096153846154
0 0.09735576923076923 0.25240384615384615 0.10096153846153846 0.29086538461538464
0 0.7139423076923077 0.3016826923076923 0.13701923076923078 0.2932692307692308
0 0.765625 0.34375 0.14182692307692307 0.25961538461538464
0 0.03365384615384615 0.3894230769230769 0.0673076923076923 0.23918269230769232
0 0.7668269230769231 0.48197115384615385 0.09615384615384616 0.2439903846153846
0 0.45072115384615385 0.5733173076923077 0.1622596153846154 0.2536057692307692
0 0.6971153846153846 0.6141826923076923 0.09975961538461539 0.27884615384615385
0 0.7704326923076923 0.6911057692307693 0.12139423076923077 0.19591346153846154
0 0.0625 0.7115384615384616 0.07451923076923077 0.2512019230769231
0 0.36778846153846156 0.7548076923076923 0.13942307692307693 0.2403846153846154
0 0.7463942307692307 0.8701923076923077 0.1466346153846154 0.13822115384615385
0 0.49038461538461536 0.9278846153846154 0.1658653846153846 0.14302884615384615
0 0.17908653846153846 0.9435096153846154 0.13221153846153846 0.10817307692307693
0 0.3401442307692308 0.9507211538461539 0.15144230769230768 0.09375