0 0.0985576923076923 0.29927884615384615 0.078125 0.2668269230769231
0 0.18269230769230768 0.41225961538461536 0.14543269230769232 0.20793269230769232
0 0.04807692307692308 0.42427884615384615 0.07211538461538461 0.21875
0 0.06370192307692307 0.5757211538461539 0.0625 0.13341346153846154
0 0.06490384615384616 0.7271634615384616 0.11298076923076923 0.25600961538461536
0 0.265625 0.8245192307692307 0.09254807692307693 0.19230769230769232
0 0.35096153846153844 0.8485576923076923 0.13822115384615385 0.19951923076923078
0 0.6478365384615384 0.8978365384615384 0.15384615384615385 0.15985576923076922
0 0.20673076923076922 0.9158653846153846 0.08653846153846154 0.16346153846153846
0 0.5060096153846154 0.9399038461538461 0.15504807692307693 0.11899038461538461
0 0.36538461538461536 0.9555288461538461 0.11298076923076923 0.08774038461538461
0 0.24639423076923078 0.11177884615384616 0.08173076923076923 0.21995192307692307