0 0.0829326923076923 0.23918269230769232 0.09375 0.21033653846153846
0 0.04927884615384615 0.328125 0.08533653846153846 0.20793269230769232
0 0.14423076923076922 0.38461538461538464 0.10096153846153846 0.27163461538461536
0 0.33413461538461536 0.38822115384615385 0.18269230769230768 0.3894230769230769
0 0.9603365384615384 0.453125 0.052884615384615384 0.2776442307692308
0 0.03245192307692308 0.5180288461538461 0.06490384615384616 0.23197115384615385
0 0.47475961538461536 0.054086538461538464 0.1346153846153846 0.10817307692307693
0 0.6466346153846154 0.6117788461538461 0.1346153846153846 0.29447115384615385
0 0.056490384615384616 0.6959134615384616 0.0829326923076923 0.27884615384615385
0 0.703125 0.7379807692307693 0.15985576923076922 0.19951923076923078
0 0.35697115384615385 0.7848557692307693 0.14543269230769232 0.30288461538461536
0 0.7848557692307693 0.796875 0.052884615384615384 0.2800480769230769
0 0.2704326923076923 0.8629807692307693 0.06129807692307692 0.22956730769230768
0 0.18870192307692307 0.8786057692307693 0.12620192307692307 0.09254807692307693
0 0.43149038461538464 0.8810096153846154 0.1622596153846154 0.09735576923076923
0 0.6971153846153846 0.8918269230769231 0.12620192307692307 0.1310096153846154
0 0.5841346153846154 0.9086538461538461 0.12740384615384615 0.15865384615384615
0 0.18269230769230768 0.9519230769230769 0.11899038461538461 0.09495192307692307
0 0.4326923076923077 0.9675480769230769 0.2127403846153846 0.056490384615384616
0 0.7644230769230769 0.11778846153846154 0.1778846153846154 0.23557692307692307
0 0.09735576923076923 0.13581730769230768 0.08413461538461539 0.23197115384615385