0 0.09375 0.15384615384615385 0.12259615384615384 0.22716346153846154
0 0.7548076923076923 0.15865384615384615 0.16466346153846154 0.28846153846153844
0 0.07932692307692307 0.2800480769230769 0.10576923076923077 0.26322115384615385
0 0.31490384615384615 0.3918269230769231 0.14543269230769232 0.3269230769230769
0 0.15144230769230768 0.41586538461538464 0.15264423076923078 0.25841346153846156
0 0.7980769230769231 0.5096153846153846 0.09495192307692307 0.32091346153846156
0 0.04927884615384615 0.5588942307692307 0.09014423076923077 0.265625
0 0.46153846153846156 0.057692307692307696 0.12139423076923077 0.11538461538461539
0 0.703125 0.7007211538461539 0.15625 0.23677884615384615
0 0.7932692307692307 0.7896634615384616 0.08533653846153846 0.24278846153846154
0 0.3605769230769231 0.7956730769230769 0.11899038461538461 0.21754807692307693
0 0.49759615384615385 0.8677884615384616 0.11538461538461539 0.25961538461538464
0 0.27524038461538464 0.875 0.07932692307692307 0.24519230769230768
0 0.41466346153846156 0.8858173076923077 0.1201923076923077 0.1346153846153846
0 0.6838942307692307 0.8882211538461539 0.13221153846153846 0.15264423076923078
0 0.18990384615384615 0.9014423076923077 0.14543269230769232 0.10336538461538461
0 0.5889423076923077 0.9038461538461539 0.11538461538461539 0.1875
0 0.44591346153846156 0.9495192307692307 0.17548076923076922 0.09615384615384616