0 0.15865384615384615 0.23317307692307693 0.15264423076923078 0.27403846153846156
0 0.7932692307692307 0.24519230769230768 0.11538461538461539 0.3329326923076923
0 0.7427884615384616 0.32211538461538464 0.14783653846153846 0.3629807692307692
0 0.04326923076923077 0.3641826923076923 0.08653846153846154 0.3269230769230769
0 0.7391826923076923 0.5168269230769231 0.09014423076923077 0.32091346153846156
0 0.6959134615384616 0.5745192307692307 0.0733173076923077 0.3389423076923077
0 0.7980769230769231 0.5817307692307693 0.09615384615384616 0.2980769230769231
0 0.07091346153846154 0.625 0.12259615384615384 0.23557692307692307
0 0.06610576923076923 0.7560096153846154 0.052884615384615384 0.17548076923076922
0 0.7572115384615384 0.7836538461538461 0.1141826923076923 0.17307692307692307
0 0.6838942307692307 0.8269230769230769 0.10576923076923077 0.19110576923076922
0 0.5685096153846154 0.8894230769230769 0.1502403846153846 0.15504807692307693
0 0.32211538461538464 0.8990384615384616 0.13942307692307693 0.1971153846153846
0 0.41225961538461536 0.921875 0.15625 0.15144230769230768
0 0.2247596153846154 0.9266826923076923 0.1201923076923077 0.1201923076923077