0 0.16105769230769232 0.3629807692307692 0.16346153846153846 0.18629807692307693
0 0.04447115384615385 0.4254807692307692 0.08413461538461539 0.3112980769230769
0 0.6899038461538461 0.4651442307692308 0.14423076923076922 0.27283653846153844
0 0.9555288461538461 0.5180288461538461 0.08653846153846154 0.21394230769230768
0 0.7944711538461539 0.5240384615384616 0.10216346153846154 0.33533653846153844
0 0.0829326923076923 0.640625 0.12259615384615384 0.1658653846153846
0 0.3076923076923077 0.6490384615384616 0.13822115384615385 0.3485576923076923
0 0.2776442307692308 0.07692307692307693 0.17548076923076922 0.15384615384615385
0 0.04927884615384615 0.08052884615384616 0.0985576923076923 0.15745192307692307
0 0.75 0.8461538461538461 0.140625 0.2776442307692308
0 0.6838942307692307 0.8689903846153846 0.12740384615384615 0.18509615384615385
0 0.4879807692307692 0.8966346153846154 0.11177884615384616 0.20552884615384615
0 0.2824519230769231 0.9158653846153846 0.11298076923076923 0.16346153846153846
0 0.7415865384615384 0.109375 0.18028846153846154 0.21875
0 0.5228365384615384 0.1346153846153846 0.16105769230769232 0.26802884615384615