0 0.11778846153846154 0.21153846153846154 0.09615384615384616 0.3293269230769231
0 0.7415865384615384 0.3737980769230769 0.1814903846153846 0.25240384615384615
0 0.23798076923076922 0.3942307692307692 0.10216346153846154 0.31971153846153844
0 0.06490384615384616 0.4831730769230769 0.12980769230769232 0.21153846153846154
0 0.8028846153846154 0.5649038461538461 0.08533653846153846 0.26802884615384615
0 0.054086538461538464 0.7223557692307693 0.07692307692307693 0.2403846153846154
0 0.3245192307692308 0.7692307692307693 0.15625 0.296875
0 0.7776442307692307 0.7896634615384616 0.08774038461538461 0.2512019230769231
0 0.7319711538461539 0.8329326923076923 0.09375 0.19831730769230768
0 0.4795673076923077 0.8581730769230769 0.15985576923076922 0.2247596153846154
0 0.6742788461538461 0.8798076923076923 0.0829326923076923 0.22716346153846154
0 0.5649038461538461 0.9278846153846154 0.171875 0.11899038461538461