0 0.7956730769230769 0.25 0.0985576923076923 0.3004807692307692
0 0.43990384615384615 0.25721153846153844 0.19831730769230768 0.24519230769230768
0 0.7536057692307693 0.32211538461538464 0.13822115384615385 0.3629807692307692
0 0.06490384615384616 0.5228365384615384 0.1045673076923077 0.20192307692307693
0 0.7572115384615384 0.5384615384615384 0.1141826923076923 0.3713942307692308
0 0.6923076923076923 0.5564903846153846 0.07091346153846154 0.3245192307692308
0 0.8040865384615384 0.5685096153846154 0.08774038461538461 0.3004807692307692
0 0.2980769230769231 0.7079326923076923 0.14903846153846154 0.2800480769230769
0 0.6706730769230769 0.7632211538461539 0.11298076923076923 0.22235576923076922
0 0.7692307692307693 0.7740384615384616 0.10697115384615384 0.23798076923076922
0 0.06610576923076923 0.078125 0.1310096153846154 0.14423076923076922
0 0.5877403846153846 0.8942307692307693 0.14302884615384615 0.20072115384615385
0 0.40625 0.9254807692307693 0.15865384615384615 0.14423076923076922
0 0.20793269230769232 0.9338942307692307 0.11298076923076923 0.12740384615384615