0 0.08052884615384616 0.23076923076923078 0.07091346153846154 0.2980769230769231
0 0.21514423076923078 0.23317307692307693 0.07451923076923077 0.36778846153846156
0 0.3016826923076923 0.2704326923076923 0.12740384615384615 0.3485576923076923
0 0.7860576923076923 0.36658653846153844 0.09615384615384616 0.31009615384615385
0 0.06009615384615385 0.4879807692307692 0.10216346153846154 0.2764423076923077
0 0.046875 0.6670673076923077 0.07692307692307693 0.234375
0 0.7716346153846154 0.7728365384615384 0.09975961538461539 0.2620192307692308
0 0.6490384615384616 0.08173076923076923 0.203125 0.16346153846153846
0 0.5769230769230769 0.8774038461538461 0.14302884615384615 0.24158653846153846
0 0.2692307692307692 0.8846153846153846 0.12980769230769232 0.125
0 0.3557692307692308 0.09134615384615384 0.17427884615384615 0.18269230769230768
0 0.6935096153846154 0.90625 0.17668269230769232 0.1310096153846154
0 0.4230769230769231 0.9170673076923077 0.17307692307692307 0.1622596153846154
0 0.29447115384615385 0.9591346153846154 0.15625 0.07932692307692307
0 0.78125 0.11298076923076923 0.09615384615384616 0.21153846153846154