0 0.8112980769230769 0.17427884615384615 0.078125 0.30288461538461536
0 0.03245192307692308 0.203125 0.06490384615384616 0.3329326923076923
0 0.7295673076923077 0.44591346153846156 0.10216346153846154 0.30528846153846156
0 0.7992788461538461 0.5180288461538461 0.07932692307692307 0.3293269230769231
0 0.04927884615384615 0.5216346153846154 0.0985576923076923 0.2608173076923077
0 0.07211538461538461 0.7403846153846154 0.08774038461538461 0.2403846153846154
0 0.6838942307692307 0.7740384615384616 0.140625 0.19591346153846154
0 0.7860576923076923 0.7764423076923077 0.09375 0.25600961538461536
0 0.7319711538461539 0.8461538461538461 0.11057692307692307 0.18629807692307693
0 0.4050480769230769 0.9242788461538461 0.16706730769230768 0.1502403846153846
0 0.19831730769230768 0.9278846153846154 0.08533653846153846 0.14302884615384615
0 0.5901442307692307 0.9278846153846154 0.16947115384615385 0.14302884615384615
0 0.26322115384615385 0.9435096153846154 0.12740384615384615 0.10817307692307693
0 0.7379807692307693 0.13581730769230768 0.09735576923076923 0.2704326923076923