0 0.7211538461538461 0.19471153846153846 0.13942307692307693 0.3425480769230769
0 0.7848557692307693 0.3870192307692308 0.09134615384615384 0.28365384615384615
0 0.40024038461538464 0.4891826923076923 0.18269230769230768 0.18269230769230768
0 0.7199519230769231 0.5132211538461539 0.14903846153846154 0.2860576923076923
0 0.8052884615384616 0.5637019230769231 0.08052884615384616 0.2608173076923077
0 0.04326923076923077 0.5817307692307693 0.08533653846153846 0.28365384615384615
0 0.7415865384615384 0.6947115384615384 0.11177884615384616 0.30288461538461536
0 0.44591346153846156 0.8161057692307693 0.21754807692307693 0.1622596153846154
0 0.11177884615384616 0.8461538461538461 0.1141826923076923 0.2980769230769231
0 0.7079326923076923 0.8533653846153846 0.16466346153846154 0.13942307692307693
0 0.3125 0.8990384615384616 0.1622596153846154 0.1622596153846154
0 0.19831730769230768 0.90625 0.07932692307692307 0.15384615384615385
0 0.46634615384615385 0.9242788461538461 0.18028846153846154 0.1502403846153846
0 0.6165865384615384 0.9411057692307693 0.1658653846153846 0.11298076923076923
0 0.7848557692307693 0.09735576923076923 0.09134615384615384 0.18990384615384615