0 0.12740384615384615 0.16346153846153846 0.08173076923076923 0.23798076923076922
0 0.0625 0.20552884615384615 0.10096153846153846 0.22596153846153846
0 0.4254807692307692 0.3545673076923077 0.09975961538461539 0.49759615384615385
0 0.08653846153846154 0.36177884615384615 0.12379807692307693 0.21875
0 0.09735576923076923 0.5024038461538461 0.07572115384615384 0.1658653846153846
0 0.04447115384615385 0.6478365384615384 0.07091346153846154 0.22115384615384615
0 0.3004807692307692 0.8413461538461539 0.11057692307692307 0.2127403846153846
0 0.22716346153846154 0.8786057692307693 0.0625 0.21033653846153846
0 0.4699519230769231 0.8930288461538461 0.15865384615384615 0.2127403846153846
0 0.328125 0.9651442307692307 0.15144230769230768 0.06490384615384616
0 0.07692307692307693 0.09975961538461539 0.08653846153846154 0.19831730769230768
0 0.24639423076923078 0.13822115384615385 0.15625 0.2764423076923077