0 0.5408653846153846 0.16706730769230768 0.11778846153846154 0.33413461538461536
0 0.7211538461538461 0.2439903846153846 0.15625 0.3245192307692308
0 0.11778846153846154 0.2608173076923077 0.140625 0.2668269230769231
0 0.2824519230769231 0.2764423076923077 0.13822115384615385 0.32572115384615385
0 0.7980769230769231 0.3016826923076923 0.09495192307692307 0.3858173076923077
0 0.03365384615384615 0.3762019230769231 0.0673076923076923 0.23076923076923078
0 0.4387019230769231 0.5865384615384616 0.1201923076923077 0.3701923076923077
0 0.8052884615384616 0.6814903846153846 0.08413461538461539 0.3016826923076923
0 0.7475961538461539 0.7439903846153846 0.12980769230769232 0.25721153846153844
0 0.26802884615384615 0.8798076923076923 0.08052884615384616 0.15625
0 0.6177884615384616 0.8870192307692307 0.17307692307692307 0.1658653846153846
0 0.46875 0.8882211538461539 0.15264423076923078 0.1502403846153846
0 0.1466346153846154 0.9206730769230769 0.109375 0.1310096153846154
0 0.34375 0.9387019230769231 0.14903846153846154 0.11778846153846154