0 0.7620192307692307 0.23197115384615385 0.15144230769230768 0.17908653846153846
0 0.06971153846153846 0.27524038461538464 0.13221153846153846 0.265625
0 0.7836538461538461 0.4254807692307692 0.11298076923076923 0.3161057692307692
0 0.2776442307692308 0.45913461538461536 0.140625 0.31009615384615385
0 0.1045673076923077 0.4723557692307692 0.07692307692307693 0.27163461538461536
0 0.6983173076923077 0.47475961538461536 0.1141826923076923 0.34134615384615385
0 0.054086538461538464 0.5973557692307693 0.08052884615384616 0.29927884615384615
0 0.6911057692307693 0.6069711538461539 0.1045673076923077 0.2920673076923077
0 0.8088942307692307 0.7067307692307693 0.08533653846153846 0.31490384615384615
0 0.7524038461538461 0.7307692307692307 0.07211538461538461 0.2608173076923077
0 0.32091346153846156 0.7680288461538461 0.1466346153846154 0.27163461538461536
0 0.24158653846153846 0.84375 0.14302884615384615 0.16346153846153846
0 0.6334134615384616 0.9098557692307693 0.17908653846153846 0.17668269230769232
0 0.40384615384615385 0.9170673076923077 0.17067307692307693 0.1622596153846154
0 0.19471153846153846 0.9230769230769231 0.08653846153846154 0.13581730769230768
0 0.75 0.109375 0.14423076923076922 0.21875