0 0.06370192307692307 0.3112980769230769 0.12740384615384615 0.31490384615384615
0 0.025240384615384616 0.38341346153846156 0.05048076923076923 0.25
0 0.7151442307692307 0.40384615384615385 0.16947115384615385 0.1778846153846154
0 0.8161057692307693 0.5180288461538461 0.0733173076923077 0.33774038461538464
0 0.7692307692307693 0.5360576923076923 0.0829326923076923 0.34375
0 0.11177884615384616 0.5492788461538461 0.1141826923076923 0.1502403846153846
0 0.03245192307692308 0.6213942307692307 0.06490384615384616 0.25961538461538464
0 0.9483173076923077 0.7307692307692307 0.078125 0.30528846153846156
0 0.7415865384615384 0.07451923076923077 0.1658653846153846 0.14903846153846154
0 0.7980769230769231 0.7860576923076923 0.0985576923076923 0.29086538461538464
0 0.3629807692307692 0.9278846153846154 0.16706730769230768 0.14302884615384615
0 0.25 0.9302884615384616 0.12980769230769232 0.1346153846153846
0 0.5048076923076923 0.9411057692307693 0.16346153846153846 0.11298076923076923
0 0.10697115384615384 0.13822115384615385 0.12620192307692307 0.24519230769230768