0 0.07572115384615384 0.14423076923076922 0.11778846153846154 0.28846153846153844
0 0.5444711538461539 0.17427884615384615 0.11778846153846154 0.3485576923076923
0 0.04326923076923077 0.3016826923076923 0.08653846153846154 0.25721153846153844
0 0.7620192307692307 0.4050480769230769 0.11177884615384616 0.2776442307692308
0 0.27403846153846156 0.4375 0.14783653846153846 0.25841346153846156
0 0.08533653846153846 0.5384615384615384 0.10216346153846154 0.19591346153846154
0 0.4639423076923077 0.6021634615384616 0.11658653846153846 0.15865384615384615
0 0.8209134615384616 0.7007211538461539 0.08533653846153846 0.2860576923076923
0 0.06129807692307692 0.7103365384615384 0.07451923076923077 0.23557692307692307
0 0.7548076923076923 0.7427884615384616 0.10096153846153846 0.27283653846153844
0 0.39783653846153844 0.7427884615384616 0.1971153846153846 0.23076923076923078
0 0.24158653846153846 0.8473557692307693 0.1622596153846154 0.11899038461538461
0 0.38100961538461536 0.9086538461538461 0.140625 0.1814903846153846
0 0.21514423076923078 0.9146634615384616 0.12740384615384615 0.14543269230769232
0 0.6598557692307693 0.9158653846153846 0.18870192307692307 0.15264423076923078