0 0.7259615384615384 0.21514423076923078 0.2247596153846154 0.1971153846153846
0 0.17668269230769232 0.40625 0.13942307692307693 0.21033653846153846
0 0.039663461538461536 0.45913461538461536 0.07932692307692307 0.3088942307692308
0 0.3473557692307692 0.46153846153846156 0.1622596153846154 0.16826923076923078
0 0.7740384615384616 0.5540865384615384 0.11778846153846154 0.21514423076923078
0 0.40024038461538464 0.6766826923076923 0.1310096153846154 0.27884615384615385
0 0.28125 0.7704326923076923 0.10697115384615384 0.2920673076923077
0 0.7848557692307693 0.8016826923076923 0.07572115384615384 0.23798076923076922
0 0.7163461538461539 0.8076923076923077 0.14302884615384615 0.1875
0 0.546875 0.9038461538461539 0.09375 0.1875
0 0.6526442307692307 0.9098557692307693 0.17548076923076922 0.11778846153846154
0 0.31850961538461536 0.9098557692307693 0.0985576923076923 0.17548076923076922
0 0.421875 0.9459134615384616 0.18028846153846154 0.10336538461538461
0 0.5877403846153846 0.10336538461538461 0.1310096153846154 0.20552884615384615