0 0.26322115384615385 0.16826923076923078 0.15625 0.2692307692307692
0 0.8185096153846154 0.18269230769230768 0.0889423076923077 0.29927884615384615
0 0.1201923076923077 0.21514423076923078 0.11778846153846154 0.3004807692307692
0 0.06370192307692307 0.24158653846153846 0.07572115384615384 0.3173076923076923
0 0.30408653846153844 0.3798076923076923 0.14543269230769232 0.3233173076923077
0 0.22596153846153846 0.3954326923076923 0.09014423076923077 0.3004807692307692
0 0.06009615384615385 0.49038461538461536 0.11899038461538461 0.17668269230769232
0 0.7896634615384616 0.5528846153846154 0.09014423076923077 0.2956730769230769
0 0.04447115384615385 0.5649038461538461 0.07692307692307693 0.2439903846153846
0 0.046875 0.7223557692307693 0.09254807692307693 0.21634615384615385
0 0.7860576923076923 0.78125 0.07091346153846154 0.21033653846153846
0 0.2920673076923077 0.7944711538461539 0.12259615384615384 0.30649038461538464
0 0.7235576923076923 0.8629807692307693 0.13221153846153846 0.17908653846153846
0 0.4891826923076923 0.8665865384615384 0.15745192307692307 0.16706730769230768
0 0.171875 0.9026442307692307 0.08533653846153846 0.16105769230769232
0 0.5733173076923077 0.9278846153846154 0.1658653846153846 0.14302884615384615