0 0.7992788461538461 0.16826923076923078 0.0733173076923077 0.3112980769230769
0 0.03125 0.19951923076923078 0.0625 0.2980769230769231
0 0.11899038461538461 0.3762019230769231 0.1310096153846154 0.24759615384615385
0 0.039663461538461536 0.4567307692307692 0.07932692307692307 0.24278846153846154
0 0.7427884615384616 0.4735576923076923 0.109375 0.30288461538461536
0 0.8004807692307693 0.5372596153846154 0.06850961538461539 0.3329326923076923
0 0.0673076923076923 0.6322115384615384 0.09134615384615384 0.16947115384615385
0 0.3557692307692308 0.7199519230769231 0.20072115384615385 0.19831730769230768
0 0.056490384615384616 0.7259615384615384 0.07932692307692307 0.2127403846153846
0 0.7728365384615384 0.7932692307692307 0.12139423076923077 0.22115384615384615
0 0.7247596153846154 0.8365384615384616 0.1201923076923077 0.1814903846153846
0 0.5889423076923077 0.8786057692307693 0.12620192307692307 0.21153846153846154
0 0.4050480769230769 0.9254807692307693 0.15625 0.14423076923076922
0 0.28365384615384615 0.9471153846153846 0.1201923076923077 0.10096153846153846
0 0.6141826923076923 0.09615384615384616 0.09014423076923077 0.19230769230769232
0 0.7379807692307693 0.12980769230769232 0.09495192307692307 0.25841346153846156