0 0.5540865384615384 0.18870192307692307 0.2127403846153846 0.18870192307692307
0 0.02283653846153846 0.24879807692307693 0.04567307692307692 0.27884615384615385
0 0.41466346153846156 0.34615384615384615 0.11778846153846154 0.3786057692307692
0 0.9639423076923077 0.35336538461538464 0.07091346153846154 0.2848557692307692
0 0.8197115384615384 0.40625 0.08533653846153846 0.3389423076923077
0 0.040865384615384616 0.4338942307692308 0.08052884615384616 0.3317307692307692
0 0.7560096153846154 0.47115384615384615 0.11298076923076923 0.3713942307692308
0 0.0625 0.59375 0.125 0.1778846153846154
0 0.6959134615384616 0.6298076923076923 0.10336538461538461 0.20192307692307693
0 0.41346153846153844 0.6478365384615384 0.11658653846153846 0.3737980769230769
0 0.8269230769230769 0.6646634615384616 0.07091346153846154 0.32091346153846156
0 0.32211538461538464 0.6754807692307693 0.15625 0.17427884615384615
0 0.9206730769230769 0.7680288461538461 0.03485576923076923 0.2860576923076923
0 0.7692307692307693 0.8004807692307693 0.08533653846153846 0.265625
0 0.46274038461538464 0.8112980769230769 0.09014423076923077 0.2403846153846154
0 0.25961538461538464 0.8221153846153846 0.12620192307692307 0.12379807692307693
0 0.6983173076923077 0.8509615384615384 0.13221153846153846 0.1346153846153846
0 0.6033653846153846 0.8677884615384616 0.1045673076923077 0.25600961538461536
0 0.1778846153846154 0.8798076923076923 0.09735576923076923 0.11057692307692307
0 0.5877403846153846 0.8882211538461539 0.15384615384615385 0.21394230769230768
0 0.2980769230769231 0.9170673076923077 0.15625 0.16346153846153846
0 0.5036057692307693 0.9519230769230769 0.16826923076923078 0.09495192307692307
0 0.06009615384615385 0.109375 0.11057692307692307 0.20072115384615385
0 0.7259615384615384 0.12740384615384615 0.20793269230769232 0.171875