0 0.40625 0.2403846153846154 0.21634615384615385 0.15745192307692307
0 0.25961538461538464 0.28966346153846156 0.15384615384615385 0.3125
0 0.038461538461538464 0.30408653846153844 0.06850961538461539 0.24278846153846154
0 0.12620192307692307 0.328125 0.1346153846153846 0.24158653846153846
0 0.07572115384615384 0.48197115384615385 0.09375 0.23798076923076922
0 0.037259615384615384 0.4987980769230769 0.07451923076923077 0.2860576923076923
0 0.8209134615384616 0.5384615384615384 0.0733173076923077 0.3293269230769231
0 0.5240384615384616 0.7295673076923077 0.10096153846153846 0.2800480769230769
0 0.7632211538461539 0.7836538461538461 0.13341346153846154 0.2704326923076923
0 0.3137019230769231 0.8125 0.1658653846153846 0.1971153846153846
0 0.4735576923076923 0.8617788461538461 0.17067307692307693 0.16346153846153846
0 0.203125 0.8942307692307693 0.07692307692307693 0.18629807692307693
0 0.6225961538461539 0.9278846153846154 0.14302884615384615 0.14302884615384615
0 0.2776442307692308 0.9483173076923077 0.13581730769230768 0.0733173076923077
0 0.41225961538461536 0.9567307692307693 0.19951923076923078 0.08173076923076923