0 0.44471153846153844 0.23197115384615385 0.07451923076923077 0.390625
0 0.9603365384615384 0.3425480769230769 0.07692307692307693 0.2800480769230769
0 0.8016826923076923 0.4110576923076923 0.055288461538461536 0.296875
0 0.04447115384615385 0.42788461538461536 0.07091346153846154 0.26802884615384615
0 0.7367788461538461 0.47115384615384615 0.1045673076923077 0.30649038461538464
0 0.7740384615384616 0.6646634615384616 0.10096153846153846 0.2704326923076923
0 0.6706730769230769 0.6754807692307693 0.0625 0.23557692307692307
0 0.06971153846153846 0.6875 0.07572115384615384 0.17548076923076922
0 0.8016826923076923 0.7295673076923077 0.054086538461538464 0.23317307692307693
0 0.7007211538461539 0.828125 0.10336538461538461 0.1935096153846154
0 0.5721153846153846 0.8918269230769231 0.11899038461538461 0.21514423076923078
0 0.6742788461538461 0.9038461538461539 0.10817307692307693 0.12139423076923077
0 0.1935096153846154 0.921875 0.09495192307692307 0.10336538461538461
0 0.40865384615384615 0.9471153846153846 0.15865384615384615 0.10096153846153846
0 0.29927884615384615 0.9495192307692307 0.12259615384615384 0.09615384615384616
0 0.21394230769230768 0.09735576923076923 0.09975961538461539 0.15625
0 0.7331730769230769 0.1045673076923077 0.1875 0.20793269230769232
0 0.5877403846153846 0.11658653846153846 0.1658653846153846 0.2283653846153846