0 0.11538461538461539 0.2127403846153846 0.109375 0.1971153846153846
0 0.08052884615384616 0.28125 0.08052884615384616 0.28846153846153844
0 0.046875 0.39783653846153844 0.09375 0.28966346153846156
0 0.8149038461538461 0.4182692307692308 0.11177884615384616 0.3485576923076923
0 0.037259615384615384 0.6021634615384616 0.07451923076923077 0.21875
0 0.78125 0.6826923076923077 0.09134615384615384 0.22115384615384615
0 0.3581730769230769 0.7079326923076923 0.20432692307692307 0.3545673076923077
0 0.08052884615384616 0.8545673076923077 0.09014423076923077 0.24879807692307693
0 0.30288461538461536 0.8689903846153846 0.1658653846153846 0.1201923076923077
0 0.2283653846153846 0.9038461538461539 0.11057692307692307 0.18990384615384615
0 0.11177884615384616 0.09254807692307693 0.08052884615384616 0.18509615384615385
0 0.375 0.9471153846153846 0.17067307692307693 0.10336538461538461