0 0.6021634615384616 0.21033653846153846 0.171875 0.32211538461538464
0 0.44350961538461536 0.3233173076923077 0.1045673076923077 0.36899038461538464
0 0.06009615384615385 0.42908653846153844 0.11538461538461539 0.19951923076923078
0 0.2920673076923077 0.4639423076923077 0.17668269230769232 0.15384615384615385
0 0.09134615384615384 0.5925480769230769 0.0625 0.2512019230769231
0 0.34134615384615385 0.6045673076923077 0.17307692307692307 0.1658653846153846
0 0.052884615384615384 0.6165865384615384 0.06490384615384616 0.23677884615384615
0 0.9615384615384616 0.6237980769230769 0.07451923076923077 0.17307692307692307
0 0.7439903846153846 0.7115384615384616 0.11057692307692307 0.2668269230769231
0 0.7764423076923077 0.08413461538461539 0.09014423076923077 0.16826923076923078
0 0.6838942307692307 0.8846153846153846 0.14783653846153846 0.13701923076923078
0 0.29447115384615385 0.9002403846153846 0.11899038461538461 0.17307692307692307
0 0.4170673076923077 0.9375 0.16466346153846154 0.12259615384615384
0 0.6694711538461539 0.10096153846153846 0.12860576923076922 0.20192307692307693