0 0.08774038461538461 0.16947115384615385 0.09615384615384616 0.2776442307692308
0 0.7451923076923077 0.18269230769230768 0.13341346153846154 0.3641826923076923
0 0.21634615384615385 0.203125 0.19591346153846154 0.17908653846153846
0 0.056490384615384616 0.2764423076923077 0.11298076923076923 0.2644230769230769
0 0.125 0.38461538461538464 0.10817307692307693 0.3173076923076923
0 0.31009615384615385 0.4254807692307692 0.15504807692307693 0.4387019230769231
0 0.7872596153846154 0.5264423076923077 0.09735576923076923 0.30528846153846156
0 0.030048076923076924 0.5673076923076923 0.051682692307692304 0.2860576923076923
0 0.7860576923076923 0.7752403846153846 0.06971153846153846 0.2283653846153846
0 0.6754807692307693 0.8028846153846154 0.140625 0.12860576923076922
0 0.36177884615384615 0.8076923076923077 0.13221153846153846 0.25600961538461536
0 0.4987980769230769 0.8353365384615384 0.09375 0.24879807692307693
0 0.4182692307692308 0.8677884615384616 0.18870192307692307 0.17307692307692307
0 0.27403846153846156 0.8713942307692307 0.0733173076923077 0.18269230769230768
0 0.6646634615384616 0.8930288461538461 0.1814903846153846 0.07692307692307693
0 0.6141826923076923 0.9278846153846154 0.14783653846153846 0.13701923076923078
0 0.4074519230769231 0.9399038461538461 0.16346153846153846 0.11658653846153846