0 0.7620192307692307 0.15504807692307693 0.17067307692307693 0.31009615384615385
0 0.06850961538461539 0.25600961538461536 0.08774038461538461 0.30649038461538464
0 0.14783653846153846 0.4026442307692308 0.09615384615384616 0.29447115384615385
0 0.2980769230769231 0.44471153846153844 0.20552884615384615 0.24759615384615385
0 0.7908653846153846 0.5060096153846154 0.11658653846153846 0.3557692307692308
0 0.04447115384615385 0.5432692307692307 0.07211538461538461 0.2776442307692308
0 0.3161057692307692 0.5805288461538461 0.18269230769230768 0.28725961538461536
0 0.7944711538461539 0.7728365384615384 0.06490384615384616 0.29086538461538464
0 0.34615384615384615 0.7824519230769231 0.16105769230769232 0.28125
0 0.6995192307692307 0.8064903846153846 0.1502403846153846 0.12139423076923077
0 0.2860576923076923 0.8557692307692307 0.10096153846153846 0.28365384615384615
0 0.5072115384615384 0.8774038461538461 0.12139423076923077 0.2439903846153846
0 0.6911057692307693 0.8966346153846154 0.1622596153846154 0.12139423076923077
0 0.21754807692307693 0.8978365384615384 0.17548076923076922 0.13822115384615385
0 0.40024038461538464 0.9050480769230769 0.15144230769230768 0.17427884615384615
0 0.43028846153846156 0.9242788461538461 0.17307692307692307 0.1502403846153846