0 0.8028846153846154 0.2512019230769231 0.07692307692307693 0.28846153846153844
0 0.13701923076923078 0.2536057692307692 0.11658653846153846 0.3016826923076923
0 0.7427884615384616 0.30528846153846156 0.11778846153846154 0.2668269230769231
0 0.09014423076923077 0.4567307692307692 0.13221153846153846 0.1310096153846154
0 0.7415865384615384 0.5204326923076923 0.07451923076923077 0.3004807692307692
0 0.8052884615384616 0.5733173076923077 0.06490384615384616 0.3088942307692308
0 0.052884615384615384 0.5889423076923077 0.08533653846153846 0.22235576923076922
0 0.7007211538461539 0.6021634615384616 0.0829326923076923 0.32572115384615385
0 0.06971153846153846 0.7668269230769231 0.0985576923076923 0.21033653846153846
0 0.7668269230769231 0.7716346153846154 0.11057692307692307 0.21875
0 0.6838942307692307 0.8353365384615384 0.13221153846153846 0.20192307692307693
0 0.3016826923076923 0.8786057692307693 0.12860576923076922 0.12860576923076922
0 0.5997596153846154 0.9206730769230769 0.13581730769230768 0.1346153846153846
0 0.390625 0.9387019230769231 0.09615384615384616 0.12139423076923077