0 0.10576923076923077 0.18990384615384615 0.1045673076923077 0.3245192307692308
0 0.7836538461538461 0.33052884615384615 0.11899038461538461 0.40024038461538464
0 0.06129807692307692 0.33413461538461536 0.09495192307692307 0.28365384615384615
0 0.15144230769230768 0.41586538461538464 0.1502403846153846 0.23677884615384615
0 0.2548076923076923 0.046875 0.06490384615384616 0.09254807692307693
0 0.05048076923076923 0.5949519230769231 0.0985576923076923 0.3088942307692308
0 0.9579326923076923 0.7319711538461539 0.0625 0.18509615384615385
0 0.7704326923076923 0.7776442307692307 0.08774038461538461 0.30528846153846156
0 0.43509615384615385 0.8605769230769231 0.08533653846153846 0.2764423076923077
0 0.6670673076923077 0.8677884615384616 0.08774038461538461 0.23918269230769232
0 0.5084134615384616 0.8762019230769231 0.06129807692307692 0.24639423076923078
0 0.5805288461538461 0.9086538461538461 0.17908653846153846 0.1502403846153846
0 0.16346153846153846 0.9302884615384616 0.16706730769230768 0.13701923076923078
0 0.38100961538461536 0.9350961538461539 0.1875 0.12740384615384615
0 0.36899038461538464 0.11057692307692307 0.18028846153846154 0.22115384615384615