0 0.6899038461538461 0.15264423076923078 0.09975961538461539 0.30528846153846156
0 0.7451923076923077 0.19471153846153846 0.027644230769230768 0.38822115384615385
0 0.6057692307692307 0.19831730769230768 0.08173076923076923 0.3016826923076923
0 0.6658653846153846 0.25721153846153844 0.1141826923076923 0.34975961538461536
0 0.7860576923076923 0.27403846153846156 0.06610576923076923 0.34375
0 0.8245192307692307 0.38341346153846156 0.03485576923076923 0.26322115384615385
0 0.0733173076923077 0.5264423076923077 0.1466346153846154 0.2091346153846154
0 0.7403846153846154 0.5745192307692307 0.15865384615384615 0.18629807692307693
0 0.7800480769230769 0.6995192307692307 0.09375 0.234375
0 0.4735576923076923 0.7079326923076923 0.17067307692307693 0.27283653846153844
0 0.6550480769230769 0.7379807692307693 0.12980769230769232 0.12379807692307693
0 0.7331730769230769 0.7427884615384616 0.0829326923076923 0.21634615384615385
0 0.8004807692307693 0.8052884615384616 0.07211538461538461 0.23918269230769232
0 0.6201923076923077 0.8173076923076923 0.1141826923076923 0.1310096153846154
0 0.4170673076923077 0.8257211538461539 0.14182692307692307 0.27283653846153844
0 0.28966346153846156 0.8257211538461539 0.125 0.25841346153846156
0 0.28365384615384615 0.8762019230769231 0.13221153846153846 0.14903846153846154
0 0.5793269230769231 0.8990384615384616 0.12740384615384615 0.140625
0 0.7043269230769231 0.9134615384615384 0.1346153846153846 0.1201923076923077
0 0.20552884615384615 0.9254807692307693 0.10817307692307693 0.14423076923076922
0 0.5420673076923077 0.9362980769230769 0.15625 0.11658653846153846