0 0.5793269230769231 0.140625 0.11538461538461539 0.28125
0 0.14903846153846154 0.140625 0.14783653846153846 0.21394230769230768
0 0.796875 0.1502403846153846 0.09254807692307693 0.2620192307692308
0 0.6454326923076923 0.19110576923076922 0.06971153846153846 0.3713942307692308
0 0.7283653846153846 0.21033653846153846 0.09615384615384616 0.41586538461538464
0 0.06129807692307692 0.25 0.11778846153846154 0.21754807692307693
0 0.7007211538461539 0.34975961538461536 0.07572115384615384 0.3545673076923077
0 0.21033653846153846 0.359375 0.1201923076923077 0.359375
0 0.8052884615384616 0.40024038461538464 0.0889423076923077 0.3173076923076923
0 0.051682692307692304 0.5685096153846154 0.09134615384615384 0.2704326923076923
0 0.7848557692307693 0.6730769230769231 0.0889423076923077 0.27283653846153844
0 0.45552884615384615 0.8173076923076923 0.19110576923076922 0.21153846153846154
0 0.25 0.8365384615384616 0.10697115384615384 0.27283653846153844
0 0.671875 0.8617788461538461 0.14783653846153846 0.16947115384615385
0 0.20192307692307693 0.9038461538461539 0.12139423076923077 0.12980769230769232
0 0.7536057692307693 0.9086538461538461 0.11899038461538461 0.17307692307692307
0 0.4543269230769231 0.9182692307692307 0.17307692307692307 0.15865384615384615
0 0.5625 0.9314903846153846 0.15384615384615385 0.13221153846153846