0 0.2091346153846154 0.14423076923076922 0.11057692307692307 0.2620192307692308
0 0.12379807692307693 0.28725961538461536 0.09735576923076923 0.27163461538461536
0 0.046875 0.32572115384615385 0.04326923076923077 0.3004807692307692
0 0.19591346153846154 0.42427884615384615 0.18629807692307693 0.2608173076923077
0 0.0829326923076923 0.4579326923076923 0.0625 0.3137019230769231
0 0.07091346153846154 0.6225961538461539 0.08173076923076923 0.2536057692307692
0 0.4831730769230769 0.7103365384615384 0.13581730769230768 0.26322115384615385
0 0.2644230769230769 0.8425480769230769 0.13701923076923078 0.24278846153846154
0 0.3605769230769231 0.8509615384615384 0.18028846153846154 0.21153846153846154
0 0.2091346153846154 0.8786057692307693 0.11057692307692307 0.11298076923076923
0 0.6274038461538461 0.8942307692307693 0.22596153846153846 0.20673076923076922
0 0.24879807692307693 0.1045673076923077 0.09735576923076923 0.20793269230769232