0 0.7283653846153846 0.14903846153846154 0.18990384615384615 0.18269230769230768
0 0.08533653846153846 0.2247596153846154 0.10697115384615384 0.25
0 0.15625 0.3605769230769231 0.09615384615384616 0.27884615384615385
0 0.3557692307692308 0.39302884615384615 0.13822115384615385 0.39903846153846156
0 0.08774038461538461 0.44711538461538464 0.07692307692307693 0.32091346153846156
0 0.7139423076923077 0.45552884615384615 0.19110576923076922 0.19831730769230768
0 0.2439903846153846 0.052884615384615384 0.12860576923076922 0.10576923076923077
0 0.040865384615384616 0.5420673076923077 0.07932692307692307 0.27524038461538464
0 0.48197115384615385 0.057692307692307696 0.14903846153846154 0.11538461538461539
0 0.7704326923076923 0.7668269230769231 0.0829326923076923 0.27884615384615385
0 0.7944711538461539 0.08052884615384616 0.09375 0.16105769230769232
0 0.3557692307692308 0.7980769230769231 0.14783653846153846 0.21634615384615385
0 0.08173076923076923 0.8185096153846154 0.07572115384615384 0.23076923076923078
0 0.27884615384615385 0.859375 0.078125 0.25600961538461536
0 0.4182692307692308 0.8870192307692307 0.16346153846153846 0.14543269230769232
0 0.5913461538461539 0.9014423076923077 0.15504807692307693 0.17307692307692307
0 0.18028846153846154 0.9302884615384616 0.12980769230769232 0.1346153846153846
0 0.10817307692307693 0.11658653846153846 0.11658653846153846 0.1875