0 0.5492788461538461 0.1935096153846154 0.20673076923076922 0.1814903846153846
0 0.6850961538461539 0.375 0.09495192307692307 0.44711538461538464
0 0.8088942307692307 0.421875 0.06850961538461539 0.3173076923076923
0 0.046875 0.44711538461538464 0.06971153846153846 0.3076923076923077
0 0.11658653846153846 0.4567307692307692 0.10576923076923077 0.2704326923076923
0 0.7548076923076923 0.5 0.0985576923076923 0.3137019230769231
0 0.4675480769230769 0.6454326923076923 0.15264423076923078 0.3137019230769231
0 0.3329326923076923 0.6490384615384616 0.11298076923076923 0.3076923076923077
0 0.8317307692307693 0.7644230769230769 0.07451923076923077 0.28846153846153844
0 0.6887019230769231 0.8245192307692307 0.07572115384615384 0.3389423076923077
0 0.23197115384615385 0.8413461538461539 0.1346153846153846 0.171875
0 0.7680288461538461 0.8629807692307693 0.078125 0.23557692307692307
0 0.5901442307692307 0.875 0.15144230769230768 0.16947115384615385
0 0.44471153846153844 0.8810096153846154 0.10096153846153846 0.23317307692307693
0 0.7127403846153846 0.921875 0.12740384615384615 0.15144230769230768
0 0.4026442307692308 0.9350961538461539 0.07932692307692307 0.125
0 0.2620192307692308 0.9627403846153846 0.13942307692307693 0.06971153846153846
0 0.7295673076923077 0.10817307692307693 0.19471153846153846 0.21634615384615385