0 0.19471153846153846 0.18028846153846154 0.07932692307692307 0.31490384615384615
0 0.11899038461538461 0.30649038461538464 0.07211538461538461 0.34375
0 0.06129807692307692 0.3317307692307692 0.04326923076923077 0.21514423076923078
0 0.17908653846153846 0.4326923076923077 0.15264423076923078 0.23557692307692307
0 0.039663461538461536 0.45552884615384615 0.052884615384615384 0.22596153846153846
0 0.09615384615384616 0.5276442307692307 0.0673076923076923 0.2668269230769231
0 0.06129807692307692 0.6213942307692307 0.08173076923076923 0.2512019230769231
0 0.27524038461538464 0.8353365384615384 0.09615384615384616 0.20192307692307693
0 0.35697115384615385 0.8461538461538461 0.14543269230769232 0.20072115384615385
0 0.6430288461538461 0.9182692307692307 0.14903846153846154 0.15144230769230768
0 0.4807692307692308 0.9302884615384616 0.125 0.1346153846153846
0 0.20072115384615385 0.9375 0.13221153846153846 0.1201923076923077
0 0.2536057692307692 0.109375 0.08413461538461539 0.21875