0 0.6466346153846154 0.14903846153846154 0.20552884615384615 0.2860576923076923
0 0.11177884615384616 0.17548076923076922 0.1045673076923077 0.2860576923076923
0 0.5132211538461539 0.18028846153846154 0.10817307692307693 0.32091346153846156
0 0.06009615384615385 0.24278846153846154 0.07211538461538461 0.24639423076923078
0 0.7860576923076923 0.3173076923076923 0.10576923076923077 0.4254807692307692
0 0.052884615384615384 0.36658653846153844 0.09495192307692307 0.2668269230769231
0 0.38461538461538464 0.4074519230769231 0.23798076923076922 0.2439903846153846
0 0.11057692307692307 0.4230769230769231 0.09495192307692307 0.3329326923076923
0 0.9423076923076923 0.4579326923076923 0.037259615384615384 0.3317307692307692
0 0.051682692307692304 0.6117788461538461 0.09254807692307693 0.24278846153846154
0 0.45552884615384615 0.6935096153846154 0.11298076923076923 0.28846153846153844
0 0.9555288461538461 0.7403846153846154 0.08533653846153846 0.17307692307692307
0 0.7848557692307693 0.765625 0.10216346153846154 0.3161057692307692
0 0.09615384615384616 0.84375 0.07572115384615384 0.20192307692307693
0 0.9543269230769231 0.08533653846153846 0.06370192307692307 0.15745192307692307
0 0.5216346153846154 0.8942307692307693 0.13581730769230768 0.20192307692307693
0 0.6069711538461539 0.9158653846153846 0.17908653846153846 0.1658653846153846
0 0.38100961538461536 0.9338942307692307 0.1814903846153846 0.12139423076923077
0 0.19831730769230768 0.953125 0.14182692307692307 0.09014423076923077
0 0.3545673076923077 0.10576923076923077 0.19831730769230768 0.21153846153846154