0 0.5817307692307693 0.22956730769230768 0.18509615384615385 0.2668269230769231
0 0.04927884615384615 0.25961538461538464 0.0889423076923077 0.19591346153846154
0 0.14423076923076922 0.41225961538461536 0.16346153846153846 0.23557692307692307
0 0.027644230769230768 0.4807692307692308 0.055288461538461536 0.2644230769230769
0 0.38822115384615385 0.640625 0.14182692307692307 0.31009615384615385
0 0.05048076923076923 0.6442307692307693 0.08052884615384616 0.17908653846153846
0 0.7776442307692307 0.6574519230769231 0.10096153846153846 0.2620192307692308
0 0.5564903846153846 0.7908653846153846 0.07692307692307693 0.18870192307692307
0 0.46634615384615385 0.8810096153846154 0.10096153846153846 0.23317307692307693
0 0.203125 0.9050480769230769 0.1201923076923077 0.1466346153846154
0 0.6105769230769231 0.9194711538461539 0.16826923076923078 0.15625
0 0.41225961538461536 0.9435096153846154 0.1466346153846154 0.10817307692307693
0 0.2512019230769231 0.9591346153846154 0.15625 0.08052884615384616
0 0.7920673076923077 0.10096153846153846 0.1201923076923077 0.20072115384615385