0 0.1935096153846154 0.15264423076923078 0.09375 0.27283653846153844
0 0.109375 0.296875 0.09134615384615384 0.2980769230769231
0 0.04807692307692308 0.41346153846153844 0.08774038461538461 0.2800480769230769
0 0.18389423076923078 0.43149038461538464 0.16706730769230768 0.24158653846153846
0 0.06850961538461539 0.6189903846153846 0.07932692307692307 0.24639423076923078
0 0.34975961538461536 0.8533653846153846 0.1502403846153846 0.19471153846153846
0 0.27163461538461536 0.8713942307692307 0.08173076923076923 0.25240384615384615
0 0.6418269230769231 0.9278846153846154 0.1658653846153846 0.14302884615384615
0 0.5036057692307693 0.9435096153846154 0.12259615384615384 0.11177884615384616
0 0.3737980769230769 0.9507211538461539 0.13221153846153846 0.09375
0 0.2608173076923077 0.10817307692307693 0.0985576923076923 0.21634615384615385