0 0.625 0.14302884615384615 0.1502403846153846 0.2860576923076923
0 0.6069711538461539 0.22235576923076922 0.14543269230769232 0.31009615384615385
0 0.4411057692307692 0.32211538461538464 0.11538461538461539 0.3786057692307692
0 0.05889423076923077 0.4411057692307692 0.11778846153846154 0.1875
0 0.0829326923076923 0.59375 0.0673076923076923 0.2283653846153846
0 0.33533653846153844 0.6141826923076923 0.19471153846153846 0.18509615384615385
0 0.04807692307692308 0.6334134615384616 0.06370192307692307 0.21995192307692307
0 0.0985576923076923 0.06850961538461539 0.08653846153846154 0.13221153846153846
0 0.7367788461538461 0.7223557692307693 0.10336538461538461 0.27163461538461536
0 0.7728365384615384 0.08413461538461539 0.10336538461538461 0.16826923076923078
0 0.6754807692307693 0.8846153846153846 0.17548076923076922 0.15745192307692307
0 0.31009615384615385 0.8978365384615384 0.12259615384615384 0.18389423076923078
0 0.21033653846153846 0.9014423076923077 0.09014423076923077 0.19110576923076922
0 0.47836538461538464 0.9459134615384616 0.17307692307692307 0.10336538461538461
0 0.6802884615384616 0.1045673076923077 0.1201923076923077 0.2091346153846154