0 0.7728365384615384 0.140625 0.14182692307692307 0.28125
0 0.5120192307692307 0.1814903846153846 0.18629807692307693 0.3161057692307692
0 0.7319711538461539 0.2091346153846154 0.11057692307692307 0.34975961538461536
0 0.06370192307692307 0.22956730769230768 0.07091346153846154 0.32211538461538464
0 0.6862980769230769 0.2512019230769231 0.11778846153846154 0.3581730769230769
0 0.12139423076923077 0.42908653846153844 0.08774038461538461 0.30408653846153844
0 0.7896634615384616 0.45072115384615385 0.09615384615384616 0.3473557692307692
0 0.3545673076923077 0.4519230769230769 0.109375 0.37259615384615385
0 0.6971153846153846 0.48677884615384615 0.1346153846153846 0.21875
0 0.05048076923076923 0.5144230769230769 0.09975961538461539 0.28846153846153844
0 0.7860576923076923 0.7572115384615384 0.07091346153846154 0.24639423076923078
0 0.45552884615384615 0.7680288461538461 0.09375 0.3293269230769231
0 0.546875 0.8401442307692307 0.10096153846153846 0.2860576923076923
0 0.6622596153846154 0.9098557692307693 0.19471153846153846 0.16346153846153846
0 0.1971153846153846 0.921875 0.13942307692307693 0.15144230769230768
0 0.33533653846153844 0.9375 0.16105769230769232 0.1201923076923077