0 0.49038461538461536 0.1658653846153846 0.15985576923076922 0.2860576923076923
0 0.7427884615384616 0.17067307692307693 0.15144230769230768 0.19831730769230768
0 0.07211538461538461 0.18629807692307693 0.07211538461538461 0.2980769230769231
0 0.6670673076923077 0.24158653846153846 0.14543269230769232 0.3401442307692308
0 0.21754807692307693 0.27524038461538464 0.15144230769230768 0.35096153846153844
0 0.12379807692307693 0.3161057692307692 0.10216346153846154 0.17668269230769232
0 0.7584134615384616 0.33653846153846156 0.07932692307692307 0.3076923076923077
0 0.7956730769230769 0.43149038461538464 0.09735576923076923 0.2824519230769231
0 0.06370192307692307 0.4831730769230769 0.07211538461538461 0.2956730769230769
0 0.6802884615384616 0.6598557692307693 0.09375 0.2247596153846154
0 0.4891826923076923 0.7487980769230769 0.11658653846153846 0.18629807692307693
0 0.8088942307692307 0.7572115384615384 0.06009615384615385 0.2247596153846154
0 0.71875 0.7668269230769231 0.0889423076923077 0.23798076923076922
0 0.5276442307692307 0.8918269230769231 0.12379807692307693 0.19591346153846154
0 0.6514423076923077 0.9182692307692307 0.10576923076923077 0.15865384615384615
0 0.20432692307692307 0.9399038461538461 0.12139423076923077 0.11899038461538461
0 0.3293269230769231 0.9615384615384616 0.15384615384615385 0.07211538461538461
0 0.7824519230769231 0.12620192307692307 0.12740384615384615 0.21394230769230768