0 0.08653846153846154 0.20793269230769232 0.10336538461538461 0.2403846153846154
0 0.32091346153846156 0.22355769230769232 0.1346153846153846 0.3088942307692308
0 0.24879807692307693 0.234375 0.1141826923076923 0.3329326923076923
0 0.06971153846153846 0.2932692307692308 0.08774038461538461 0.2620192307692308
0 0.04447115384615385 0.47115384615384615 0.07211538461538461 0.28846153846153844
0 0.09495192307692307 0.5216346153846154 0.0985576923076923 0.23798076923076922
0 0.9519230769230769 0.5276442307692307 0.052884615384615384 0.23798076923076922
0 0.06490384615384616 0.640625 0.06971153846153846 0.12379807692307693
0 0.046875 0.6430288461538461 0.09254807692307693 0.2668269230769231
0 0.7536057692307693 0.7884615384615384 0.11899038461538461 0.25
0 0.38822115384615385 0.08533653846153846 0.13822115384615385 0.15745192307692307
0 0.0889423076923077 0.8605769230769231 0.06610576923076923 0.24879807692307693
0 0.18870192307692307 0.9038461538461539 0.07932692307692307 0.18269230769230768
0 0.41346153846153844 0.9110576923076923 0.14903846153846154 0.15264423076923078
0 0.265625 0.9158653846153846 0.15985576923076922 0.1658653846153846
0 0.5528846153846154 0.9194711538461539 0.19591346153846154 0.1201923076923077
0 0.15384615384615385 0.9254807692307693 0.08413461538461539 0.14543269230769232
0 0.13942307692307693 0.109375 0.06009615384615385 0.19951923076923078
0 0.109375 0.11658653846153846 0.06370192307692307 0.21394230769230768
0 0.4951923076923077 0.1310096153846154 0.22596153846153846 0.25961538461538464