0 0.7536057692307693 0.1658653846153846 0.1502403846153846 0.31009615384615385
0 0.07932692307692307 0.2620192307692308 0.10096153846153846 0.28365384615384615
0 0.04807692307692308 0.3329326923076923 0.0829326923076923 0.24879807692307693
0 0.31850961538461536 0.38461538461538464 0.13221153846153846 0.390625
0 0.15985576923076922 0.41225961538461536 0.12259615384615384 0.27163461538461536
0 0.9543269230769231 0.45913461538461536 0.051682692307692304 0.3076923076923077
0 0.7788461538461539 0.5216346153846154 0.10576923076923077 0.27163461538461536
0 0.054086538461538464 0.5276442307692307 0.08653846153846154 0.25961538461538464
0 0.4735576923076923 0.055288461538461536 0.14182692307692307 0.109375
0 0.9543269230769231 0.6502403846153846 0.08052884615384616 0.1201923076923077
0 0.6995192307692307 0.703125 0.15384615384615385 0.2403846153846154
0 0.7752403846153846 0.7824519230769231 0.08173076923076923 0.24639423076923078
0 0.7836538461538461 0.07932692307692307 0.08173076923076923 0.15264423076923078
0 0.36658653846153844 0.8028846153846154 0.13822115384615385 0.24639423076923078
0 0.5024038461538461 0.8581730769230769 0.11778846153846154 0.26802884615384615
0 0.27524038461538464 0.8689903846153846 0.08413461538461539 0.25961538461538464
0 0.19831730769230768 0.875 0.14182692307692307 0.11778846153846154
0 0.6887019230769231 0.8798076923076923 0.14182692307692307 0.15865384615384615
0 0.40865384615384615 0.8870192307692307 0.14783653846153846 0.109375
0 0.5925480769230769 0.9002403846153846 0.1310096153846154 0.19110576923076922
0 0.1971153846153846 0.9519230769230769 0.11899038461538461 0.08774038461538461
0 0.42427884615384615 0.9615384615384616 0.17548076923076922 0.07211538461538461
0 0.11057692307692307 0.13822115384615385 0.109375 0.25721153846153844