0 0.6826923076923077 0.28125 0.1466346153846154 0.32091346153846156
0 0.7884615384615384 0.3004807692307692 0.10096153846153846 0.3485576923076923
0 0.7151442307692307 0.4206730769230769 0.10336538461538461 0.3125
0 0.35697115384615385 0.6466346153846154 0.140625 0.33413461538461536
0 0.7956730769230769 0.6766826923076923 0.09375 0.27403846153846156
0 0.06610576923076923 0.6995192307692307 0.10576923076923077 0.29086538461538464
0 0.75 0.796875 0.14423076923076922 0.20793269230769232
0 0.6658653846153846 0.8197115384615384 0.11778846153846154 0.2644230769230769
0 0.22956730769230768 0.8858173076923077 0.1502403846153846 0.21875
0 0.30288461538461536 0.9278846153846154 0.1622596153846154 0.14182692307692307
0 0.4951923076923077 0.9387019230769231 0.15384615384615385 0.12139423076923077
0 0.10697115384615384 0.10336538461538461 0.16947115384615385 0.1310096153846154
0 0.6875 0.12620192307692307 0.1045673076923077 0.25240384615384615