0 0.1502403846153846 0.16706730769230768 0.07211538461538461 0.25600961538461536
0 0.04326923076923077 0.20432692307692307 0.07451923076923077 0.23798076923076922
0 0.8088942307692307 0.2776442307692308 0.12860576923076922 0.328125
0 0.7211538461538461 0.4326923076923077 0.12860576923076922 0.34615384615384615
0 0.08052884615384616 0.4543269230769231 0.1201923076923077 0.22355769230769232
0 0.8004807692307693 0.6923076923076923 0.09254807692307693 0.26802884615384615
0 0.484375 0.7752403846153846 0.14783653846153846 0.28125
0 0.7295673076923077 0.7836538461538461 0.09495192307692307 0.19471153846153846
0 0.6706730769230769 0.8161057692307693 0.14543269230769232 0.27884615384615385
0 0.28365384615384615 0.8569711538461539 0.15985576923076922 0.1466346153846154
0 0.5012019230769231 0.9338942307692307 0.1466346153846154 0.12740384615384615
0 0.29927884615384615 0.9411057692307693 0.17067307692307693 0.11298076923076923
0 0.703125 0.10697115384615384 0.1045673076923077 0.21394230769230768