0 0.6021634615384616 0.2091346153846154 0.1622596153846154 0.359375
0 0.6838942307692307 0.2956730769230769 0.12620192307692307 0.32572115384615385
0 0.43990384615384615 0.32211538461538464 0.10096153846153846 0.375
0 0.05889423076923077 0.4326923076923077 0.1141826923076923 0.15745192307692307
0 0.0889423076923077 0.5961538461538461 0.06971153846153846 0.23317307692307693
0 0.9639423076923077 0.6286057692307693 0.07091346153846154 0.13701923076923078
0 0.3389423076923077 0.6418269230769231 0.17307692307692307 0.2536057692307692
0 0.7403846153846154 0.7235576923076923 0.09495192307692307 0.30528846153846156
0 0.6862980769230769 0.8858173076923077 0.15625 0.11298076923076923
0 0.2980769230769231 0.8978365384615384 0.1346153846153846 0.18629807692307693
0 0.47475961538461536 0.9170673076923077 0.17548076923076922 0.13221153846153846
0 0.9579326923076923 0.11899038461538461 0.05889423076923077 0.23798076923076922
0 0.051682692307692304 0.11899038461538461 0.09134615384615384 0.20072115384615385