0 0.35336538461538464 0.15745192307692307 0.12259615384615384 0.31490384615384615
0 0.10697115384615384 0.27163461538461536 0.0673076923076923 0.2247596153846154
0 0.2548076923076923 0.27163461538461536 0.12860576923076922 0.2608173076923077
0 0.7572115384615384 0.34975961538461536 0.16466346153846154 0.3329326923076923
0 0.08413461538461539 0.3762019230769231 0.07211538461538461 0.21875
0 0.078125 0.49158653846153844 0.08774038461538461 0.17908653846153846
0 0.028846153846153848 0.6057692307692307 0.057692307692307696 0.25600961538461536
0 0.22596153846153846 0.06971153846153846 0.15384615384615385 0.12860576923076922
0 0.33653846153846156 0.8137019230769231 0.140625 0.14903846153846154
0 0.7487980769230769 0.8377403846153846 0.12980769230769232 0.21153846153846154
0 0.08653846153846154 0.8401442307692307 0.078125 0.18870192307692307
0 0.24278846153846154 0.8473557692307693 0.09735576923076923 0.21033653846153846
0 0.5721153846153846 0.9266826923076923 0.18990384615384615 0.140625
0 0.41346153846153844 0.9411057692307693 0.15384615384615385 0.11298076923076923