0 0.48677884615384615 0.14302884615384615 0.1875 0.2127403846153846
0 0.09254807692307693 0.1971153846153846 0.07451923076923077 0.22956730769230768
0 0.3161057692307692 0.21875 0.12259615384615384 0.3076923076923077
0 0.24639423076923078 0.24639423076923078 0.10817307692307693 0.3762019230769231
0 0.039663461538461536 0.46875 0.046875 0.2512019230769231
0 0.0889423076923077 0.5480769230769231 0.06850961538461539 0.203125
0 0.04326923076923077 0.6382211538461539 0.056490384615384616 0.1814903846153846
0 0.7704326923076923 0.7992788461538461 0.09495192307692307 0.21875
0 0.6971153846153846 0.08173076923076923 0.18629807692307693 0.1622596153846154
0 0.5637019230769231 0.8930288461538461 0.19591346153846154 0.17067307692307693
0 0.2824519230769231 0.9158653846153846 0.140625 0.14783653846153846
0 0.4230769230769231 0.921875 0.16826923076923078 0.15144230769230768