0 0.13341346153846154 0.140625 0.16105769230769232 0.21875
0 0.7908653846153846 0.14423076923076922 0.08533653846153846 0.27283653846153844
0 0.6490384615384616 0.19230769230769232 0.07211538461538461 0.3425480769230769
0 0.7331730769230769 0.203125 0.08413461538461539 0.34615384615384615
0 0.04927884615384615 0.23317307692307693 0.09735576923076923 0.203125
0 0.1814903846153846 0.32211538461538464 0.09975961538461539 0.3605769230769231
0 0.4579326923076923 0.33774038461538464 0.10216346153846154 0.3173076923076923
0 0.7091346153846154 0.3473557692307692 0.09735576923076923 0.3545673076923077
0 0.8004807692307693 0.4254807692307692 0.0985576923076923 0.3088942307692308
0 0.2932692307692308 0.46875 0.12620192307692307 0.3389423076923077
0 0.03485576923076923 0.5697115384615384 0.06971153846153846 0.3173076923076923
0 0.7956730769230769 0.6670673076923077 0.08413461538461539 0.2824519230769231
0 0.4519230769230769 0.8305288461538461 0.16706730769230768 0.21033653846153846
0 0.203125 0.8677884615384616 0.15985576923076922 0.11778846153846154
0 0.2764423076923077 0.8653846153846154 0.16346153846153846 0.2644230769230769
0 0.6550480769230769 0.8798076923076923 0.12139423076923077 0.16105769230769232
0 0.7475961538461539 0.8978365384615384 0.12379807692307693 0.16826923076923078
0 0.4567307692307692 0.9242788461538461 0.14182692307692307 0.13942307692307693
0 0.5661057692307693 0.9314903846153846 0.14182692307692307 0.1346153846153846
0 0.5889423076923077 0.1346153846153846 0.10817307692307693 0.26802884615384615