0 0.1141826923076923 0.24879807692307693 0.06490384615384616 0.3245192307692308
0 0.25 0.27884615384615385 0.13581730769230768 0.27524038461538464
0 0.7331730769230769 0.34615384615384615 0.1778846153846154 0.31490384615384615
0 0.09254807692307693 0.38100961538461536 0.125 0.25600961538461536
0 0.0733173076923077 0.5132211538461539 0.11778846153846154 0.1778846153846154
0 0.04807692307692308 0.6237980769230769 0.09615384615384616 0.31490384615384615
0 0.2439903846153846 0.8377403846153846 0.15865384615384615 0.16947115384615385
0 0.7596153846153846 0.84375 0.13581730769230768 0.21875
0 0.38221153846153844 0.8545673076923077 0.21153846153846154 0.21153846153846154
0 0.5649038461538461 0.9194711538461539 0.16346153846153846 0.14783653846153846
0 0.39663461538461536 0.9447115384615384 0.1814903846153846 0.10697115384615384
0 0.2920673076923077 0.9591346153846154 0.15625 0.07932692307692307
0 0.3473557692307692 0.1201923076923077 0.140625 0.234375