0 0.7055288461538461 0.19951923076923078 0.16346153846153846 0.23557692307692307
0 0.12980769230769232 0.21875 0.09615384615384616 0.30288461538461536
0 0.796875 0.2403846153846154 0.14423076923076922 0.2536057692307692
0 0.06971153846153846 0.2692307692307692 0.09495192307692307 0.31971153846153844
0 0.24639423076923078 0.40865384615384615 0.10576923076923077 0.2932692307692308
0 0.06129807692307692 0.49278846153846156 0.1141826923076923 0.20072115384615385
0 0.7932692307692307 0.5625 0.09495192307692307 0.3137019230769231
0 0.052884615384615384 0.6911057692307693 0.078125 0.24639423076923078
0 0.7668269230769231 0.7848557692307693 0.09375 0.23918269230769232
0 0.47716346153846156 0.8269230769230769 0.12379807692307693 0.22235576923076922
0 0.7247596153846154 0.8569711538461539 0.140625 0.18870192307692307
0 0.5564903846153846 0.9266826923076923 0.16947115384615385 0.14423076923076922
0 0.18870192307692307 0.9314903846153846 0.16706730769230768 0.1346153846153846