0 0.27163461538461536 0.2403846153846154 0.16346153846153846 0.33774038461538464
0 0.06370192307692307 0.27163461538461536 0.11057692307692307 0.2247596153846154
0 0.7788461538461539 0.42788461538461536 0.10216346153846154 0.3425480769230769
0 0.2848557692307692 0.43509615384615385 0.15745192307692307 0.2620192307692308
0 0.6887019230769231 0.44471153846153844 0.15865384615384615 0.16346153846153846
0 0.12620192307692307 0.484375 0.08653846153846154 0.2980769230769231
0 0.046875 0.5985576923076923 0.06129807692307692 0.2824519230769231
0 0.9447115384615384 0.6622596153846154 0.0829326923076923 0.20192307692307693
0 0.8161057692307693 0.6778846153846154 0.05889423076923077 0.28125
0 0.3088942307692308 0.7632211538461539 0.10096153846153846 0.328125
0 0.7584134615384616 0.7644230769230769 0.0889423076923077 0.3076923076923077
0 0.09014423076923077 0.8257211538461539 0.06490384615384616 0.2091346153846154
0 0.234375 0.8569711538461539 0.11177884615384616 0.140625
0 0.6550480769230769 0.8894230769230769 0.15625 0.15504807692307693
0 0.4963942307692308 0.9278846153846154 0.14182692307692307 0.13942307692307693
0 0.5709134615384616 0.09375 0.12139423076923077 0.1875
0 0.1875 0.9435096153846154 0.10576923076923077 0.10817307692307693
0 0.09134615384615384 0.12740384615384615 0.07211538461538461 0.20192307692307693
0 0.7331730769230769 0.13221153846153846 0.15985576923076922 0.24519230769230768