0 0.23076923076923078 0.23677884615384615 0.17427884615384615 0.2920673076923077
0 0.14783653846153846 0.35216346153846156 0.17427884615384615 0.15264423076923078
0 0.04447115384615385 0.3713942307692308 0.0889423076923077 0.2860576923076923
0 0.016826923076923076 0.47115384615384615 0.03365384615384615 0.25
0 0.41346153846153844 0.53125 0.18389423076923078 0.203125
0 0.046875 0.6081730769230769 0.04927884615384615 0.19110576923076922
0 0.7992788461538461 0.6694711538461539 0.09134615384615384 0.2776442307692308
0 0.609375 0.7704326923076923 0.18509615384615385 0.15625
0 0.7596153846153846 0.8004807692307693 0.10697115384615384 0.3173076923076923
0 0.7367788461538461 0.8762019230769231 0.16346153846153846 0.14302884615384615
0 0.6153846153846154 0.8798076923076923 0.1502403846153846 0.16105769230769232
0 0.3293269230769231 0.9050480769230769 0.1622596153846154 0.18629807692307693
0 0.25240384615384615 0.921875 0.14903846153846154 0.15144230769230768
0 0.48197115384615385 0.9266826923076923 0.21153846153846154 0.14423076923076922
0 0.7848557692307693 0.1201923076923077 0.12980769230769232 0.2403846153846154