0 0.7487980769230769 0.15264423076923078 0.15745192307692307 0.24639423076923078
0 0.5637019230769231 0.21754807692307693 0.13942307692307693 0.33052884615384615
0 0.06850961538461539 0.27283653846153844 0.13701923076923078 0.24759615384615385
0 0.7704326923076923 0.4230769230769231 0.12860576923076922 0.36899038461538464
0 0.09735576923076923 0.4855769230769231 0.0889423076923077 0.3076923076923077
0 0.04807692307692308 0.5805288461538461 0.07692307692307693 0.3004807692307692
0 0.9543269230769231 0.6021634615384616 0.056490384615384616 0.23798076923076922
0 0.96875 0.7391826923076923 0.06129807692307692 0.14543269230769232
0 0.9194711538461539 0.7512019230769231 0.05889423076923077 0.20793269230769232
0 0.7680288461538461 0.765625 0.10697115384615384 0.31490384615384615
0 0.08533653846153846 0.828125 0.06850961538461539 0.2127403846153846
0 0.47475961538461536 0.828125 0.18028846153846154 0.2283653846153846
0 0.6899038461538461 0.0829326923076923 0.16826923076923078 0.14783653846153846
0 0.24278846153846154 0.8701923076923077 0.16947115384615385 0.1971153846153846
0 0.6442307692307693 0.8954326923076923 0.20673076923076922 0.125
0 0.3737980769230769 0.9038461538461539 0.13341346153846154 0.18990384615384615
0 0.796875 0.09495192307692307 0.08533653846153846 0.18990384615384615
0 0.1814903846153846 0.9471153846153846 0.1466346153846154 0.09735576923076923
0 0.47475961538461536 0.9459134615384616 0.1622596153846154 0.10576923076923077
0 0.08052884615384616 0.12980769230769232 0.1201923076923077 0.234375