0 0.6526442307692307 0.14423076923076922 0.16706730769230768 0.28846153846153844
0 0.1141826923076923 0.15264423076923078 0.109375 0.2860576923076923
0 0.06490384615384616 0.22716346153846154 0.06129807692307692 0.28365384615384615
0 0.44591346153846156 0.29447115384615385 0.13942307692307693 0.3485576923076923
0 0.7007211538461539 0.33413461538461536 0.17067307692307693 0.18389423076923078
0 0.7848557692307693 0.36538461538461536 0.1141826923076923 0.25961538461538464
0 0.8173076923076923 0.4375 0.09375 0.3137019230769231
0 0.7211538461538461 0.6009615384615384 0.1045673076923077 0.2956730769230769
0 0.7848557692307693 0.6454326923076923 0.08774038461538461 0.2776442307692308
0 0.39663461538461536 0.671875 0.18990384615384615 0.21995192307692307
0 0.6586538461538461 0.6935096153846154 0.08173076923076923 0.21634615384615385
0 0.0733173076923077 0.7932692307692307 0.09375 0.35216346153846156
0 0.28966346153846156 0.8329326923076923 0.109375 0.18870192307692307
0 0.6694711538461539 0.8665865384615384 0.16105769230769232 0.20072115384615385
0 0.41586538461538464 0.8954326923076923 0.16105769230769232 0.14182692307692307
0 0.4963942307692308 0.9266826923076923 0.15144230769230768 0.0985576923076923
0 0.35216346153846156 0.9555288461538461 0.15625 0.08774038461538461
0 0.7536057692307693 0.12139423076923077 0.12740384615384615 0.18269230769230768