0 0.078125 0.17427884615384615 0.09735576923076923 0.2608173076923077
0 0.7896634615384616 0.2127403846153846 0.11057692307692307 0.30408653846153844
0 0.17548076923076922 0.2860576923076923 0.11057692307692307 0.3112980769230769
0 0.4026442307692308 0.31009615384615385 0.11538461538461539 0.4423076923076923
0 0.6766826923076923 0.3137019230769231 0.13822115384615385 0.27524038461538464
0 0.04326923076923077 0.47716346153846156 0.08533653846153846 0.28365384615384615
0 0.7223557692307693 0.48677884615384615 0.15144230769230768 0.28846153846153844
0 0.051682692307692304 0.7151442307692307 0.09375 0.25240384615384615
0 0.5 0.7415865384615384 0.07091346153846154 0.25600961538461536
0 0.78125 0.7776442307692307 0.140625 0.21153846153846154
0 0.29447115384615385 0.7788461538461539 0.15384615384615385 0.16346153846153846
0 0.20192307692307693 0.8774038461538461 0.08173076923076923 0.15985576923076922
0 0.34975961538461536 0.9182692307692307 0.0985576923076923 0.15865384615384615
0 0.7367788461538461 0.9254807692307693 0.14423076923076922 0.12379807692307693
0 0.5216346153846154 0.9435096153846154 0.13581730769230768 0.11177884615384616
0 0.14302884615384615 0.10336538461538461 0.0673076923076923 0.15985576923076922