0 0.7247596153846154 0.16706730769230768 0.13701923076923078 0.33413461538461536
0 0.203125 0.38221153846153844 0.10697115384615384 0.3425480769230769
0 0.046875 0.38221153846153844 0.08413461538461539 0.27283653846153844
0 0.7932692307692307 0.45072115384615385 0.07572115384615384 0.3701923076923077
0 0.3173076923076923 0.49158653846153844 0.21875 0.17908653846153846
0 0.41947115384615385 0.5216346153846154 0.0985576923076923 0.3942307692307692
0 0.6634615384615384 0.5985576923076923 0.08413461538461539 0.3798076923076923
0 0.2980769230769231 0.8125 0.078125 0.2860576923076923
0 0.7896634615384616 0.84375 0.06610576923076923 0.23798076923076922
0 0.38221153846153844 0.875 0.08653846153846154 0.24519230769230768
0 0.7007211538461539 0.8810096153846154 0.14903846153846154 0.17548076923076922
0 0.5 0.9278846153846154 0.1622596153846154 0.14302884615384615
0 0.8040865384615384 0.10576923076923077 0.06971153846153846 0.21153846153846154