0 0.7367788461538461 0.19831730769230768 0.13822115384615385 0.3076923076923077
0 0.5444711538461539 0.20793269230769232 0.26322115384615385 0.19591346153846154
0 0.06009615384615385 0.24278846153846154 0.08774038461538461 0.34134615384615385
0 0.6778846153846154 0.3004807692307692 0.1310096153846154 0.33653846153846156
0 0.10096153846153846 0.3161057692307692 0.08052884615384616 0.3112980769230769
0 0.2439903846153846 0.36538461538461536 0.13701923076923078 0.28125
0 0.12740384615384615 0.3701923076923077 0.08653846153846154 0.3088942307692308
0 0.7872596153846154 0.4423076923076923 0.057692307692307696 0.3245192307692308
0 0.3485576923076923 0.45552884615384615 0.12259615384615384 0.36778846153846156
0 0.6935096153846154 0.7427884615384616 0.1875 0.18269230769230768
0 0.8016826923076923 0.7824519230769231 0.06971153846153846 0.2439903846153846
0 0.3713942307692308 0.8377403846153846 0.18389423076923078 0.10336538461538461
0 0.5204326923076923 0.84375 0.11298076923076923 0.25600961538461536
0 0.6622596153846154 0.9014423076923077 0.1622596153846154 0.12139423076923077
0 0.19951923076923078 0.9170673076923077 0.11298076923076923 0.1622596153846154
0 0.3389423076923077 0.9639423076923077 0.16466346153846154 0.07091346153846154
0 0.7692307692307693 0.13822115384615385 0.1346153846153846 0.2764423076923077