0 0.23197115384615385 0.23557692307692307 0.07091346153846154 0.30649038461538464
0 0.0733173076923077 0.23677884615384615 0.07572115384615384 0.28125
0 0.30528846153846156 0.2692307692307692 0.09735576923076923 0.3449519230769231
0 0.7836538461538461 0.359375 0.109375 0.3173076923076923
0 0.06850961538461539 0.4675480769230769 0.0889423076923077 0.26322115384615385
0 0.9567307692307693 0.5757211538461539 0.08052884615384616 0.1201923076923077
0 0.04807692307692308 0.6610576923076923 0.06009615384615385 0.24639423076923078
0 0.6550480769230769 0.07451923076923077 0.23798076923076922 0.14903846153846154
0 0.7800480769230769 0.78125 0.1045673076923077 0.265625
0 0.3762019230769231 0.08653846153846154 0.16466346153846154 0.17307692307692307
0 0.6875 0.8774038461538461 0.13822115384615385 0.0829326923076923
0 0.2536057692307692 0.8966346153846154 0.16466346153846154 0.08774038461538461
0 0.5721153846153846 0.9278846153846154 0.11899038461538461 0.14302884615384615
0 0.43149038461538464 0.9399038461538461 0.18269230769230768 0.11899038461538461
0 0.2824519230769231 0.9519230769230769 0.12980769230769232 0.052884615384615384
0 0.10697115384615384 0.11177884615384616 0.11298076923076923 0.22355769230769232