0 0.48677884615384615 0.18269230769230768 0.15264423076923078 0.36538461538461536
0 0.7944711538461539 0.18629807692307693 0.07692307692307693 0.3125
0 0.06610576923076923 0.35336538461538464 0.13221153846153846 0.375
0 0.23197115384615385 0.38461538461538464 0.09615384615384616 0.3269230769230769
0 0.3473557692307692 0.48197115384615385 0.18269230769230768 0.34134615384615385
0 0.9639423076923077 0.49759615384615385 0.07091346153846154 0.20673076923076922
0 0.055288461538461536 0.5096153846153846 0.11057692307692307 0.16826923076923078
0 0.8004807692307693 0.5444711538461539 0.09495192307692307 0.29927884615384615
0 0.04326923076923077 0.6514423076923077 0.08653846153846154 0.30649038461538464
0 0.3485576923076923 0.7367788461538461 0.140625 0.16346153846153846
0 0.7728365384615384 0.7632211538461539 0.0985576923076923 0.2644230769230769
0 0.40024038461538464 0.8497596153846154 0.1346153846153846 0.19591346153846154
0 0.7271634615384616 0.8497596153846154 0.12620192307692307 0.1814903846153846
0 0.5132211538461539 0.8545673076923077 0.12620192307692307 0.21875
0 0.16346153846153846 0.9278846153846154 0.13942307692307693 0.13942307692307693
0 0.5528846153846154 0.9338942307692307 0.1778846153846154 0.12740384615384615
0 0.28846153846153844 0.9375 0.12980769230769232 0.1201923076923077
0 0.7415865384615384 0.1310096153846154 0.09254807692307693 0.2620192307692308