0 0.46634615384615385 0.2548076923076923 0.21153846153846154 0.17067307692307693
0 0.25240384615384615 0.25600961538461536 0.12860576923076922 0.3125
0 0.038461538461538464 0.3076923076923077 0.07692307692307693 0.23557692307692307
0 0.17427884615384615 0.33052884615384615 0.0889423076923077 0.25961538461538464
0 0.8197115384615384 0.40384615384615385 0.10216346153846154 0.35216346153846156
0 0.02403846153846154 0.48677884615384615 0.04807692307692308 0.25240384615384615
0 0.06610576923076923 0.6009615384615384 0.10697115384615384 0.14903846153846154
0 0.4050480769230769 0.6430288461538461 0.1141826923076923 0.35096153846153844
0 0.6742788461538461 0.6454326923076923 0.15504807692307693 0.15264423076923078
0 0.7668269230769231 0.7992788461538461 0.10576923076923077 0.28846153846153844
0 0.08533653846153846 0.8353365384615384 0.08774038461538461 0.1935096153846154
0 0.3173076923076923 0.8473557692307693 0.15264423076923078 0.13341346153846154
0 0.6490384615384616 0.9134615384615384 0.14423076923076922 0.12860576923076922
0 0.2127403846153846 0.9338942307692307 0.13221153846153846 0.12740384615384615
0 0.5216346153846154 0.9435096153846154 0.13942307692307693 0.10817307692307693
0 0.37740384615384615 0.96875 0.16346153846153846 0.057692307692307696