0 0.12379807692307693 0.14302884615384615 0.10576923076923077 0.2247596153846154
0 0.08653846153846154 0.21634615384615385 0.08173076923076923 0.25961538461538464
0 0.23197115384615385 0.234375 0.12379807692307693 0.4074519230769231
0 0.3004807692307692 0.29927884615384615 0.140625 0.31490384615384615
0 0.7980769230769231 0.35336538461538464 0.10576923076923077 0.3112980769230769
0 0.06610576923076923 0.4831730769230769 0.0829326923076923 0.3112980769230769
0 0.051682692307692304 0.6526442307692307 0.09615384615384616 0.28125
0 0.6514423076923077 0.07692307692307693 0.23317307692307693 0.15384615384615385
0 0.7884615384615384 0.7836538461538461 0.12259615384615384 0.27283653846153844
0 0.5685096153846154 0.875 0.15985576923076922 0.2247596153846154
0 0.25961538461538464 0.8846153846153846 0.15264423076923078 0.08774038461538461
0 0.7115384615384616 0.9170673076923077 0.15144230769230768 0.1622596153846154
0 0.43509615384615385 0.9266826923076923 0.13942307692307693 0.14423076923076922
0 0.3125 0.9639423076923077 0.15985576923076922 0.07091346153846154
0 0.36778846153846156 0.10336538461538461 0.17067307692307693 0.20673076923076922