0 0.08052884615384616 0.23677884615384615 0.1310096153846154 0.2608173076923077
0 0.7548076923076923 0.3485576923076923 0.15745192307692307 0.3581730769230769
0 0.140625 0.45913461538461536 0.14783653846153846 0.32211538461538464
0 0.36538461538461536 0.49158653846153844 0.21394230769230768 0.31971153846153844
0 0.7427884615384616 0.5576923076923077 0.078125 0.3269230769230769
0 0.7980769230769231 0.609375 0.08653846153846154 0.2980769230769231
0 0.6850961538461539 0.6310096153846154 0.10216346153846154 0.2776442307692308
0 0.07692307692307693 0.6478365384615384 0.10096153846153846 0.27163461538461536
0 0.7427884615384616 0.7788461538461539 0.15745192307692307 0.2608173076923077
0 0.6610576923076923 0.8569711538461539 0.14783653846153846 0.1875
0 0.23317307692307693 0.90625 0.12980769230769232 0.18269230769230768
0 0.390625 0.9411057692307693 0.15625 0.11298076923076923