0 0.11538461538461539 0.15144230769230768 0.1466346153846154 0.2283653846153846
0 0.1310096153846154 0.38100961538461536 0.13581730769230768 0.22235576923076922
0 0.7824519230769231 0.4050480769230769 0.11778846153846154 0.31850961538461536
0 0.040865384615384616 0.4495192307692308 0.08173076923076923 0.2283653846153846
0 0.09735576923076923 0.6141826923076923 0.08774038461538461 0.17427884615384615
0 0.78125 0.6622596153846154 0.11177884615384616 0.3125
0 0.38822115384615385 0.78125 0.19230769230769232 0.25961538461538464
0 0.28846153846153844 0.8209134615384616 0.15745192307692307 0.171875
0 0.21754807692307693 0.8954326923076923 0.0733173076923077 0.16105769230769232
0 0.7860576923076923 0.09735576923076923 0.0829326923076923 0.1935096153846154
0 0.703125 0.11658653846153846 0.1466346153846154 0.22115384615384615