0 0.5853365384615384 0.21394230769230768 0.16466346153846154 0.25721153846153844
0 0.7211538461538461 0.2848557692307692 0.16466346153846154 0.24158653846153846
0 0.0673076923076923 0.29447115384615385 0.11298076923076923 0.24158653846153846
0 0.7980769230769231 0.41586538461538464 0.09014423076923077 0.34975961538461536
0 0.42427884615384615 0.44711538461538464 0.14783653846153846 0.2644230769230769
0 0.6826923076923077 0.4951923076923077 0.15745192307692307 0.28966346153846156
0 0.06009615384615385 0.515625 0.11538461538461539 0.23317307692307693
0 0.040865384615384616 0.5661057692307693 0.08173076923076923 0.24759615384615385
0 0.8064903846153846 0.7560096153846154 0.08653846153846154 0.2932692307692308
0 0.055288461538461536 0.7764423076923077 0.07932692307692307 0.20072115384615385
0 0.25 0.8257211538461539 0.10096153846153846 0.20552884615384615
0 0.5384615384615384 0.8677884615384616 0.056490384615384616 0.2620192307692308
0 0.30649038461538464 0.8834134615384616 0.14903846153846154 0.17908653846153846
0 0.359375 0.9471153846153846 0.16826923076923078 0.10096153846153846