0 0.6177884615384616 0.18028846153846154 0.09495192307692307 0.359375
0 0.039663461538461536 0.20673076923076922 0.07932692307692307 0.2980769230769231
0 0.4387019230769231 0.2608173076923077 0.1814903846153846 0.24879807692307693
0 0.040865384615384616 0.4230769230769231 0.08052884615384616 0.22115384615384615
0 0.13942307692307693 0.43990384615384615 0.17067307692307693 0.18389423076923078
0 0.10096153846153846 0.5925480769230769 0.08653846153846154 0.24879807692307693
0 0.05889423076923077 0.6117788461538461 0.06971153846153846 0.27403846153846156
0 0.3329326923076923 0.6694711538461539 0.09495192307692307 0.31850961538461536
0 0.46274038461538464 0.6887019230769231 0.09615384615384616 0.39903846153846156
0 0.7391826923076923 0.7439903846153846 0.07451923076923077 0.28725961538461536
0 0.7836538461538461 0.7475961538461539 0.078125 0.2956730769230769
0 0.7788461538461539 0.08653846153846154 0.10336538461538461 0.17307692307692307
0 0.48197115384615385 0.8846153846153846 0.1814903846153846 0.19831730769230768
0 0.21995192307692307 0.8870192307692307 0.10336538461538461 0.22115384615384615
0 0.30528846153846156 0.9074519230769231 0.14543269230769232 0.18389423076923078
0 0.6826923076923077 0.10336538461538461 0.109375 0.20552884615384615