0 0.5877403846153846 0.1875 0.09615384615384616 0.34975961538461536
0 0.10216346153846154 0.18990384615384615 0.11658653846153846 0.2776442307692308
0 0.03365384615384615 0.20552884615384615 0.054086538461538464 0.2536057692307692
0 0.140625 0.34615384615384615 0.09615384615384616 0.25600961538461536
0 0.7872596153846154 0.34975961538461536 0.10817307692307693 0.1935096153846154
0 0.039663461538461536 0.4519230769230769 0.078125 0.2247596153846154
0 0.7668269230769231 0.484375 0.14182692307692307 0.28966346153846156
0 0.7223557692307693 0.53125 0.11057692307692307 0.24639423076923078
0 0.07091346153846154 0.5649038461538461 0.078125 0.23557692307692307
0 0.7103365384615384 0.6033653846153846 0.1141826923076923 0.16105769230769232
0 0.6730769230769231 0.75 0.14302884615384615 0.17548076923076922
0 0.7980769230769231 0.7836538461538461 0.08653846153846154 0.2704326923076923
0 0.7512019230769231 0.796875 0.06009615384615385 0.24278846153846154
0 0.6694711538461539 0.8569711538461539 0.14182692307692307 0.140625
0 0.5697115384615384 0.8653846153846154 0.07572115384615384 0.26802884615384615
0 0.3004807692307692 0.8762019230769231 0.10697115384615384 0.18509615384615385
0 0.20072115384615385 0.8930288461538461 0.08653846153846154 0.20432692307692307