0 0.040865384615384616 0.22596153846153846 0.08173076923076923 0.27163461538461536
0 0.24879807692307693 0.2439903846153846 0.14302884615384615 0.3016826923076923
0 0.052884615384615384 0.36538461538461536 0.09735576923076923 0.2536057692307692
0 0.15625 0.36658653846153844 0.1502403846153846 0.15865384615384615
0 0.025240384615384616 0.47115384615384615 0.05048076923076923 0.27403846153846156
0 0.8197115384615384 0.5024038461538461 0.10336538461538461 0.39302884615384615
0 0.40865384615384615 0.5096153846153846 0.15865384615384615 0.2536057692307692
0 0.06129807692307692 0.6382211538461539 0.06490384615384616 0.2512019230769231
0 0.8052884615384616 0.7536057692307693 0.052884615384615384 0.3016826923076923
0 0.9555288461538461 0.7620192307692307 0.0829326923076923 0.13822115384615385
0 0.7860576923076923 0.8088942307692307 0.11899038461538461 0.21754807692307693
0 0.6105769230769231 0.859375 0.140625 0.23677884615384615
0 0.5108173076923077 0.8641826923076923 0.10817307692307693 0.23677884615384615
0 0.29086538461538464 0.875 0.1658653846153846 0.24879807692307693
0 0.7331730769230769 0.8954326923076923 0.1466346153846154 0.1971153846153846
0 0.46033653846153844 0.9098557692307693 0.15745192307692307 0.17427884615384615
0 0.7860576923076923 0.11298076923076923 0.09615384615384616 0.22596153846153846
0 0.07692307692307693 0.12379807692307693 0.06610576923076923 0.21514423076923078