0 0.0733173076923077 0.18629807692307693 0.06850961538461539 0.17307692307692307
0 0.13822115384615385 0.19951923076923078 0.125 0.21514423076923078
0 0.45552884615384615 0.2776442307692308 0.12139423076923077 0.38341346153846156
0 0.15865384615384615 0.3701923076923077 0.16706730769230768 0.1935096153846154
0 0.03485576923076923 0.46033653846153844 0.06971153846153846 0.2512019230769231
0 0.4026442307692308 0.5697115384615384 0.17067307692307693 0.21875
0 0.7908653846153846 0.6862980769230769 0.07692307692307693 0.2776442307692308
0 0.0829326923076923 0.7175480769230769 0.07572115384615384 0.2439903846153846
0 0.6274038461538461 0.7596153846153846 0.1778846153846154 0.24278846153846154
0 0.7175480769230769 0.8786057692307693 0.15144230769230768 0.15625
0 0.2091346153846154 0.9146634615384616 0.09615384615384616 0.1658653846153846
0 0.33413461538461536 0.9435096153846154 0.14423076923076922 0.10817307692307693
0 0.7848557692307693 0.12620192307692307 0.08413461538461539 0.25240384615384615