0 0.08653846153846154 0.2091346153846154 0.11177884615384616 0.22355769230769232
0 0.3173076923076923 0.23557692307692307 0.13701923076923078 0.3088942307692308
0 0.24158653846153846 0.24879807692307693 0.10697115384615384 0.35697115384615385
0 0.054086538461538464 0.2956730769230769 0.07692307692307693 0.2764423076923077
0 0.05048076923076923 0.4951923076923077 0.05889423076923077 0.27884615384615385
0 0.09495192307692307 0.5372596153846154 0.06009615384615385 0.234375
0 0.9579326923076923 0.546875 0.055288461538461536 0.2512019230769231
0 0.056490384615384616 0.640625 0.10576923076923077 0.24879807692307693
0 0.7055288461538461 0.06971153846153846 0.22355769230769232 0.13942307692307693
0 0.37259615384615385 0.07451923076923077 0.12139423076923077 0.14903846153846154
0 0.7728365384615384 0.78125 0.12860576923076922 0.24639423076923078
0 0.08533653846153846 0.8521634615384616 0.0985576923076923 0.24278846153846154
0 0.21033653846153846 0.9038461538461539 0.09014423076923077 0.18870192307692307
0 0.2800480769230769 0.90625 0.12860576923076922 0.1622596153846154
0 0.41466346153846156 0.9074519230769231 0.1658653846153846 0.18028846153846154
0 0.5576923076923077 0.9170673076923077 0.2127403846153846 0.1622596153846154
0 0.13701923076923078 0.10576923076923077 0.042067307692307696 0.20192307692307693
0 0.09975961538461539 0.12860576923076922 0.046875 0.22355769230769232
0 0.47596153846153844 0.13822115384615385 0.21995192307692307 0.2644230769230769