0 0.04927884615384615 0.15504807692307693 0.078125 0.16105769230769232
0 0.13581730769230768 0.15745192307692307 0.08413461538461539 0.2403846153846154
0 0.051682692307692304 0.27884615384615385 0.10216346153846154 0.21394230769230768
0 0.8088942307692307 0.30288461538461536 0.10096153846153846 0.3293269230769231
0 0.20432692307692307 0.3088942307692308 0.15625 0.28725961538461536
0 0.7199519230769231 0.41947115384615385 0.14543269230769232 0.33533653846153844
0 0.4411057692307692 0.6045673076923077 0.17307692307692307 0.2247596153846154
0 0.7740384615384616 0.6081730769230769 0.09375 0.28125
0 0.07572115384615384 0.6742788461538461 0.09375 0.27524038461538464
0 0.7872596153846154 0.6766826923076923 0.10096153846153846 0.2512019230769231
0 0.7608173076923077 0.8112980769230769 0.1141826923076923 0.21394230769230768
0 0.6766826923076923 0.8233173076923077 0.109375 0.28125
0 0.29086538461538464 0.9182692307692307 0.1201923076923077 0.11057692307692307
0 0.359375 0.9615384615384616 0.1658653846153846 0.07211538461538461
0 0.7896634615384616 0.1045673076923077 0.08653846153846154 0.18389423076923078
0 0.7067307692307693 0.13221153846153846 0.09975961538461539 0.26322115384615385