0 0.7524038461538461 0.2512019230769231 0.18629807692307693 0.19110576923076922
0 0.06610576923076923 0.2668269230769231 0.1141826923076923 0.2704326923076923
0 0.7800480769230769 0.42427884615384615 0.13581730769230768 0.3425480769230769
0 0.2800480769230769 0.45913461538461536 0.17908653846153846 0.3112980769230769
0 0.6959134615384616 0.47115384615384615 0.12980769230769232 0.37259615384615385
0 0.10817307692307693 0.4879807692307692 0.07932692307692307 0.3137019230769231
0 0.046875 0.5805288461538461 0.09254807692307693 0.28125
0 0.7103365384615384 0.6274038461538461 0.078125 0.23918269230769232
0 0.9519230769230769 0.6286057692307693 0.07211538461538461 0.24278846153846154
0 0.8004807692307693 0.6862980769230769 0.06370192307692307 0.32091346153846156
0 0.7463942307692307 0.7524038461538461 0.09254807692307693 0.30408653846153844
0 0.32091346153846156 0.78125 0.13581730769230768 0.31009615384615385
0 0.2512019230769231 0.8545673076923077 0.17548076923076922 0.15264423076923078
0 0.6310096153846154 0.8930288461538461 0.1778846153846154 0.20072115384615385
0 0.4026442307692308 0.9038461538461539 0.17548076923076922 0.19110576923076922
0 0.7439903846153846 0.109375 0.16947115384615385 0.21875