0 0.09134615384615384 0.2127403846153846 0.11778846153846154 0.22596153846153846
0 0.3269230769230769 0.22596153846153846 0.15144230769230768 0.2932692307692308
0 0.24639423076923078 0.2548076923076923 0.13701923076923078 0.3870192307692308
0 0.04447115384615385 0.4807692307692308 0.07692307692307693 0.30528846153846156
0 0.08173076923076923 0.5252403846153846 0.07572115384615384 0.26802884615384615
0 0.9483173076923077 0.5324519230769231 0.0673076923076923 0.22596153846153846
0 0.055288461538461536 0.6274038461538461 0.10096153846153846 0.26322115384615385
0 0.71875 0.07451923076923077 0.22596153846153846 0.14903846153846154
0 0.7644230769230769 0.7680288461538461 0.16706730769230768 0.23197115384615385
0 0.5552884615384616 0.8858173076923077 0.21153846153846154 0.15625
0 0.3894230769230769 0.09014423076923077 0.20072115384615385 0.17908653846153846
0 0.28125 0.9026442307692307 0.12259615384615384 0.16105769230769232
0 0.4254807692307692 0.90625 0.1778846153846154 0.18269230769230768
0 0.48197115384615385 0.13581730769230768 0.20552884615384615 0.2548076923076923
0 0.15144230769230768 0.13701923076923078 0.09975961538461539 0.20072115384615385