0 0.5204326923076923 0.17668269230769232 0.2439903846153846 0.2283653846153846
0 0.7139423076923077 0.20072115384615385 0.15264423076923078 0.3137019230769231
0 0.07451923076923077 0.2127403846153846 0.12139423076923077 0.2620192307692308
0 0.6899038461538461 0.27884615384615385 0.11057692307692307 0.33533653846153844
0 0.24879807692307693 0.28365384615384615 0.15865384615384615 0.3401442307692308
0 0.12139423076923077 0.3581730769230769 0.08052884615384616 0.29447115384615385
0 0.7956730769230769 0.453125 0.07692307692307693 0.29447115384615385
0 0.3545673076923077 0.4639423076923077 0.10576923076923077 0.38100961538461536
0 0.06129807692307692 0.4831730769230769 0.11778846153846154 0.3125
0 0.6959134615384616 0.6646634615384616 0.15504807692307693 0.16706730769230768
0 0.7980769230769231 0.7752403846153846 0.07692307692307693 0.2848557692307692
0 0.5228365384615384 0.8449519230769231 0.09615384615384616 0.27524038461538464
0 0.39302884615384615 0.8737980769230769 0.19230769230769232 0.16466346153846154
0 0.671875 0.9002403846153846 0.14543269230769232 0.11899038461538461
0 0.1935096153846154 0.9338942307692307 0.125 0.1310096153846154
0 0.33052884615384615 0.9447115384615384 0.15504807692307693 0.10697115384615384
0 0.7716346153846154 0.13341346153846154 0.13341346153846154 0.2668269230769231