0 0.10336538461538461 0.1935096153846154 0.11899038461538461 0.30649038461538464
0 0.7848557692307693 0.38341346153846156 0.1201923076923077 0.296875
0 0.15745192307692307 0.39663461538461536 0.11057692307692307 0.2668269230769231
0 0.04567307692307692 0.4519230769230769 0.0673076923076923 0.2800480769230769
0 0.7632211538461539 0.49399038461538464 0.11899038461538461 0.33052884615384615
0 0.7259615384615384 0.5300480769230769 0.12980769230769232 0.29086538461538464
0 0.08413461538461539 0.5721153846153846 0.0733173076923077 0.2848557692307692
0 0.44471153846153844 0.7163461538461539 0.07572115384615384 0.36658653846153844
0 0.6634615384615384 0.7439903846153846 0.16826923076923078 0.1778846153846154
0 0.5108173076923077 0.7572115384615384 0.15264423076923078 0.2608173076923077
0 0.8040865384615384 0.7884615384615384 0.056490384615384616 0.28725961538461536
0 0.7512019230769231 0.7980769230769231 0.06370192307692307 0.23677884615384615
0 0.6694711538461539 0.8605769230769231 0.15745192307692307 0.16105769230769232
0 0.30288461538461536 0.8834134615384616 0.125 0.17908653846153846
0 0.19951923076923078 0.9002403846153846 0.10817307692307693 0.15625