0 0.054086538461538464 0.21634615384615385 0.10817307692307693 0.20552884615384615
0 0.6935096153846154 0.22115384615384615 0.1201923076923077 0.31971153846153844
0 0.6610576923076923 0.27524038461538464 0.09375 0.3786057692307692
0 0.7620192307692307 0.3112980769230769 0.06971153846153846 0.2980769230769231
0 0.8317307692307693 0.3557692307692308 0.08774038461538461 0.21394230769230768
0 0.28725961538461536 0.4387019230769231 0.1875 0.1778846153846154
0 0.07451923076923077 0.5300480769230769 0.13701923076923078 0.12379807692307693
0 0.7608173076923077 0.5456730769230769 0.1201923076923077 0.2127403846153846
0 0.7247596153846154 0.7127403846153846 0.09615384615384616 0.17908653846153846
0 0.78125 0.7223557692307693 0.09615384615384616 0.2439903846153846
0 0.32211538461538464 0.7415865384615384 0.13942307692307693 0.25
0 0.6418269230769231 0.7415865384615384 0.1346153846153846 0.15264423076923078
0 0.4362980769230769 0.7548076923076923 0.14543269230769232 0.28365384615384615
0 0.8137019230769231 0.8161057692307693 0.07091346153846154 0.19591346153846154
0 0.6466346153846154 0.8425480769230769 0.10336538461538461 0.13221153846153846
0 0.25240384615384615 0.8569711538461539 0.07451923076923077 0.1814903846153846
0 0.5925480769230769 0.8701923076923077 0.13581730769230768 0.15144230769230768
0 0.3798076923076923 0.9014423076923077 0.10576923076923077 0.11658653846153846
0 0.7091346153846154 0.9086538461538461 0.14423076923076922 0.10336538461538461
0 0.47115384615384615 0.9507211538461539 0.13942307692307693 0.09375
0 0.7463942307692307 0.11057692307692307 0.0829326923076923 0.22115384615384615