0 0.0829326923076923 0.19951923076923078 0.10576923076923077 0.24278846153846154
0 0.23918269230769232 0.2283653846153846 0.0829326923076923 0.36778846153846156
0 0.30528846153846156 0.22956730769230768 0.1045673076923077 0.3389423076923077
0 0.057692307692307696 0.2920673076923077 0.08653846153846154 0.2512019230769231
0 0.6658653846153846 0.296875 0.21033653846153846 0.13942307692307693
0 0.04807692307692308 0.49278846153846156 0.06971153846153846 0.30408653846153844
0 0.9507211538461539 0.5336538461538461 0.07211538461538461 0.25600961538461536
0 0.09014423076923077 0.5540865384615384 0.06971153846153846 0.2403846153846154
0 0.3942307692307692 0.06370192307692307 0.13942307692307693 0.12620192307692307
0 0.05048076923076923 0.6466346153846154 0.0985576923076923 0.2403846153846154
0 0.7668269230769231 0.7932692307692307 0.109375 0.25961538461538464
0 0.07692307692307693 0.859375 0.06971153846153846 0.21634615384615385
0 0.1778846153846154 0.9014423076923077 0.08533653846153846 0.15865384615384615
0 0.4110576923076923 0.9170673076923077 0.14302884615384615 0.1622596153846154
0 0.5576923076923077 0.9206730769230769 0.18870192307692307 0.12860576923076922
0 0.27163461538461536 0.9230769230769231 0.13701923076923078 0.1502403846153846
0 0.14783653846153846 0.11177884615384616 0.06971153846153846 0.20192307692307693
0 0.1045673076923077 0.12379807692307693 0.07451923076923077 0.21875