0 0.09014423076923077 0.2127403846153846 0.08052884615384616 0.3269230769230769
0 0.057692307692307696 0.328125 0.11538461538461539 0.33653846153846156
0 0.7872596153846154 0.3389423076923077 0.0829326923076923 0.3473557692307692
0 0.1346153846153846 0.45072115384615385 0.10576923076923077 0.3581730769230769
0 0.055288461538461536 0.6177884615384616 0.09375 0.24639423076923078
0 0.7151442307692307 0.6778846153846154 0.13701923076923078 0.27524038461538464
0 0.4338942307692308 0.6862980769230769 0.1935096153846154 0.3112980769230769
0 0.8016826923076923 0.7295673076923077 0.05889423076923077 0.2127403846153846
0 0.5564903846153846 0.7644230769230769 0.08533653846153846 0.18028846153846154
0 0.703125 0.9074519230769231 0.20432692307692307 0.18028846153846154
0 0.5697115384615384 0.9242788461538461 0.15745192307692307 0.13942307692307693
0 0.3954326923076923 0.9338942307692307 0.13822115384615385 0.1310096153846154
0 0.17548076923076922 0.9495192307692307 0.11538461538461539 0.09615384615384616
0 0.7608173076923077 0.0985576923076923 0.15985576923076922 0.1971153846153846
0 0.3293269230769231 0.1201923076923077 0.18870192307692307 0.2403846153846154