0 0.03365384615384615 0.29447115384615385 0.06610576923076923 0.26802884615384615
0 0.18389423076923078 0.31971153846153844 0.11538461538461539 0.2548076923076923
0 0.2848557692307692 0.33052884615384615 0.15625 0.29447115384615385
0 0.7091346153846154 0.35697115384615385 0.109375 0.3545673076923077
0 0.7848557692307693 0.3894230769230769 0.1045673076923077 0.33774038461538464
0 0.4074519230769231 0.4338942307692308 0.203125 0.28725961538461536
0 0.03485576923076923 0.46274038461538464 0.06971153846153846 0.234375
0 0.8305288461538461 0.5480769230769231 0.07211538461538461 0.3112980769230769
0 0.08173076923076923 0.6141826923076923 0.06850961538461539 0.12980769230769232
0 0.052884615384615384 0.71875 0.10576923076923077 0.23076923076923078
0 0.7764423076923077 0.7860576923076923 0.12259615384615384 0.30528846153846156
0 0.3269230769230769 0.8064903846153846 0.1778846153846154 0.18990384615384615
0 0.22716346153846154 0.8894230769230769 0.12620192307692307 0.21754807692307693
0 0.7596153846153846 0.09134615384615384 0.09615384615384616 0.15745192307692307
0 0.3942307692307692 0.9050480769230769 0.18389423076923078 0.18629807692307693
0 0.6598557692307693 0.9266826923076923 0.15745192307692307 0.14423076923076922