0 0.7439903846153846 0.16947115384615385 0.18870192307692307 0.18509615384615385
0 0.47836538461538464 0.22115384615384615 0.15985576923076922 0.4098557692307692
0 0.03365384615384615 0.2512019230769231 0.0673076923076923 0.2776442307692308
0 0.9615384615384616 0.3329326923076923 0.0625 0.28365384615384615
0 0.8100961538461539 0.39783653846153844 0.0829326923076923 0.34134615384615385
0 0.7391826923076923 0.45913461538461536 0.12980769230769232 0.3485576923076923
0 0.0625 0.46153846153846156 0.1045673076923077 0.2848557692307692
0 0.13822115384615385 0.5408653846153846 0.1201923076923077 0.25240384615384615
0 0.9639423076923077 0.6382211538461539 0.06850961538461539 0.23317307692307693
0 0.7908653846153846 0.6983173076923077 0.08774038461538461 0.3016826923076923
0 0.7091346153846154 0.7920673076923077 0.125 0.23557692307692307
0 0.23076923076923078 0.8149038461538461 0.10096153846153846 0.25721153846153844
0 0.5504807692307693 0.8545673076923077 0.11177884615384616 0.24879807692307693
0 0.6814903846153846 0.8786057692307693 0.14302884615384615 0.15504807692307693
0 0.28846153846153844 0.9338942307692307 0.1622596153846154 0.1310096153846154
0 0.453125 0.9338942307692307 0.17548076923076922 0.1310096153846154
0 0.5985576923076923 0.11899038461538461 0.17307692307692307 0.23798076923076922