0 0.6814903846153846 0.17427884615384615 0.11298076923076923 0.3485576923076923
0 0.7487980769230769 0.1935096153846154 0.06610576923076923 0.33413461538461536
0 0.625 0.22716346153846154 0.08533653846153846 0.2956730769230769
0 0.6706730769230769 0.25721153846153844 0.0889423076923077 0.3701923076923077
0 0.7740384615384616 0.2860576923076923 0.08173076923076923 0.3389423076923077
0 0.23557692307692307 0.3786057692307692 0.09615384615384616 0.3425480769230769
0 0.06129807692307692 0.5396634615384616 0.11778846153846154 0.17307692307692307
0 0.7536057692307693 0.5793269230769231 0.13581730769230768 0.22956730769230768
0 0.49399038461538464 0.6610576923076923 0.1045673076923077 0.12980769230769232
0 0.7800480769230769 0.7007211538461539 0.06610576923076923 0.2860576923076923
0 0.6622596153846154 0.7319711538461539 0.1658653846153846 0.1045673076923077
0 0.7283653846153846 0.7355769230769231 0.06971153846153846 0.22235576923076922
0 0.45552884615384615 0.7451923076923077 0.12980769230769232 0.26322115384615385
0 0.7992788461538461 0.8161057692307693 0.057692307692307696 0.22355769230769232
0 0.6394230769230769 0.8161057692307693 0.125 0.11298076923076923
0 0.41947115384615385 0.8161057692307693 0.08653846153846154 0.24519230769230768
0 0.29086538461538464 0.8377403846153846 0.1310096153846154 0.2536057692307692
0 0.5949519230769231 0.8870192307692307 0.15384615384615385 0.08173076923076923
0 0.22115384615384615 0.9507211538461539 0.14423076923076922 0.09375
0 0.5588942307692307 0.9507211538461539 0.17067307692307693 0.09375