0 0.038461538461538464 0.17668269230769232 0.0673076923076923 0.17427884615384615
0 0.6814903846153846 0.203125 0.14543269230769232 0.3605769230769231
0 0.6550480769230769 0.2704326923076923 0.11298076923076923 0.3557692307692308
0 0.7764423076923077 0.3173076923076923 0.0889423076923077 0.2764423076923077
0 0.8257211538461539 0.3293269230769231 0.051682692307692304 0.2932692307692308
0 0.06370192307692307 0.38221153846153844 0.12740384615384615 0.22115384615384615
0 0.09254807692307693 0.5588942307692307 0.14182692307692307 0.11298076923076923
0 0.7584134615384616 0.5817307692307693 0.16346153846153846 0.17307692307692307
0 0.0625 0.6742788461538461 0.07692307692307693 0.14182692307692307
0 0.7211538461538461 0.6935096153846154 0.13221153846153846 0.1814903846153846
0 0.6153846153846154 0.7163461538461539 0.1658653846153846 0.14543269230769232
0 0.7524038461538461 0.71875 0.13341346153846154 0.2932692307692308
0 0.4495192307692308 0.7596153846153846 0.1622596153846154 0.27884615384615385
0 0.8016826923076923 0.08052884615384616 0.05048076923076923 0.16105769230769232
0 0.7932692307692307 0.8064903846153846 0.078125 0.24639423076923078
0 0.6346153846153846 0.8377403846153846 0.19110576923076922 0.09495192307692307
0 0.2512019230769231 0.8401442307692307 0.0673076923076923 0.2860576923076923
0 0.2764423076923077 0.8641826923076923 0.1622596153846154 0.16826923076923078
0 0.5769230769230769 0.8762019230769231 0.13581730769230768 0.18509615384615385
0 0.3641826923076923 0.9122596153846154 0.13221153846153846 0.17067307692307693
0 0.6850961538461539 0.9194711538461539 0.16466346153846154 0.1466346153846154
0 0.20793269230769232 0.9278846153846154 0.13822115384615385 0.10096153846153846
0 0.453125 0.9411057692307693 0.1658653846153846 0.11298076923076923
0 0.7427884615384616 0.11177884615384616 0.09615384615384616 0.22355769230769232