0 0.1045673076923077 0.15264423076923078 0.078125 0.23076923076923078
0 0.4543269230769231 0.2247596153846154 0.11177884615384616 0.36899038461538464
0 0.6538461538461539 0.22716346153846154 0.12620192307692307 0.3317307692307692
0 0.7884615384615384 0.2980769230769231 0.12379807692307693 0.43149038461538464
0 0.06370192307692307 0.3425480769230769 0.10216346153846154 0.25
0 0.13581730769230768 0.36899038461538464 0.14543269230769232 0.296875
0 0.057692307692307696 0.5949519230769231 0.06009615384615385 0.234375
0 0.32211538461538464 0.6899038461538461 0.14423076923076922 0.34615384615384615
0 0.7824519230769231 0.7788461538461539 0.08052884615384616 0.2692307692307692
0 0.515625 0.8894230769230769 0.13221153846153846 0.18269230769230768
0 0.19831730769230768 0.9278846153846154 0.11658653846153846 0.09495192307692307
0 0.40024038461538464 0.9375 0.1346153846153846 0.11899038461538461
0 0.5985576923076923 0.9375 0.12980769230769232 0.1201923076923077
0 0.33413461538461536 0.11057692307692307 0.16826923076923078 0.22115384615384615