0 0.7475961538461539 0.1502403846153846 0.12379807692307693 0.2668269230769231
0 0.6346153846153846 0.17668269230769232 0.15144230769230768 0.1875
0 0.7319711538461539 0.30649038461538464 0.14543269230769232 0.2091346153846154
0 0.390625 0.3293269230769231 0.140625 0.27884615384615385
0 0.6394230769230769 0.35096153846153844 0.14783653846153846 0.2283653846153846
0 0.7331730769230769 0.5048076923076923 0.0829326923076923 0.328125
0 0.7776442307692307 0.5360576923076923 0.06490384615384616 0.3125
0 0.8161057692307693 0.5793269230769231 0.04326923076923077 0.29086538461538464
0 0.0733173076923077 0.6129807692307693 0.057692307692307696 0.2668269230769231
0 0.036057692307692304 0.6153846153846154 0.05048076923076923 0.26322115384615385
0 0.7055288461538461 0.7307692307692307 0.11057692307692307 0.2620192307692308
0 0.6442307692307693 0.7379807692307693 0.14302884615384615 0.18389423076923078
0 0.5432692307692307 0.7584134615384616 0.19230769230769232 0.13221153846153846
0 0.7596153846153846 0.7752403846153846 0.057692307692307696 0.19831730769230768
0 0.7956730769230769 0.8257211538461539 0.06610576923076923 0.23076923076923078
0 0.4110576923076923 0.8293269230769231 0.0829326923076923 0.2956730769230769
0 0.6911057692307693 0.8449519230769231 0.12620192307692307 0.12379807692307693
0 0.6141826923076923 0.8737980769230769 0.16947115384615385 0.18629807692307693
0 0.35697115384615385 0.8810096153846154 0.08413461538461539 0.23317307692307693
0 0.484375 0.9050480769230769 0.13221153846153846 0.18629807692307693
0 0.6081730769230769 0.09254807692307693 0.19230769230769232 0.14783653846153846
0 0.25600961538461536 0.9302884615384616 0.14903846153846154 0.13701923076923078
0 0.5516826923076923 0.9459134615384616 0.14182692307692307 0.10336538461538461