0 0.5036057692307693 0.17908653846153846 0.1778846153846154 0.31490384615384615
0 0.07091346153846154 0.23557692307692307 0.12259615384615384 0.33653846153846156
0 0.6646634615384616 0.2620192307692308 0.12980769230769232 0.359375
0 0.09615384615384616 0.2980769230769231 0.09254807692307693 0.27524038461538464
0 0.7475961538461539 0.35216346153846156 0.06129807692307692 0.3088942307692308
0 0.2764423076923077 0.38221153846153844 0.15985576923076922 0.30408653846153844
0 0.8125 0.44471153846153844 0.06490384615384616 0.35697115384615385
0 0.04326923076923077 0.46875 0.08653846153846154 0.3605769230769231
0 0.037259615384615384 0.6394230769230769 0.06129807692307692 0.1971153846153846
0 0.7932692307692307 0.7872596153846154 0.08052884615384616 0.2824519230769231
0 0.5456730769230769 0.8245192307692307 0.14182692307692307 0.2536057692307692
0 0.2439903846153846 0.8918269230769231 0.13341346153846154 0.14783653846153846
0 0.6466346153846154 0.9074519230769231 0.1502403846153846 0.17908653846153846
0 0.34975961538461536 0.9399038461538461 0.11899038461538461 0.11658653846153846
0 0.7776442307692307 0.11899038461538461 0.15745192307692307 0.23197115384615385