0 0.65625 0.14903846153846154 0.15985576923076922 0.2980769230769231
0 0.025240384615384616 0.19951923076923078 0.04927884615384615 0.2932692307692308
0 0.06850961538461539 0.19951923076923078 0.06370192307692307 0.35216346153846156
0 0.3137019230769231 0.20192307692307693 0.13822115384615385 0.34134615384615385
0 0.18509615384615385 0.21153846153846154 0.17067307692307693 0.17548076923076922
0 0.09375 0.2512019230769231 0.06971153846153846 0.29927884615384615
0 0.9663461538461539 0.3004807692307692 0.046875 0.3076923076923077
0 0.7151442307692307 0.3088942307692308 0.11899038461538461 0.2980769230769231
0 0.7680288461538461 0.3449519230769231 0.12860576923076922 0.2704326923076923
0 0.8137019230769231 0.45913461538461536 0.06971153846153846 0.32572115384615385
0 0.7620192307692307 0.5036057692307693 0.12139423076923077 0.27524038461538464
0 0.43509615384615385 0.5925480769230769 0.19471153846153846 0.23197115384615385
0 0.6862980769230769 0.6550480769230769 0.10216346153846154 0.27884615384615385
0 0.7740384615384616 0.6911057692307693 0.12620192307692307 0.2283653846153846
0 0.07451923076923077 0.734375 0.1045673076923077 0.30288461538461536
0 0.35697115384615385 0.7427884615384616 0.14423076923076922 0.2512019230769231
0 0.7331730769230769 0.8737980769230769 0.14783653846153846 0.1201923076923077
0 0.34375 0.9242788461538461 0.14423076923076922 0.13221153846153846
0 0.4855769230769231 0.9338942307692307 0.17307692307692307 0.12740384615384615
0 0.23677884615384615 0.9375 0.17307692307692307 0.12259615384615384
0 0.7536057692307693 0.12980769230769232 0.140625 0.21875