0 0.04447115384615385 0.18629807692307693 0.0829326923076923 0.23677884615384615
0 0.8100961538461539 0.28365384615384615 0.09495192307692307 0.2704326923076923
0 0.04567307692307692 0.2932692307692308 0.09134615384615384 0.28365384615384615
0 0.7536057692307693 0.30528846153846156 0.13822115384615385 0.3137019230769231
0 0.12620192307692307 0.4182692307692308 0.0829326923076923 0.24158653846153846
0 0.7427884615384616 0.5012019230769231 0.09014423076923077 0.3161057692307692
0 0.31850961538461536 0.5096153846153846 0.15625 0.3762019230769231
0 0.06850961538461539 0.5913461538461539 0.056490384615384616 0.20552884615384615
0 0.7980769230769231 0.5913461538461539 0.07932692307692307 0.2824519230769231
0 0.7043269230769231 0.59375 0.06610576923076923 0.3016826923076923
0 0.07932692307692307 0.06370192307692307 0.109375 0.12740384615384615
0 0.04927884615384615 0.7259615384615384 0.057692307692307696 0.19831730769230768
0 0.27283653846153844 0.7740384615384616 0.15384615384615385 0.1814903846153846
0 0.7572115384615384 0.7872596153846154 0.0985576923076923 0.21033653846153846
0 0.6646634615384616 0.875 0.14903846153846154 0.17548076923076922
0 0.18870192307692307 0.9014423076923077 0.12980769230769232 0.11658653846153846
0 0.3317307692307692 0.9086538461538461 0.11538461538461539 0.16706730769230768
0 0.4110576923076923 0.9350961538461539 0.1346153846153846 0.125