0 0.2764423076923077 0.2403846153846154 0.13701923076923078 0.2956730769230769
0 0.19471153846153846 0.26802884615384615 0.12980769230769232 0.22596153846153846
0 0.09735576923076923 0.2692307692307692 0.07572115384615384 0.3125
0 0.0829326923076923 0.3918269230769231 0.07091346153846154 0.2848557692307692
0 0.07091346153846154 0.49399038461538464 0.10817307692307693 0.23317307692307693
0 0.04807692307692308 0.6274038461538461 0.09375 0.2764423076923077
0 0.19230769230769232 0.07572115384615384 0.17668269230769232 0.13942307692307693
0 0.24519230769230768 0.8305288461538461 0.14543269230769232 0.22596153846153846
0 0.7451923076923077 0.8641826923076923 0.12620192307692307 0.15865384615384615
0 0.5661057692307693 0.9254807692307693 0.19471153846153846 0.14423076923076922
0 0.3112980769230769 0.9278846153846154 0.17668269230769232 0.14302884615384615