0 0.15985576923076922 0.1658653846153846 0.10697115384615384 0.25600961538461536
0 0.8004807692307693 0.27884615384615385 0.09254807692307693 0.3389423076923077
0 0.7043269230769231 0.4050480769230769 0.11177884615384616 0.31850961538461536
0 0.7632211538461539 0.6045673076923077 0.09495192307692307 0.30288461538461536
0 0.04447115384615385 0.6610576923076923 0.07211538461538461 0.21875
0 0.8040865384615384 0.6923076923076923 0.0673076923076923 0.2403846153846154
0 0.7512019230769231 0.8064903846153846 0.09615384615384616 0.1778846153846154
0 0.6814903846153846 0.8233173076923077 0.08774038461538461 0.22596153846153846
0 0.2920673076923077 0.9338942307692307 0.12740384615384615 0.12740384615384615
0 0.3641826923076923 0.9495192307692307 0.13701923076923078 0.09615384615384616
0 0.6911057692307693 0.13701923076923078 0.11778846153846154 0.27403846153846156