0 0.7235576923076923 0.13942307692307693 0.1141826923076923 0.2512019230769231
0 0.8076923076923077 0.17668269230769232 0.10216346153846154 0.35216346153846156
0 0.6766826923076923 0.26322115384615385 0.2127403846153846 0.13221153846153846
0 0.390625 0.3425480769230769 0.13942307692307693 0.29447115384615385
0 0.8076923076923077 0.47836538461538464 0.07932692307692307 0.3076923076923077
0 0.7620192307692307 0.49158653846153844 0.046875 0.2800480769230769
0 0.71875 0.4987980769230769 0.0673076923076923 0.3581730769230769
0 0.5793269230769231 0.055288461538461536 0.2247596153846154 0.109375
0 0.6694711538461539 0.5456730769230769 0.051682692307692304 0.21995192307692307
0 0.47716346153846156 0.5961538461538461 0.1346153846153846 0.27884615384615385
0 0.042067307692307696 0.6141826923076923 0.0625 0.2692307692307692
0 0.07692307692307693 0.6286057692307693 0.07091346153846154 0.2247596153846154
0 0.6983173076923077 0.7295673076923077 0.1045673076923077 0.25841346153846156
0 0.6622596153846154 0.7427884615384616 0.10216346153846154 0.15625
0 0.7572115384615384 0.7524038461538461 0.07091346153846154 0.2548076923076923
0 0.5396634615384616 0.7764423076923077 0.18870192307692307 0.12980769230769232
0 0.7992788461538461 0.8112980769230769 0.057692307692307696 0.25600961538461536
0 0.41586538461538464 0.8233173076923077 0.09375 0.3137019230769231
0 0.36177884615384615 0.8762019230769231 0.08413461538461539 0.24278846153846154
0 0.6153846153846154 0.8798076923076923 0.15264423076923078 0.17548076923076922
0 0.47716346153846156 0.890625 0.1141826923076923 0.16466346153846154
0 0.2536057692307692 0.9350961538461539 0.1466346153846154 0.125
0 0.5576923076923077 0.9471153846153846 0.15144230769230768 0.10336538461538461