0 0.13701923076923078 0.16346153846153846 0.04326923076923077 0.2848557692307692
0 0.09495192307692307 0.21394230769230768 0.06490384615384616 0.3016826923076923
0 0.7956730769230769 0.29447115384615385 0.10817307692307693 0.35697115384615385
0 0.7163461538461539 0.41586538461538464 0.0985576923076923 0.3473557692307692
0 0.13701923076923078 0.421875 0.18509615384615385 0.16346153846153846
0 0.7608173076923077 0.6033653846153846 0.12620192307692307 0.28365384615384615
0 0.9603365384615384 0.6213942307692307 0.07692307692307693 0.21394230769230768
0 0.06370192307692307 0.6802884615384616 0.12740384615384615 0.28966346153846156
0 0.7908653846153846 0.6959134615384616 0.08052884615384616 0.2512019230769231
0 0.6742788461538461 0.7956730769230769 0.12139423076923077 0.3545673076923077
0 0.16947115384615385 0.9242788461538461 0.09375 0.10817307692307693
0 0.31490384615384615 0.9326923076923077 0.1658653846153846 0.13221153846153846
0 0.7728365384615384 0.10817307692307693 0.1346153846153846 0.20552884615384615
0 0.6923076923076923 0.12860576923076922 0.09254807692307693 0.25721153846153844