0 0.04807692307692308 0.17548076923076922 0.09495192307692307 0.1971153846153846
0 0.796875 0.3088942307692308 0.10697115384615384 0.38100961538461536
0 0.7067307692307693 0.41947115384615385 0.109375 0.296875
0 0.7548076923076923 0.6201923076923077 0.06490384615384616 0.2536057692307692
0 0.05889423076923077 0.6490384615384616 0.08052884615384616 0.22716346153846154
0 0.8233173076923077 0.6875 0.08173076923076923 0.30408653846153844
0 0.6875 0.8173076923076923 0.09615384615384616 0.2776442307692308
0 0.7415865384615384 0.8209134615384616 0.09735576923076923 0.21033653846153846
0 0.6081730769230769 0.9242788461538461 0.16346153846153846 0.14903846153846154
0 0.41346153846153844 0.9387019230769231 0.15985576923076922 0.12139423076923077
0 0.2956730769230769 0.9399038461538461 0.15985576923076922 0.11658653846153846
0 0.6778846153846154 0.12139423076923077 0.109375 0.23798076923076922