0 0.05048076923076923 0.14423076923076922 0.09975961538461539 0.2848557692307692
0 0.16346153846153846 0.17908653846153846 0.12980769230769232 0.234375
0 0.7235576923076923 0.25600961538461536 0.14423076923076922 0.36778846153846156
0 0.8016826923076923 0.2668269230769231 0.07572115384615384 0.3629807692307692
0 0.08533653846153846 0.33653846153846156 0.07572115384615384 0.32091346153846156
0 0.052884615384615384 0.5540865384615384 0.06490384615384616 0.25
0 0.4387019230769231 0.5685096153846154 0.11778846153846154 0.3557692307692308
0 0.7836538461538461 0.6754807692307693 0.08533653846153846 0.29086538461538464
0 0.1502403846153846 0.8389423076923077 0.12620192307692307 0.15865384615384615
0 0.6165865384615384 0.8413461538461539 0.1310096153846154 0.22716346153846154
0 0.7367788461538461 0.8810096153846154 0.15985576923076922 0.11899038461538461
0 0.36177884615384615 0.9134615384615384 0.18629807692307693 0.14302884615384615
0 0.30408653846153844 0.9411057692307693 0.13701923076923078 0.11298076923076923
0 0.5408653846153846 0.9411057692307693 0.22596153846153846 0.11298076923076923