0 0.06129807692307692 0.14423076923076922 0.09375 0.2536057692307692
0 0.7115384615384616 0.20673076923076922 0.125 0.3016826923076923
0 0.7884615384615384 0.25721153846153844 0.07572115384615384 0.2764423076923077
0 0.19831730769230768 0.34615384615384615 0.0889423076923077 0.30649038461538464
0 0.039663461538461536 0.41586538461538464 0.07932692307692307 0.2644230769230769
0 0.41466346153846156 0.421875 0.12259615384615384 0.3942307692307692
0 0.7932692307692307 0.5 0.06971153846153846 0.29447115384615385
0 0.10697115384615384 0.6069711538461539 0.11778846153846154 0.19831730769230768
0 0.052884615384615384 0.6574519230769231 0.06370192307692307 0.22596153846153846
0 0.6875 0.7668269230769231 0.13341346153846154 0.22716346153846154
0 0.7956730769230769 0.7824519230769231 0.054086538461538464 0.2776442307692308
0 0.7524038461538461 0.8185096153846154 0.040865384615384616 0.21995192307692307
0 0.22235576923076922 0.8353365384615384 0.1310096153846154 0.20192307692307693
0 0.09134615384615384 0.859375 0.04567307692307692 0.1814903846153846
0 0.3076923076923077 0.9014423076923077 0.10817307692307693 0.15865384615384615
0 0.6358173076923077 0.90625 0.1502403846153846 0.1346153846153846
0 0.47596153846153844 0.9314903846153846 0.18990384615384615 0.12620192307692307