0 0.7247596153846154 0.19230769230769232 0.11298076923076923 0.30408653846153844
0 0.44711538461538464 0.2764423076923077 0.11899038461538461 0.30649038461538464
0 0.03245192307692308 0.38341346153846156 0.06490384615384616 0.2824519230769231
0 0.7800480769230769 0.39302884615384615 0.0985576923076923 0.27403846153846156
0 0.10216346153846154 0.41586538461538464 0.09375 0.328125
0 0.8173076923076923 0.5288461538461539 0.07932692307692307 0.3161057692307692
0 0.037259615384615384 0.6322115384615384 0.06129807692307692 0.21875
0 0.7367788461538461 0.7139423076923077 0.10817307692307693 0.2644230769230769
0 0.3293269230769231 0.7415865384615384 0.15985576923076922 0.20072115384615385
0 0.640625 0.7584134615384616 0.09975961538461539 0.18509615384615385
0 0.7836538461538461 0.8233173076923077 0.08173076923076923 0.22596153846153846
0 0.20673076923076922 0.9050480769230769 0.10697115384615384 0.1658653846153846
0 0.3112980769230769 0.9122596153846154 0.1466346153846154 0.17067307692307693
0 0.6225961538461539 0.9254807692307693 0.17307692307692307 0.14423076923076922
0 0.46033653846153844 0.9435096153846154 0.18028846153846154 0.10817307692307693
0 0.7908653846153846 0.109375 0.07211538461538461 0.21875