0 0.19831730769230768 0.15865384615384615 0.07451923076923077 0.2920673076923077
0 0.11298076923076923 0.296875 0.08413461538461539 0.28966346153846156
0 0.06490384615384616 0.33774038461538464 0.0829326923076923 0.26802884615384615
0 0.1814903846153846 0.4230769230769231 0.17067307692307693 0.22235576923076922
0 0.054086538461538464 0.4411057692307692 0.09615384615384616 0.21754807692307693
0 0.0625 0.6322115384615384 0.09254807692307693 0.20552884615384615
0 0.040865384615384616 0.6838942307692307 0.057692307692307696 0.2512019230769231
0 0.34375 0.8509615384615384 0.1310096153846154 0.21153846153846154
0 0.2644230769230769 0.8774038461538461 0.0673076923076923 0.20793269230769232
0 0.4675480769230769 0.9026442307692307 0.13221153846153846 0.18990384615384615
0 0.18870192307692307 0.9206730769230769 0.10576923076923077 0.14302884615384615
0 0.6646634615384616 0.9302884615384616 0.18990384615384615 0.1346153846153846
0 0.25240384615384615 0.1201923076923077 0.06850961538461539 0.23557692307692307