0 0.7391826923076923 0.171875 0.1778846153846154 0.265625
0 0.4963942307692308 0.21394230769230768 0.18870192307692307 0.28966346153846156
0 0.8125 0.3942307692307692 0.07451923076923077 0.32211538461538464
0 0.4230769230769231 0.43990384615384615 0.12980769230769232 0.38221153846153844
0 0.7175480769230769 0.46875 0.171875 0.22235576923076922
0 0.0985576923076923 0.5228365384615384 0.10697115384615384 0.2776442307692308
0 0.7151442307692307 0.5961538461538461 0.14543269230769232 0.15384615384615385
0 0.44471153846153844 0.6971153846153846 0.16346153846153846 0.3004807692307692
0 0.7836538461538461 0.7259615384615384 0.11778846153846154 0.34375
0 0.12139423076923077 0.8521634615384616 0.14182692307692307 0.29086538461538464
0 0.5637019230769231 0.8521634615384616 0.10336538461538461 0.29086538461538464
0 0.7824519230769231 0.08653846153846154 0.13822115384615385 0.17307692307692307
0 0.6935096153846154 0.8762019230769231 0.13221153846153846 0.2439903846153846
0 0.6442307692307693 0.8954326923076923 0.09975961538461539 0.15384615384615385
0 0.28725961538461536 0.8954326923076923 0.15625 0.1778846153846154
0 0.19591346153846154 0.9038461538461539 0.07932692307692307 0.17427884615384615