0 0.8064903846153846 0.16105769230769232 0.06490384615384616 0.296875
0 0.7235576923076923 0.3798076923076923 0.16947115384615385 0.17908653846153846
0 0.0829326923076923 0.46153846153846156 0.09615384615384616 0.17548076923076922
0 0.765625 0.47716346153846156 0.08533653846153846 0.3173076923076923
0 0.054086538461538464 0.5072115384615384 0.10576923076923077 0.26802884615384615
0 0.8173076923076923 0.5264423076923077 0.054086538461538464 0.3425480769230769
0 0.055288461538461536 0.5769230769230769 0.08173076923076923 0.24879807692307693
0 0.7680288461538461 0.7788461538461539 0.13221153846153846 0.24519230769230768
0 0.65625 0.8269230769230769 0.11899038461538461 0.2403846153846154
0 0.7283653846153846 0.8413461538461539 0.09014423076923077 0.16826923076923078
0 0.6105769230769231 0.9170673076923077 0.22596153846153846 0.1622596153846154
0 0.38221153846153844 0.921875 0.17307692307692307 0.15144230769230768
0 0.28125 0.9338942307692307 0.14423076923076922 0.1310096153846154
0 0.171875 0.9362980769230769 0.11778846153846154 0.12620192307692307
0 0.7512019230769231 0.13341346153846154 0.0985576923076923 0.2668269230769231