0 0.039663461538461536 0.22115384615384615 0.07692307692307693 0.2620192307692308
0 0.08413461538461539 0.2247596153846154 0.07932692307692307 0.3269230769230769
0 0.2247596153846154 0.23798076923076922 0.09735576923076923 0.3737980769230769
0 0.31009615384615385 0.2776442307692308 0.14783653846153846 0.3581730769230769
0 0.020432692307692308 0.3245192307692308 0.040865384615384616 0.27524038461538464
0 0.7932692307692307 0.37740384615384615 0.12620192307692307 0.390625
0 0.06610576923076923 0.4639423076923077 0.1141826923076923 0.28966346153846156
0 0.9423076923076923 0.5252403846153846 0.06009615384615385 0.2920673076923077
0 0.052884615384615384 0.640625 0.08533653846153846 0.2776442307692308
0 0.9723557692307693 0.6971153846153846 0.05048076923076923 0.1875
0 0.6550480769230769 0.07572115384615384 0.2283653846153846 0.15144230769230768
0 0.9387019230769231 0.7463942307692307 0.10096153846153846 0.203125
0 0.7680288461538461 0.7836538461538461 0.10697115384615384 0.2764423076923077
0 0.18870192307692307 0.8689903846153846 0.10697115384615384 0.1971153846153846
0 0.09375 0.8762019230769231 0.07932692307692307 0.23798076923076922
0 0.5697115384615384 0.8798076923076923 0.18389423076923078 0.20192307692307693
0 0.26322115384615385 0.890625 0.15745192307692307 0.1346153846153846
0 0.6730769230769231 0.8978365384615384 0.14543269230769232 0.15144230769230768
0 0.36778846153846156 0.09014423076923077 0.19831730769230768 0.18028846153846154
0 0.41586538461538464 0.9110576923076923 0.1778846153846154 0.17548076923076922
0 0.7884615384615384 0.09495192307692307 0.08774038461538461 0.18990384615384615
0 0.2860576923076923 0.9591346153846154 0.15264423076923078 0.07932692307692307
0 0.10697115384615384 0.12139423076923077 0.1141826923076923 0.23798076923076922