0 0.14903846153846154 0.36899038461538464 0.125 0.18629807692307693
0 0.78125 0.41947115384615385 0.10697115384615384 0.2932692307692308
0 0.03125 0.42427884615384615 0.0625 0.27524038461538464
0 0.10096153846153846 0.5492788461538461 0.09615384615384616 0.16947115384615385
0 0.7800480769230769 0.6911057692307693 0.10576923076923077 0.27884615384615385
0 0.3870192307692308 0.7980769230769231 0.16346153846153846 0.2439903846153846
0 0.78125 0.08173076923076923 0.07692307692307693 0.1622596153846154
0 0.2920673076923077 0.8197115384615384 0.14182692307692307 0.16947115384615385
0 0.15865384615384615 0.953125 0.08653846153846154 0.0889423076923077
0 0.71875 0.125 0.10096153846153846 0.24519230769230768
0 0.11658653846153846 0.13341346153846154 0.11177884615384616 0.24759615384615385