0 0.7463942307692307 0.17668269230769232 0.09975961538461539 0.35336538461538464
0 0.040865384615384616 0.37740384615384615 0.0733173076923077 0.29086538461538464
0 0.24879807692307693 0.39903846153846156 0.17307692307692307 0.1622596153846154
0 0.40024038461538464 0.421875 0.1622596153846154 0.20072115384615385
0 0.8040865384615384 0.42788461538461536 0.0829326923076923 0.36538461538461536
0 0.7259615384615384 0.4831730769230769 0.10576923076923077 0.31009615384615385
0 0.04927884615384615 0.609375 0.08533653846153846 0.2283653846153846
0 0.08413461538461539 0.6574519230769231 0.07211538461538461 0.11538461538461539
0 0.3112980769230769 0.7740384615384616 0.1658653846153846 0.15384615384615385
0 0.7548076923076923 0.7752403846153846 0.12860576923076922 0.16466346153846154
0 0.6887019230769231 0.8052884615384616 0.12139423076923077 0.2439903846153846
0 0.2620192307692308 0.8882211538461539 0.11658653846153846 0.13341346153846154
0 0.7752403846153846 0.8990384615384616 0.12740384615384615 0.19591346153846154
0 0.35096153846153844 0.9122596153846154 0.0673076923076923 0.17067307692307693
0 0.4831730769230769 0.9194711538461539 0.17307692307692307 0.15625
0 0.6153846153846154 0.9254807692307693 0.14423076923076922 0.12379807692307693
0 0.5 0.13581730769230768 0.2127403846153846 0.19110576923076922