0 0.6526442307692307 0.2704326923076923 0.11177884615384616 0.3473557692307692
0 0.07211538461538461 0.3016826923076923 0.0889423076923077 0.22956730769230768
0 0.7319711538461539 0.3161057692307692 0.1141826923076923 0.33533653846153844
0 0.8016826923076923 0.40865384615384615 0.07451923076923077 0.3112980769230769
0 0.07211538461538461 0.5240384615384616 0.09495192307692307 0.19591346153846154
0 0.41346153846153844 0.5685096153846154 0.1502403846153846 0.24519230769230768
0 0.040865384615384616 0.578125 0.06490384615384616 0.23557692307692307
0 0.6141826923076923 0.07692307692307693 0.07932692307692307 0.15384615384615385
0 0.0733173076923077 0.8052884615384616 0.08653846153846154 0.2860576923076923
0 0.22235576923076922 0.8221153846153846 0.10216346153846154 0.1814903846153846
0 0.6286057692307693 0.875 0.09615384615384616 0.203125
0 0.5252403846153846 0.8846153846153846 0.10336538461538461 0.22596153846153846
0 0.31971153846153844 0.9050480769230769 0.0985576923076923 0.17908653846153846
0 0.21754807692307693 0.90625 0.12259615384615384 0.18269230769230768
0 0.3798076923076923 0.9411057692307693 0.14423076923076922 0.11298076923076923
0 0.04807692307692308 0.10216346153846154 0.08653846153846154 0.19831730769230768
0 0.11658653846153846 0.1201923076923077 0.09495192307692307 0.18028846153846154