0 0.6790865384615384 0.15264423076923078 0.11658653846153846 0.30528846153846156
0 0.11658653846153846 0.15745192307692307 0.08413461538461539 0.3112980769230769
0 0.6274038461538461 0.19471153846153846 0.10096153846153846 0.3858173076923077
0 0.037259615384615384 0.21875 0.07451923076923077 0.3076923076923077
0 0.7403846153846154 0.32211538461538464 0.12620192307692307 0.24639423076923078
0 0.7776442307692307 0.3762019230769231 0.06971153846153846 0.29927884615384615
0 0.8161057692307693 0.40384615384615385 0.057692307692307696 0.33052884615384615
0 0.20673076923076922 0.4206730769230769 0.10336538461538461 0.29927884615384615
0 0.037259615384615384 0.4338942307692308 0.0733173076923077 0.23197115384615385
0 0.7139423076923077 0.6177884615384616 0.09254807692307693 0.33774038461538464
0 0.7992788461538461 0.65625 0.06370192307692307 0.3317307692307692
0 0.7608173076923077 0.7151442307692307 0.06009615384615385 0.33774038461538464
0 0.49399038461538464 0.7728365384615384 0.14423076923076922 0.28125
0 0.59375 0.8064903846153846 0.14302884615384615 0.19831730769230768
0 0.7223557692307693 0.8737980769230769 0.1778846153846154 0.11538461538461539
0 0.48677884615384615 0.9134615384615384 0.17668269230769232 0.13942307692307693
0 0.3545673076923077 0.9302884615384616 0.15625 0.13581730769230768
0 0.5204326923076923 0.11298076923076923 0.11298076923076923 0.22596153846153846
0 0.7632211538461539 0.11899038461538461 0.1346153846153846 0.234375