0 0.8016826923076923 0.2704326923076923 0.09014423076923077 0.2932692307692308
0 0.7391826923076923 0.31971153846153844 0.13341346153846154 0.3473557692307692
0 0.3173076923076923 0.5096153846153846 0.19591346153846154 0.3641826923076923
0 0.07091346153846154 0.5216346153846154 0.09254807692307693 0.22235576923076922
0 0.7403846153846154 0.5240384615384616 0.07692307692307693 0.31009615384615385
0 0.8028846153846154 0.59375 0.07692307692307693 0.25600961538461536
0 0.703125 0.6009615384615384 0.10697115384615384 0.35336538461538464
0 0.29927884615384615 0.7548076923076923 0.18990384615384615 0.20673076923076922
0 0.7536057692307693 0.7608173076923077 0.140625 0.21875
0 0.6598557692307693 0.7704326923076923 0.11899038461538461 0.18269230769230768
0 0.5961538461538461 0.90625 0.21634615384615385 0.13942307692307693
0 0.19230769230769232 0.921875 0.13942307692307693 0.15144230769230768
0 0.40865384615384615 0.921875 0.1778846153846154 0.15144230769230768
0 0.06490384615384616 0.0985576923076923 0.12980769230769232 0.1971153846153846