0 0.07091346153846154 0.15384615384615385 0.11658653846153846 0.24759615384615385
0 0.06370192307692307 0.2956730769230769 0.12620192307692307 0.2403846153846154
0 0.7043269230769231 0.3485576923076923 0.17548076923076922 0.19110576923076922
0 0.7860576923076923 0.42788461538461536 0.09134615384615384 0.31490384615384615
0 0.28125 0.43990384615384615 0.18629807692307693 0.27163461538461536
0 0.05889423076923077 0.5841346153846154 0.10817307692307693 0.2692307692307692
0 0.8149038461538461 0.6646634615384616 0.06129807692307692 0.30408653846153844
0 0.75 0.7475961538461539 0.0889423076923077 0.26802884615384615
0 0.31490384615384615 0.7848557692307693 0.14783653846153846 0.2668269230769231
0 0.08052884615384616 0.8317307692307693 0.0829326923076923 0.20072115384615385
0 0.2512019230769231 0.8581730769230769 0.1346153846153846 0.18389423076923078
0 0.6466346153846154 0.8966346153846154 0.18269230769230768 0.16346153846153846
0 0.5024038461538461 0.9399038461538461 0.18269230769230768 0.09615384615384616
0 0.1814903846153846 0.9459134615384616 0.12259615384615384 0.10336538461538461
0 0.7271634615384616 0.1346153846153846 0.18389423076923078 0.26802884615384615