0 0.7932692307692307 0.23197115384615385 0.08413461538461539 0.2932692307692308
0 0.13942307692307693 0.234375 0.125 0.2980769230769231
0 0.7427884615384616 0.33052884615384615 0.14302884615384615 0.3233173076923077
0 0.08774038461538461 0.4423076923076923 0.14543269230769232 0.15625
0 0.7379807692307693 0.5060096153846154 0.06490384615384616 0.3112980769230769
0 0.8016826923076923 0.5877403846153846 0.078125 0.3088942307692308
0 0.6911057692307693 0.5949519230769231 0.10697115384615384 0.3088942307692308
0 0.08653846153846154 0.6021634615384616 0.078125 0.17307692307692307
0 0.0673076923076923 0.06850961538461539 0.13341346153846154 0.12620192307692307
0 0.7548076923076923 0.7788461538461539 0.10216346153846154 0.19951923076923078
0 0.6766826923076923 0.8221153846153846 0.13341346153846154 0.21514423076923078
0 0.3173076923076923 0.8894230769230769 0.15384615384615385 0.1778846153846154
0 0.21514423076923078 0.9098557692307693 0.09735576923076923 0.10817307692307693
0 0.578125 0.9098557692307693 0.18990384615384615 0.17548076923076922
0 0.40865384615384615 0.9399038461538461 0.15985576923076922 0.11899038461538461