0 0.09254807692307693 0.16105769230769232 0.09014423076923077 0.2608173076923077
0 0.7151442307692307 0.171875 0.10817307692307693 0.34375
0 0.7475961538461539 0.3173076923076923 0.10096153846153846 0.31009615384615385
0 0.04567307692307692 0.33653846153846156 0.09014423076923077 0.2800480769230769
0 0.11538461538461539 0.45072115384615385 0.06850961538461539 0.2920673076923077
0 0.7920673076923077 0.5180288461538461 0.0673076923076923 0.28725961538461536
0 0.039663461538461536 0.5276442307692307 0.07091346153846154 0.2668269230769231
0 0.3485576923076923 0.6454326923076923 0.21153846153846154 0.2247596153846154
0 0.7776442307692307 0.7908653846153846 0.06971153846153846 0.27283653846153844
0 0.6778846153846154 0.8052884615384616 0.1502403846153846 0.16947115384615385
0 0.3557692307692308 0.8112980769230769 0.14783653846153846 0.22235576923076922
0 0.5048076923076923 0.8629807692307693 0.11057692307692307 0.26322115384615385
0 0.40865384615384615 0.8737980769230769 0.12860576923076922 0.14543269230769232
0 0.22956730769230768 0.8966346153846154 0.11298076923076923 0.20192307692307693
0 0.6899038461538461 0.9050480769230769 0.14783653846153846 0.11057692307692307
0 0.5985576923076923 0.9158653846153846 0.125 0.16346153846153846
0 0.44471153846153844 0.9459134615384616 0.14423076923076922 0.10336538461538461
0 0.4026442307692308 0.10096153846153846 0.1466346153846154 0.20072115384615385