0 0.5841346153846154 0.15745192307692307 0.10336538461538461 0.31009615384615385
0 0.6586538461538461 0.19471153846153846 0.06850961538461539 0.328125
0 0.7283653846153846 0.20552884615384615 0.08774038461538461 0.2536057692307692
0 0.05048076923076923 0.20673076923076922 0.07091346153846154 0.17307692307692307
0 0.703125 0.34375 0.07932692307692307 0.35697115384615385
0 0.18269230769230768 0.359375 0.09134615384615384 0.28966346153846156
0 0.7992788461538461 0.45913461538461536 0.08653846153846154 0.37259615384615385
0 0.32091346153846156 0.4795673076923077 0.15504807692307693 0.28846153846153844
0 0.046875 0.5661057692307693 0.052884615384615384 0.21754807692307693
0 0.8112980769230769 0.7115384615384616 0.051682692307692304 0.27403846153846156
0 0.07692307692307693 0.7415865384615384 0.0673076923076923 0.20072115384615385
0 0.6141826923076923 0.7836538461538461 0.15625 0.11177884615384616
0 0.45552884615384615 0.8185096153846154 0.17668269230769232 0.19471153846153846
0 0.734375 0.8942307692307693 0.14783653846153846 0.18629807692307693
0 0.6790865384615384 0.9086538461538461 0.11057692307692307 0.1814903846153846
0 0.2439903846153846 0.9242788461538461 0.10336538461538461 0.1502403846153846
0 0.1658653846153846 0.9350961538461539 0.12980769230769232 0.125
0 0.5612980769230769 0.9411057692307693 0.12860576923076922 0.11538461538461539
0 0.4651442307692308 0.9435096153846154 0.12259615384615384 0.11177884615384616
0 0.1310096153846154 0.13221153846153846 0.11057692307692307 0.21754807692307693