0 0.5120192307692307 0.17668269230769232 0.21634615384615385 0.35336538461538464
0 0.7295673076923077 0.21153846153846154 0.14543269230769232 0.3605769230769231
0 0.056490384615384616 0.24278846153846154 0.10216346153846154 0.3112980769230769
0 0.6778846153846154 0.2824519230769231 0.1201923076923077 0.3737980769230769
0 0.10576923076923077 0.29927884615384615 0.08052884615384616 0.25961538461538464
0 0.23197115384615385 0.3112980769230769 0.11298076923076923 0.27163461538461536
0 0.8040865384615384 0.4519230769230769 0.09134615384615384 0.3317307692307692
0 0.34975961538461536 0.4735576923076923 0.1310096153846154 0.4230769230769231
0 0.06370192307692307 0.5204326923076923 0.09254807692307693 0.2668269230769231
0 0.7151442307692307 0.5649038461538461 0.14302884615384615 0.16105769230769232
0 0.7872596153846154 0.765625 0.078125 0.24639423076923078
0 0.5396634615384616 0.8329326923076923 0.0985576923076923 0.18629807692307693
0 0.43509615384615385 0.8810096153846154 0.15504807692307693 0.16346153846153846
0 0.6430288461538461 0.9074519230769231 0.14423076923076922 0.16105769230769232
0 0.19591346153846154 0.9338942307692307 0.1201923076923077 0.1310096153846154
0 0.32211538461538464 0.9543269230769231 0.12740384615384615 0.0889423076923077
0 0.7644230769230769 0.13341346153846154 0.10576923076923077 0.2668269230769231