0 0.22355769230769232 0.21153846153846154 0.078125 0.34134615384615385
0 0.07692307692307693 0.22956730769230768 0.08173076923076923 0.33052884615384615
0 0.29086538461538464 0.2512019230769231 0.10697115384615384 0.33052884615384615
0 0.051682692307692304 0.4891826923076923 0.08653846153846154 0.2439903846153846
0 0.052884615384615384 0.640625 0.06490384615384616 0.23557692307692307
0 0.6538461538461539 0.07091346153846154 0.24158653846153846 0.140625
0 0.7692307692307693 0.7788461538461539 0.1045673076923077 0.27403846153846156
0 0.3557692307692308 0.7884615384615384 0.10817307692307693 0.2403846153846154
0 0.22596153846153846 0.8137019230769231 0.11177884615384616 0.19110576923076922
0 0.6875 0.8846153846153846 0.14783653846153846 0.16466346153846154
0 0.5793269230769231 0.9122596153846154 0.14423076923076922 0.17067307692307693
0 0.4362980769230769 0.9302884615384616 0.15144230769230768 0.1346153846153846
0 0.30528846153846156 0.9314903846153846 0.1346153846153846 0.13221153846153846
0 0.36538461538461536 0.0985576923076923 0.15865384615384615 0.19591346153846154