0 0.7956730769230769 0.15985576923076922 0.09495192307692307 0.31971153846153844
0 0.07932692307692307 0.25600961538461536 0.10336538461538461 0.2980769230769231
0 0.1045673076923077 0.40865384615384615 0.09495192307692307 0.3112980769230769
0 0.7331730769230769 0.4831730769230769 0.09014423076923077 0.28125
0 0.8100961538461539 0.5420673076923077 0.07932692307692307 0.24759615384615385
0 0.07572115384615384 0.5697115384615384 0.07572115384615384 0.21153846153846154
0 0.33052884615384615 0.5733173076923077 0.17548076923076922 0.20432692307692307
0 0.33653846153846156 0.7007211538461539 0.14903846153846154 0.1814903846153846
0 0.7860576923076923 0.8052884615384616 0.10096153846153846 0.25240384615384615
0 0.734375 0.8617788461538461 0.140625 0.18269230769230768
0 0.6105769230769231 0.8930288461538461 0.1141826923076923 0.2127403846153846
0 0.43509615384615385 0.9375 0.1346153846153846 0.1201923076923077
0 0.2824519230769231 0.9435096153846154 0.09014423076923077 0.11177884615384616
0 0.7439903846153846 0.11177884615384616 0.0985576923076923 0.22355769230769232