0 0.11899038461538461 0.16706730769230768 0.15144230769230768 0.23317307692307693
0 0.14423076923076922 0.3786057692307692 0.1201923076923077 0.21875
0 0.7884615384615384 0.41346153846153844 0.10817307692307693 0.2932692307692308
0 0.054086538461538464 0.4651442307692308 0.10817307692307693 0.24519230769230768
0 0.037259615384615384 0.6382211538461539 0.07451923076923077 0.2620192307692308
0 0.78125 0.6694711538461539 0.09375 0.3125
0 0.39302884615384615 0.7788461538461539 0.18629807692307693 0.24158653846153846
0 0.2824519230769231 0.8293269230769231 0.140625 0.19591346153846154
0 0.7944711538461539 0.08774038461538461 0.10817307692307693 0.17548076923076922
0 0.22235576923076922 0.8822115384615384 0.07091346153846154 0.16947115384615385
0 0.7151442307692307 0.125 0.12860576923076922 0.25