0 0.14423076923076922 0.15865384615384615 0.07451923076923077 0.3016826923076923
0 0.7932692307692307 0.29927884615384615 0.11177884615384616 0.36177884615384615
0 0.9555288461538461 0.31490384615384615 0.06009615384615385 0.31850961538461536
0 0.055288461538461536 0.35336538461538464 0.10697115384615384 0.28365384615384615
0 0.7139423076923077 0.4110576923076923 0.11658653846153846 0.33052884615384615
0 0.7644230769230769 0.6045673076923077 0.1141826923076923 0.27283653846153844
0 0.7896634615384616 0.6850961538461539 0.10336538461538461 0.2536057692307692
0 0.06610576923076923 0.6899038461538461 0.0889423076923077 0.25841346153846156
0 0.7463942307692307 0.7980769230769231 0.1201923076923077 0.21995192307692307
0 0.6899038461538461 0.8064903846153846 0.11057692307692307 0.2776442307692308
0 0.4651442307692308 0.8689903846153846 0.11298076923076923 0.25961538461538464
0 0.3088942307692308 0.9278846153846154 0.1622596153846154 0.14182692307692307
0 0.6887019230769231 0.11899038461538461 0.09615384615384616 0.23798076923076922
0 0.7728365384615384 0.1201923076923077 0.12860576923076922 0.23918269230769232