0 0.4987980769230769 0.15745192307692307 0.15985576923076922 0.19831730769230768
0 0.9639423076923077 0.2283653846153846 0.06971153846153846 0.328125
0 0.32572115384615385 0.2536057692307692 0.19591346153846154 0.23798076923076922
0 0.6574519230769231 0.29447115384615385 0.20552884615384615 0.2439903846153846
0 0.038461538461538464 0.32211538461538464 0.07692307692307693 0.3076923076923077
0 0.20552884615384615 0.359375 0.07451923076923077 0.24278846153846154
0 0.25721153846153844 0.41346153846153844 0.09975961538461539 0.2932692307692308
0 0.78125 0.41947115384615385 0.11538461538461539 0.3762019230769231
0 0.08413461538461539 0.4266826923076923 0.1346153846153846 0.27163461538461536
0 0.7151442307692307 0.546875 0.12259615384615384 0.2620192307692308
0 0.04927884615384615 0.6358173076923077 0.08533653846153846 0.3233173076923077
0 0.4579326923076923 0.6995192307692307 0.11778846153846154 0.2620192307692308
0 0.3233173076923077 0.7379807692307693 0.16826923076923078 0.20793269230769232
0 0.5673076923076923 0.7548076923076923 0.17908653846153846 0.15625
0 0.7704326923076923 0.8052884615384616 0.14543269230769232 0.25240384615384615
0 0.5901442307692307 0.8713942307692307 0.15384615384615385 0.21875
0 0.2403846153846154 0.8786057692307693 0.1346153846153846 0.23798076923076922
0 0.6526442307692307 0.8918269230769231 0.13822115384615385 0.140625
0 0.0673076923076923 0.8990384615384616 0.08653846153846154 0.1971153846153846
0 0.42788461538461536 0.9194711538461539 0.16346153846153846 0.15625
0 0.16346153846153846 0.9362980769230769 0.09495192307692307 0.11658653846153846
0 0.34975961538461536 0.9435096153846154 0.11778846153846154 0.10817307692307693