0 0.15865384615384615 0.1971153846153846 0.11538461538461539 0.2800480769230769
0 0.08653846153846154 0.21875 0.09375 0.32091346153846156
0 0.7163461538461539 0.24158653846153846 0.15384615384615385 0.3449519230769231
0 0.8004807692307693 0.2980769230769231 0.09615384615384616 0.3701923076923077
0 0.05889423076923077 0.34615384615384615 0.11778846153846154 0.28846153846153844
0 0.43509615384615385 0.5576923076923077 0.13942307692307693 0.3545673076923077
0 0.039663461538461536 0.6105769230769231 0.07932692307692307 0.28846153846153844
0 0.7896634615384616 0.6754807692307693 0.06490384615384616 0.26322115384615385
0 0.6586538461538461 0.7872596153846154 0.17067307692307693 0.16826923076923078
0 0.14182692307692307 0.8521634615384616 0.13822115384615385 0.14543269230769232
0 0.7271634615384616 0.8713942307692307 0.14182692307692307 0.140625
0 0.3473557692307692 0.8858173076923077 0.16706730769230768 0.19831730769230768
0 0.6057692307692307 0.9338942307692307 0.15384615384615385 0.12740384615384615
0 0.28966346153846156 0.9411057692307693 0.15625 0.11298076923076923
0 0.16346153846153846 0.9435096153846154 0.14903846153846154 0.10817307692307693