0 0.8052884615384616 0.14423076923076922 0.13701923076923078 0.28846153846153844
0 0.5949519230769231 0.15264423076923078 0.16826923076923078 0.30408653846153844
0 0.6502403846153846 0.19951923076923078 0.10336538461538461 0.35336538461538464
0 0.7367788461538461 0.20192307692307693 0.14783653846153846 0.32211538461538464
0 0.054086538461538464 0.22956730769230768 0.10576923076923077 0.21995192307692307
0 0.19591346153846154 0.3401442307692308 0.140625 0.3004807692307692
0 0.7067307692307693 0.375 0.10697115384615384 0.3425480769230769
0 0.8028846153846154 0.41947115384615385 0.09254807692307693 0.32091346153846156
0 0.038461538461538464 0.5709134615384616 0.07692307692307693 0.23798076923076922
0 0.7944711538461539 0.6694711538461539 0.08774038461538461 0.2439903846153846
0 0.06490384615384616 0.6983173076923077 0.0889423076923077 0.18990384615384615
0 0.6213942307692307 0.7487980769230769 0.1875 0.11778846153846154
0 0.4495192307692308 0.8245192307692307 0.16706730769230768 0.12259615384615384
0 0.4699519230769231 0.9086538461538461 0.13701923076923078 0.13942307692307693
0 0.5733173076923077 0.9194711538461539 0.15625 0.0985576923076923
0 0.6538461538461539 0.9194711538461539 0.10697115384615384 0.11298076923076923
0 0.7451923076923077 0.9242788461538461 0.11298076923076923 0.12139423076923077
0 0.3233173076923077 0.9278846153846154 0.09375 0.13701923076923078
0 0.22596153846153846 0.9435096153846154 0.06850961538461539 0.11177884615384616
0 0.1201923076923077 0.1310096153846154 0.12139423076923077 0.2283653846153846