0 0.078125 0.21394230769230768 0.08052884615384616 0.3004807692307692
0 0.21634615384615385 0.2608173076923077 0.11298076923076923 0.3858173076923077
0 0.2932692307692308 0.27884615384615385 0.140625 0.3112980769230769
0 0.7836538461538461 0.3629807692307692 0.11298076923076923 0.3485576923076923
0 0.05889423076923077 0.5216346153846154 0.0985576923076923 0.31490384615384615
0 0.6586538461538461 0.0733173076923077 0.23076923076923078 0.1466346153846154
0 0.7836538461538461 0.7980769230769231 0.09254807692307693 0.27524038461538464
0 0.6899038461538461 0.8870192307692307 0.14423076923076922 0.15745192307692307
0 0.2536057692307692 0.8894230769230769 0.125 0.1045673076923077
0 0.5697115384615384 0.9074519230769231 0.16346153846153846 0.18028846153846154
0 0.41586538461538464 0.9266826923076923 0.15264423076923078 0.14423076923076922
0 0.3641826923076923 0.09615384615384616 0.18990384615384615 0.19110576923076922
0 0.3076923076923077 0.9591346153846154 0.17067307692307693 0.07932692307692307