0 0.7475961538461539 0.14182692307692307 0.09975961538461539 0.28365384615384615
0 0.9435096153846154 0.16947115384615385 0.04807692307692308 0.27283653846153844
0 0.6887019230769231 0.20552884615384615 0.13581730769230768 0.3713942307692308
0 0.05048076923076923 0.22956730769230768 0.10096153846153846 0.23798076923076922
0 0.6610576923076923 0.265625 0.09495192307692307 0.35697115384615385
0 0.7692307692307693 0.30649038461538464 0.09014423076923077 0.31009615384615385
0 0.03365384615384615 0.3245192307692308 0.0673076923076923 0.2247596153846154
0 0.29927884615384615 0.47716346153846156 0.18269230769230768 0.16346153846153846
0 0.9567307692307693 0.5216346153846154 0.08533653846153846 0.1935096153846154
0 0.06971153846153846 0.5528846153846154 0.12620192307692307 0.14182692307692307
0 0.7584134615384616 0.5745192307692307 0.15625 0.2127403846153846
0 0.49759615384615385 0.6286057692307693 0.12620192307692307 0.18629807692307693
0 0.7319711538461539 0.7103365384615384 0.0889423076923077 0.20793269230769232
0 0.7752403846153846 0.7163461538461539 0.08774038461538461 0.28725961538461536
0 0.6442307692307693 0.7295673076923077 0.15985576923076922 0.13221153846153846
0 0.43509615384615385 0.7475961538461539 0.1778846153846154 0.3004807692307692
0 0.8040865384615384 0.8112980769230769 0.06129807692307692 0.24879807692307693
0 0.6370192307692307 0.8413461538461539 0.15264423076923078 0.109375
0 0.5228365384615384 0.8545673076923077 0.08052884615384616 0.28725961538461536
0 0.6923076923076923 0.8942307692307693 0.16826923076923078 0.125
0 0.3737980769230769 0.9158653846153846 0.12139423076923077 0.1658653846153846
0 0.24158653846153846 0.9194711538461539 0.19951923076923078 0.15865384615384615
0 0.44591346153846156 0.9471153846153846 0.15144230769230768 0.10096153846153846