0 0.47716346153846156 0.203125 0.2127403846153846 0.27884615384615385
0 0.8040865384615384 0.2776442307692308 0.10096153846153846 0.3269230769230769
0 0.054086538461538464 0.3004807692307692 0.10697115384615384 0.2620192307692308
0 0.18509615384615385 0.3173076923076923 0.10817307692307693 0.25961538461538464
0 0.24759615384615385 0.3317307692307692 0.109375 0.2127403846153846
0 0.03125 0.5036057692307693 0.0625 0.23317307692307693
0 0.08173076923076923 0.7079326923076923 0.07932692307692307 0.2704326923076923
0 0.5 0.7235576923076923 0.14783653846153846 0.21875
0 0.34134615384615385 0.7620192307692307 0.16105769230769232 0.2776442307692308
0 0.7680288461538461 0.8052884615384616 0.13221153846153846 0.3269230769230769
0 0.5793269230769231 0.8629807692307693 0.12620192307692307 0.25600961538461536
0 0.6923076923076923 0.9110576923076923 0.09975961538461539 0.11057692307692307
0 0.4206730769230769 0.9543269230769231 0.14903846153846154 0.0889423076923077