0 0.1502403846153846 0.14302884615384615 0.15504807692307693 0.23197115384615385
0 0.796875 0.15264423076923078 0.07211538461538461 0.27283653846153844
0 0.6514423076923077 0.1875 0.0829326923076923 0.3701923076923077
0 0.7307692307692307 0.21394230769230768 0.09735576923076923 0.3473557692307692
0 0.054086538461538464 0.25841346153846156 0.10576923076923077 0.20552884615384615
0 0.44711538461538464 0.3173076923076923 0.10336538461538461 0.3173076923076923
0 0.703125 0.36538461538461536 0.09975961538461539 0.35096153846153844
0 0.22956730769230768 0.3701923076923077 0.11538461538461539 0.3605769230769231
0 0.7980769230769231 0.4254807692307692 0.07451923076923077 0.3329326923076923
0 0.9471153846153846 0.5492788461538461 0.04927884615384615 0.2608173076923077
0 0.039663461538461536 0.5528846153846154 0.054086538461538464 0.22596153846153846
0 0.7980769230769231 0.6586538461538461 0.07451923076923077 0.30649038461538464
0 0.08052884615384616 0.7019230769230769 0.051682692307692304 0.23317307692307693
0 0.9375 0.7632211538461539 0.10096153846153846 0.17548076923076922
0 0.45072115384615385 0.8329326923076923 0.18629807692307693 0.17548076923076922
0 0.25721153846153844 0.8401442307692307 0.1045673076923077 0.27283653846153844
0 0.7403846153846154 0.859375 0.1201923076923077 0.17307692307692307
0 0.6574519230769231 0.8810096153846154 0.11177884615384616 0.16105769230769232
0 0.5528846153846154 0.921875 0.13942307692307693 0.15144230769230768
0 0.44591346153846156 0.9278846153846154 0.17067307692307693 0.13942307692307693
0 0.21875 0.9302884615384616 0.10096153846153846 0.1346153846153846
0 0.5841346153846154 0.125 0.13581730769230768 0.25