0 0.0625 0.2692307692307692 0.09735576923076923 0.21514423076923078
0 0.7211538461538461 0.28846153846153844 0.15985576923076922 0.31490384615384615
0 0.9435096153846154 0.4026442307692308 0.07211538461538461 0.27283653846153844
0 0.8088942307692307 0.4110576923076923 0.07692307692307693 0.33052884615384615
0 0.7007211538461539 0.4951923076923077 0.12740384615384615 0.2439903846153846
0 0.06009615384615385 0.5204326923076923 0.09495192307692307 0.2644230769230769
0 0.04567307692307692 0.5841346153846154 0.09134615384615384 0.27884615384615385
0 0.7944711538461539 0.6971153846153846 0.06370192307692307 0.30649038461538464
0 0.5420673076923077 0.8197115384615384 0.0985576923076923 0.2608173076923077
0 0.25240384615384615 0.8413461538461539 0.08413461538461539 0.19110576923076922
0 0.30288461538461536 0.8858173076923077 0.07211538461538461 0.22596153846153846
0 0.20673076923076922 0.8954326923076923 0.12620192307692307 0.16105769230769232
0 0.3762019230769231 0.9326923076923077 0.15865384615384615 0.13221153846153846
0 0.11538461538461539 0.09735576923076923 0.10336538461538461 0.1935096153846154
0 0.04927884615384615 0.10336538461538461 0.09735576923076923 0.20552884615384615