0 0.23076923076923078 0.15625 0.13942307692307693 0.265625
0 0.11298076923076923 0.24639423076923078 0.07211538461538461 0.31490384615384615
0 0.04447115384615385 0.3233173076923077 0.0889423076923077 0.28725961538461536
0 0.19591346153846154 0.3798076923076923 0.14783653846153846 0.24879807692307693
0 0.09495192307692307 0.5264423076923077 0.09375 0.21514423076923078
0 0.05889423076923077 0.6442307692307693 0.10096153846153846 0.2704326923076923
0 0.640625 0.671875 0.15144230769230768 0.2283653846153846
0 0.037259615384615384 0.7055288461538461 0.07451923076923077 0.29086538461538464
0 0.6586538461538461 0.078125 0.09014423076923077 0.15504807692307693
0 0.35216346153846156 0.8461538461538461 0.16466346153846154 0.20072115384615385
0 0.2548076923076923 0.8725961538461539 0.09134615384615384 0.25
0 0.33052884615384615 0.9254807692307693 0.19471153846153846 0.14423076923076922