0 0.1502403846153846 0.15985576923076922 0.09014423076923077 0.30649038461538464
0 0.09375 0.21033653846153846 0.08653846153846154 0.29447115384615385
0 0.7944711538461539 0.296875 0.0985576923076923 0.34375
0 0.054086538461538464 0.3473557692307692 0.1045673076923077 0.27283653846153844
0 0.7115384615384616 0.4182692307692308 0.11899038461538461 0.3269230769230769
0 0.15144230769230768 0.4338942307692308 0.14903846153846154 0.18509615384615385
0 0.9555288461538461 0.5841346153846154 0.08413461538461539 0.23677884615384615
0 0.7668269230769231 0.5997596153846154 0.11057692307692307 0.2824519230769231
0 0.7824519230769231 0.6862980769230769 0.09495192307692307 0.2608173076923077
0 0.06610576923076923 0.7067307692307693 0.0829326923076923 0.28365384615384615
0 0.6850961538461539 0.7992788461538461 0.10336538461538461 0.2920673076923077
0 0.7427884615384616 0.8076923076923077 0.11538461538461539 0.22235576923076922
0 0.5444711538461539 0.8557692307692307 0.0829326923076923 0.27524038461538464
0 0.46274038461538464 0.8641826923076923 0.109375 0.2692307692307692
0 0.30649038461538464 0.9266826923076923 0.15144230769230768 0.14423076923076922
0 0.7752403846153846 0.12139423076923077 0.10576923076923077 0.24278846153846154
0 0.6935096153846154 0.13341346153846154 0.07932692307692307 0.2668269230769231