0 0.11778846153846154 0.140625 0.15264423076923078 0.23197115384615385
0 0.0673076923076923 0.1778846153846154 0.10576923076923077 0.23317307692307693
0 0.057692307692307696 0.265625 0.10216346153846154 0.24158653846153846
0 0.14302884615384615 0.37740384615384615 0.1466346153846154 0.24519230769230768
0 0.9555288461538461 0.3798076923076923 0.046875 0.3293269230769231
0 0.057692307692307696 0.4579326923076923 0.10576923076923077 0.27163461538461536
0 0.05889423076923077 0.5564903846153846 0.11778846153846154 0.25
0 0.9603365384615384 0.5901442307692307 0.07451923076923077 0.11778846153846154
0 0.046875 0.6430288461538461 0.07451923076923077 0.21995192307692307
0 0.7824519230769231 0.6526442307692307 0.0985576923076923 0.32091346153846156
0 0.9483173076923077 0.6670673076923077 0.0829326923076923 0.13942307692307693
0 0.38221153846153844 0.7860576923076923 0.21634615384615385 0.25600961538461536
0 0.265625 0.8677884615384616 0.12980769230769232 0.25841346153846156
0 0.15144230769230768 0.8858173076923077 0.13701923076923078 0.2247596153846154
0 0.7884615384615384 0.10697115384615384 0.10096153846153846 0.21394230769230768
0 0.7151442307692307 0.1310096153846154 0.12980769230769232 0.2620192307692308