0 0.5757211538461539 0.15745192307692307 0.10817307692307693 0.31490384615384615
0 0.8112980769230769 0.17548076923076922 0.06610576923076923 0.33653846153846156
0 0.6911057692307693 0.33052884615384615 0.15264423076923078 0.26802884615384615
0 0.052884615384615384 0.4230769230769231 0.1045673076923077 0.24519230769230768
0 0.7463942307692307 0.4951923076923077 0.09375 0.3473557692307692
0 0.8040865384615384 0.5288461538461539 0.0625 0.3004807692307692
0 0.046875 0.5396634615384616 0.08533653846153846 0.24519230769230768
0 0.057692307692307696 0.7139423076923077 0.09134615384615384 0.24879807692307693
0 0.3581730769230769 0.7608173076923077 0.19831730769230768 0.2776442307692308
0 0.7692307692307693 0.7824519230769231 0.09615384615384616 0.26802884615384615
0 0.7283653846153846 0.8401442307692307 0.12620192307692307 0.22355769230769232
0 0.5913461538461539 0.9206730769230769 0.16346153846153846 0.1466346153846154
0 0.2800480769230769 0.9242788461538461 0.1141826923076923 0.14903846153846154
0 0.40865384615384615 0.9314903846153846 0.17548076923076922 0.13341346153846154
0 0.7439903846153846 0.13221153846153846 0.10336538461538461 0.2644230769230769