0 0.7475961538461539 0.1658653846153846 0.14903846153846154 0.31971153846153844
0 0.07211538461538461 0.21514423076923078 0.12860576923076922 0.27283653846153844
0 0.06370192307692307 0.31850961538461536 0.0829326923076923 0.2704326923076923
0 0.3317307692307692 0.3701923076923077 0.10697115384615384 0.4026442307692308
0 0.1466346153846154 0.38341346153846156 0.10817307692307693 0.2824519230769231
0 0.04927884615384615 0.39302884615384615 0.0625 0.28125
0 0.41586538461538464 0.5108173076923077 0.11538461538461539 0.33774038461538464
0 0.04326923076923077 0.5697115384615384 0.08653846153846154 0.2608173076923077
0 0.47836538461538464 0.05889423076923077 0.12860576923076922 0.11778846153846154
0 0.7920673076923077 0.06610576923076923 0.0829326923076923 0.1310096153846154
0 0.7896634615384616 0.7584134615384616 0.10216346153846154 0.26322115384615385
0 0.36177884615384615 0.8040865384615384 0.13221153846153846 0.21394230769230768
0 0.49759615384615385 0.8257211538461539 0.0985576923076923 0.2776442307692308
0 0.2848557692307692 0.8569711538461539 0.10336538461538461 0.28125
0 0.6862980769230769 0.8629807692307693 0.15144230769230768 0.1658653846153846
0 0.17307692307692307 0.8677884615384616 0.1502403846153846 0.14783653846153846
0 0.5973557692307693 0.8846153846153846 0.10336538461538461 0.19591346153846154
0 0.4110576923076923 0.9002403846153846 0.15985576923076922 0.19831730769230768
0 0.17427884615384615 0.9639423076923077 0.15264423076923078 0.06971153846153846