0 0.05889423076923077 0.13942307692307693 0.11658653846153846 0.27524038461538464
0 0.7079326923076923 0.296875 0.1875 0.3125
0 0.0733173076923077 0.34615384615384615 0.12139423076923077 0.32572115384615385
0 0.054086538461538464 0.34615384615384615 0.10817307692307693 0.4170673076923077
0 0.8173076923076923 0.421875 0.10216346153846154 0.32572115384615385
0 0.7151442307692307 0.5144230769230769 0.15384615384615385 0.23317307692307693
0 0.04807692307692308 0.5276442307692307 0.09495192307692307 0.23197115384615385
0 0.8149038461538461 0.7247596153846154 0.0889423076923077 0.3401442307692308
0 0.5480769230769231 0.7848557692307693 0.11057692307692307 0.328125
0 0.24519230769230768 0.8197115384615384 0.08533653846153846 0.23317307692307693
0 0.47596153846153844 0.8834134615384616 0.21153846153846154 0.2283653846153846
0 0.3701923076923077 0.9122596153846154 0.1875 0.17427884615384615
0 0.6081730769230769 0.1045673076923077 0.23076923076923078 0.20793269230769232
0 0.11298076923076923 0.1201923076923077 0.12379807692307693 0.2403846153846154