0 0.09975961538461539 0.20072115384615385 0.109375 0.30288461538461536
0 0.06129807692307692 0.35336538461538464 0.12139423076923077 0.23798076923076922
0 0.7908653846153846 0.36538461538461536 0.10096153846153846 0.33653846153846156
0 0.12860576923076922 0.4098557692307692 0.11538461538461539 0.30408653846153844
0 0.42908653846153844 0.5877403846153846 0.18028846153846154 0.29927884615384615
0 0.04447115384615385 0.6105769230769231 0.07692307692307693 0.28966346153846156
0 0.7091346153846154 0.6586538461538461 0.1622596153846154 0.2644230769230769
0 0.8004807692307693 0.7596153846153846 0.0625 0.24519230769230768
0 0.5709134615384616 0.9194711538461539 0.16105769230769232 0.12980769230769232
0 0.7199519230769231 0.9194711538461539 0.14543269230769232 0.12980769230769232
0 0.37740384615384615 0.9266826923076923 0.15985576923076922 0.14423076923076922
0 0.7860576923076923 0.10817307692307693 0.12740384615384615 0.21634615384615385
0 0.3449519230769231 0.1141826923076923 0.140625 0.2283653846153846