0 0.5757211538461539 0.13942307692307693 0.11778846153846154 0.2776442307692308
0 0.13822115384615385 0.140625 0.14423076923076922 0.24879807692307693
0 0.7247596153846154 0.18269230769230768 0.09735576923076923 0.3317307692307692
0 0.6334134615384616 0.18990384615384615 0.1045673076923077 0.3545673076923077
0 0.7055288461538461 0.3485576923076923 0.12259615384615384 0.24639423076923078
0 0.21875 0.34975961538461536 0.11177884615384616 0.3425480769230769
0 0.7836538461538461 0.3858173076923077 0.09134615384615384 0.28365384615384615
0 0.3389423076923077 0.4987980769230769 0.13942307692307693 0.2127403846153846
0 0.037259615384615384 0.5637019230769231 0.07451923076923077 0.28725961538461536
0 0.78125 0.6778846153846154 0.09735576923076923 0.3112980769230769
0 0.4495192307692308 0.7752403846153846 0.17427884615384615 0.2283653846153846
0 0.27884615384615385 0.8762019230769231 0.11057692307692307 0.24639423076923078
0 0.20432692307692307 0.8882211538461539 0.11538461538461539 0.1502403846153846
0 0.6538461538461539 0.8954326923076923 0.08173076923076923 0.17307692307692307
0 0.7596153846153846 0.9146634615384616 0.10576923076923077 0.1658653846153846
0 0.4543269230769231 0.9170673076923077 0.15264423076923078 0.1622596153846154
0 0.5625 0.9266826923076923 0.11778846153846154 0.14423076923076922