0 0.20793269230769232 0.20192307692307693 0.08653846153846154 0.3449519230769231
0 0.06009615384615385 0.23197115384615385 0.07692307692307693 0.29927884615384615
0 0.2956730769230769 0.28966346153846156 0.11298076923076923 0.35096153846153844
0 0.0625 0.44471153846153844 0.09735576923076923 0.20552884615384615
0 0.7728365384615384 0.7848557692307693 0.10697115384615384 0.2439903846153846
0 0.53125 0.8389423076923077 0.17908653846153846 0.16706730769230768
0 0.41225961538461536 0.8846153846153846 0.10336538461538461 0.11298076923076923
0 0.2512019230769231 0.8870192307692307 0.13341346153846154 0.109375
0 0.6862980769230769 0.8930288461538461 0.1045673076923077 0.1201923076923077
0 0.6622596153846154 0.09254807692307693 0.20552884615384615 0.18509615384615385
0 0.36899038461538464 0.11658653846153846 0.15865384615384615 0.23317307692307693
0 0.10336538461538461 0.12379807692307693 0.08173076923076923 0.24759615384615385