0 0.07692307692307693 0.20673076923076922 0.125 0.296875
0 0.22115384615384615 0.21995192307692307 0.08173076923076923 0.34975961538461536
0 0.30408653846153844 0.28966346153846156 0.10697115384615384 0.34134615384615385
0 0.06850961538461539 0.48197115384615385 0.0985576923076923 0.28966346153846156
0 0.04927884615384615 0.6670673076923077 0.09735576923076923 0.265625
0 0.7596153846153846 0.6899038461538461 0.16346153846153846 0.2620192307692308
0 0.7956730769230769 0.7980769230769231 0.09375 0.21875
0 0.6682692307692307 0.08413461538461539 0.25961538461538464 0.16826923076923078
0 0.27163461538461536 0.8798076923076923 0.14903846153846154 0.15264423076923078
0 0.7163461538461539 0.8978365384615384 0.171875 0.16826923076923078
0 0.5637019230769231 0.9038461538461539 0.16346153846153846 0.18990384615384615
0 0.421875 0.9170673076923077 0.17067307692307693 0.1622596153846154
0 0.36538461538461536 0.09495192307692307 0.16346153846153846 0.18990384615384615
0 0.27403846153846156 0.9423076923076923 0.13942307692307693 0.11057692307692307
0 0.7836538461538461 0.10817307692307693 0.07211538461538461 0.21634615384615385