0 0.05048076923076923 0.20192307692307693 0.09134615384615384 0.23918269230769232
0 0.6802884615384616 0.20432692307692307 0.13701923076923078 0.38221153846153844
0 0.7560096153846154 0.26802884615384615 0.11658653846153846 0.35697115384615385
0 0.6610576923076923 0.28125 0.109375 0.3762019230769231
0 0.28846153846153844 0.44591346153846156 0.16105769230769232 0.171875
0 0.078125 0.53125 0.13822115384615385 0.19591346153846154
0 0.7487980769230769 0.5805288461538461 0.14423076923076922 0.2536057692307692
0 0.7716346153846154 0.7247596153846154 0.07692307692307693 0.3485576923076923
0 0.7283653846153846 0.7319711538461539 0.06490384615384616 0.27163461538461536
0 0.6274038461538461 0.7367788461538461 0.15985576923076922 0.16346153846153846
0 0.4519230769230769 0.7644230769230769 0.16826923076923078 0.29447115384615385
0 0.31850961538461536 0.7644230769230769 0.12740384615384615 0.23918269230769232
0 0.625 0.828125 0.1778846153846154 0.11057692307692307
0 0.24519230769230768 0.8341346153846154 0.0985576923076923 0.24639423076923078
0 0.578125 0.8810096153846154 0.13221153846153846 0.15264423076923078
0 0.28846153846153844 0.8834134615384616 0.13701923076923078 0.14423076923076922
0 0.6838942307692307 0.9134615384615384 0.1622596153846154 0.1346153846153846
0 0.23076923076923078 0.921875 0.17067307692307693 0.1502403846153846
0 0.37259615384615385 0.921875 0.10336538461538461 0.14543269230769232
0 0.46634615384615385 0.9471153846153846 0.14423076923076922 0.10096153846153846
0 0.7355769230769231 0.11177884615384616 0.1141826923076923 0.22355769230769232