0 0.71875 0.29086538461538464 0.1622596153846154 0.25841346153846156
0 0.06129807692307692 0.2956730769230769 0.11298076923076923 0.24639423076923078
0 0.8016826923076923 0.39903846153846156 0.09014423076923077 0.3016826923076923
0 0.296875 0.484375 0.1778846153846154 0.12379807692307693
0 0.7007211538461539 0.49038461538461536 0.1658653846153846 0.2536057692307692
0 0.06129807692307692 0.5240384615384616 0.1141826923076923 0.27884615384615385
0 0.8040865384615384 0.7223557692307693 0.08774038461538461 0.25841346153846156
0 0.2608173076923077 0.8197115384615384 0.09014423076923077 0.1971153846153846
0 0.5588942307692307 0.8317307692307693 0.09134615384615384 0.2776442307692308
0 0.4831730769230769 0.08653846153846154 0.1310096153846154 0.171875
0 0.32091346153846156 0.9002403846153846 0.12139423076923077 0.19831730769230768
0 0.19951923076923078 0.9026442307692307 0.08052884615384616 0.13341346153846154
0 0.3701923076923077 0.9242788461538461 0.15264423076923078 0.1502403846153846
0 0.11298076923076923 0.09975961538461539 0.09615384615384616 0.19831730769230768