0 0.04567307692307692 0.15865384615384615 0.0733173076923077 0.2704326923076923
0 0.7151442307692307 0.2091346153846154 0.11177884615384616 0.3401442307692308
0 0.7992788461538461 0.2704326923076923 0.08173076923076923 0.328125
0 0.6574519230769231 0.33413461538461536 0.20432692307692307 0.37740384615384615
0 0.036057692307692304 0.4266826923076923 0.06490384615384616 0.25721153846153844
0 0.4110576923076923 0.47115384615384615 0.12860576923076922 0.3112980769230769
0 0.8112980769230769 0.5204326923076923 0.0889423076923077 0.2920673076923077
0 0.046875 0.6658653846153846 0.09134615384615384 0.25841346153846156
0 0.7944711538461539 0.7836538461538461 0.07932692307692307 0.23677884615384615
0 0.2403846153846154 0.8521634615384616 0.08774038461538461 0.20072115384615385
0 0.7379807692307693 0.8713942307692307 0.1141826923076923 0.19591346153846154
0 0.6081730769230769 0.9014423076923077 0.11298076923076923 0.1310096153846154
0 0.3112980769230769 0.9158653846153846 0.13221153846153846 0.16346153846153846
0 0.453125 0.9194711538461539 0.1310096153846154 0.0985576923076923