0 0.057692307692307696 0.19110576923076922 0.08533653846153846 0.19591346153846154
0 0.5721153846153846 0.19831730769230768 0.15144230769230768 0.35096153846153844
0 0.038461538461538464 0.24278846153846154 0.07572115384615384 0.2668269230769231
0 0.41466346153846156 0.6057692307692307 0.18870192307692307 0.29086538461538464
0 0.11057692307692307 0.609375 0.1346153846153846 0.2283653846153846
0 0.47596153846153844 0.6838942307692307 0.12980769230769232 0.15384615384615385
0 0.32091346153846156 0.703125 0.13942307692307693 0.3329326923076923
0 0.040865384615384616 0.7163461538461539 0.08173076923076923 0.1502403846153846
0 0.7512019230769231 0.7512019230769231 0.11177884615384616 0.33052884615384615
0 0.7800480769230769 0.765625 0.078125 0.2764423076923077
0 0.6165865384615384 0.8161057692307693 0.13701923076923078 0.2536057692307692
0 0.31490384615384615 0.9182692307692307 0.16346153846153846 0.15865384615384615
0 0.1875 0.9411057692307693 0.125 0.11298076923076923
0 0.7920673076923077 0.11057692307692307 0.08533653846153846 0.22115384615384615
0 0.6610576923076923 0.11538461538461539 0.10096153846153846 0.23076923076923078
0 0.7307692307692307 0.13341346153846154 0.06971153846153846 0.265625