0 0.15985576923076922 0.2403846153846154 0.14182692307692307 0.2127403846153846
0 0.8004807692307693 0.2512019230769231 0.09014423076923077 0.3161057692307692
0 0.7391826923076923 0.29086538461538464 0.13341346153846154 0.38341346153846156
0 0.32211538461538464 0.38221153846153844 0.17427884615384615 0.29447115384615385
0 0.07091346153846154 0.5036057692307693 0.10216346153846154 0.21033653846153846
0 0.7391826923076923 0.5132211538461539 0.11057692307692307 0.33413461538461536
0 0.7944711538461539 0.5829326923076923 0.0985576923076923 0.3137019230769231
0 0.6935096153846154 0.5913461538461539 0.08413461538461539 0.34375
0 0.7560096153846154 0.7752403846153846 0.10096153846153846 0.19831730769230768
0 0.06490384615384616 0.7788461538461539 0.0673076923076923 0.2608173076923077
0 0.6646634615384616 0.8305288461538461 0.12620192307692307 0.21754807692307693
0 0.28725961538461536 0.8629807692307693 0.17548076923076922 0.15985576923076922
0 0.5745192307692307 0.9206730769230769 0.15865384615384615 0.15625
0 0.4074519230769231 0.9278846153846154 0.16947115384615385 0.14302884615384615