0 0.12139423076923077 0.14783653846153846 0.08052884615384616 0.2536057692307692
0 0.5432692307692307 0.17668269230769232 0.14903846153846154 0.35336538461538464
0 0.6862980769230769 0.2512019230769231 0.1466346153846154 0.375
0 0.02403846153846154 0.29086538461538464 0.04807692307692308 0.296875
0 0.4026442307692308 0.39302884615384615 0.1778846153846154 0.1346153846153846
0 0.22596153846153846 0.4014423076923077 0.16346153846153846 0.2403846153846154
0 0.11899038461538461 0.5036057692307693 0.07932692307692307 0.31490384615384615
0 0.8040865384615384 0.5108173076923077 0.12259615384615384 0.3112980769230769
0 0.6899038461538461 0.5348557692307693 0.10096153846153846 0.2764423076923077
0 0.3641826923076923 0.5492788461538461 0.17908653846153846 0.14783653846153846
0 0.039663461538461536 0.5757211538461539 0.07091346153846154 0.21875
0 0.3293269230769231 0.7379807692307693 0.1310096153846154 0.13581730769230768
0 0.6081730769230769 0.75 0.14182692307692307 0.1971153846153846
0 0.7524038461538461 0.8918269230769231 0.17067307692307693 0.21394230769230768
0 0.26802884615384615 0.9038461538461539 0.09134615384615384 0.18990384615384615
0 0.6310096153846154 0.9146634615384616 0.140625 0.15745192307692307
0 0.4795673076923077 0.9387019230769231 0.1814903846153846 0.12139423076923077
0 0.3389423076923077 0.9447115384615384 0.1466346153846154 0.10697115384615384
0 0.7824519230769231 0.11778846153846154 0.13701923076923078 0.234375