0 0.8064903846153846 0.1778846153846154 0.08774038461538461 0.3557692307692308
0 0.7211538461538461 0.2800480769230769 0.1875 0.26322115384615385
0 0.39302884615384615 0.31850961538461536 0.171875 0.2644230769230769
0 0.7980769230769231 0.5120192307692307 0.07451923076923077 0.3449519230769231
0 0.7199519230769231 0.5144230769230769 0.09495192307692307 0.3581730769230769
0 0.08413461538461539 0.6153846153846154 0.06370192307692307 0.30408653846153844
0 0.036057692307692304 0.6213942307692307 0.06009615384615385 0.265625
0 0.48677884615384615 0.6322115384615384 0.19831730769230768 0.18389423076923078
0 0.5673076923076923 0.0733173076923077 0.23557692307692307 0.14543269230769232
0 0.5108173076923077 0.7379807692307693 0.13701923076923078 0.15144230769230768
0 0.546875 0.7848557692307693 0.1814903846153846 0.10576923076923077
0 0.6923076923076923 0.8269230769230769 0.1141826923076923 0.1778846153846154
0 0.4014423076923077 0.8305288461538461 0.09495192307692307 0.33653846153846156
0 0.3629807692307692 0.8701923076923077 0.08413461538461539 0.22115384615384615
0 0.6370192307692307 0.8882211538461539 0.1310096153846154 0.18870192307692307
0 0.4807692307692308 0.9086538461538461 0.11538461538461539 0.14543269230769232
0 0.5576923076923077 0.9302884615384616 0.13942307692307693 0.1346153846153846
0 0.7247596153846154 0.1310096153846154 0.10817307692307693 0.2620192307692308