0 0.052884615384615384 0.14783653846153846 0.09975961538461539 0.18870192307692307
0 0.16466346153846154 0.16466346153846154 0.1045673076923077 0.29086538461538464
0 0.7980769230769231 0.2956730769230769 0.12139423076923077 0.34615384615384615
0 0.7019230769230769 0.4074519230769231 0.11177884615384616 0.33774038461538464
0 0.7620192307692307 0.59375 0.11538461538461539 0.3173076923076923
0 0.05889423076923077 0.6694711538461539 0.0829326923076923 0.24639423076923078
0 0.8028846153846154 0.6862980769230769 0.0733173076923077 0.25961538461538464
0 0.6814903846153846 0.8100961538461539 0.11899038461538461 0.30408653846153844
0 0.7463942307692307 0.8100961538461539 0.13221153846153846 0.22596153846153846
0 0.30288461538461536 0.9158653846153846 0.15985576923076922 0.1502403846153846
0 0.3581730769230769 0.9290865384615384 0.16947115384615385 0.140625
0 0.6838942307692307 0.13822115384615385 0.0889423076923077 0.2764423076923077