0 0.8004807692307693 0.16346153846153846 0.0985576923076923 0.32572115384615385
0 0.06610576923076923 0.26802884615384615 0.11177884615384616 0.17067307692307693
0 0.4639423076923077 0.2704326923076923 0.10576923076923077 0.3557692307692308
0 0.7403846153846154 0.33533653846153844 0.08533653846153846 0.38822115384615385
0 0.7752403846153846 0.4266826923076923 0.06971153846153846 0.3269230769230769
0 0.07211538461538461 0.5336538461538461 0.1045673076923077 0.30649038461538464
0 0.04567307692307692 0.5925480769230769 0.0733173076923077 0.22115384615384615
0 0.43028846153846156 0.5997596153846154 0.15504807692307693 0.19591346153846154
0 0.12980769230769232 0.08533653846153846 0.078125 0.125
0 0.6418269230769231 0.859375 0.11177884615384616 0.24158653846153846
0 0.4567307692307692 0.8605769230769231 0.09975961538461539 0.27283653846153844
0 0.7259615384615384 0.8689903846153846 0.1466346153846154 0.16346153846153846
0 0.3112980769230769 0.8810096153846154 0.10817307692307693 0.23317307692307693
0 0.3786057692307692 0.9302884615384616 0.1466346153846154 0.1346153846153846
0 0.055288461538461536 0.11057692307692307 0.0625 0.1201923076923077