0 0.7740384615384616 0.14423076923076922 0.14182692307692307 0.28846153846153844
0 0.5012019230769231 0.15504807692307693 0.1502403846153846 0.2776442307692308
0 0.06370192307692307 0.22115384615384615 0.1141826923076923 0.3401442307692308
0 0.7403846153846154 0.2548076923076923 0.12740384615384615 0.26802884615384615
0 0.6923076923076923 0.27524038461538464 0.17307692307692307 0.2956730769230769
0 0.12620192307692307 0.3076923076923077 0.16466346153846154 0.29927884615384615
0 0.2764423076923077 0.3918269230769231 0.16947115384615385 0.3545673076923077
0 0.8088942307692307 0.4423076923076923 0.09975961538461539 0.3317307692307692
0 0.7307692307692307 0.45552884615384615 0.15985576923076922 0.15625
0 0.056490384615384616 0.5180288461538461 0.11298076923076923 0.2536057692307692
0 0.3545673076923077 0.5745192307692307 0.22596153846153846 0.21514423076923078
0 0.04326923076923077 0.6478365384615384 0.07692307692307693 0.26322115384615385
0 0.9459134615384616 0.6826923076923077 0.10576923076923077 0.0985576923076923
0 0.7836538461538461 0.7680288461538461 0.1045673076923077 0.28725961538461536
0 0.9543269230769231 0.7872596153846154 0.09014423076923077 0.140625
0 0.5456730769230769 0.8233173076923077 0.15985576923076922 0.2536057692307692
0 0.11177884615384616 0.8786057692307693 0.109375 0.21153846153846154
0 0.6574519230769231 0.8990384615384616 0.17668269230769232 0.12139423076923077
0 0.19110576923076922 0.9206730769230769 0.13822115384615385 0.15625
0 0.32572115384615385 0.9435096153846154 0.18990384615384615 0.10817307692307693