0 0.8004807692307693 0.14543269230769232 0.07572115384615384 0.27283653846153844
0 0.65625 0.18870192307692307 0.0625 0.36658653846153844
0 0.7331730769230769 0.21153846153846154 0.10216346153846154 0.3629807692307692
0 0.055288461538461536 0.21875 0.09375 0.1622596153846154
0 0.7127403846153846 0.34134615384615385 0.08173076923076923 0.28846153846153844
0 0.04567307692307692 0.36899038461538464 0.09134615384615384 0.1658653846153846
0 0.16947115384615385 0.3798076923076923 0.08653846153846154 0.2764423076923077
0 0.7848557692307693 0.4230769230769231 0.11658653846153846 0.30528846153846156
0 0.3173076923076923 0.48677884615384615 0.15625 0.27524038461538464
0 0.03485576923076923 0.59375 0.06009615384615385 0.19591346153846154
0 0.7824519230769231 0.6658653846153846 0.09615384615384616 0.25841346153846156
0 0.6322115384615384 0.7704326923076923 0.1658653846153846 0.14783653846153846
0 0.4483173076923077 0.8209134615384616 0.20432692307692307 0.1658653846153846
0 0.6778846153846154 0.8882211538461539 0.15865384615384615 0.13942307692307693
0 0.5588942307692307 0.9122596153846154 0.14182692307692307 0.17067307692307693
0 0.7391826923076923 0.9206730769230769 0.11778846153846154 0.15625
0 0.45072115384615385 0.9242788461538461 0.12379807692307693 0.1502403846153846
0 0.24879807692307693 0.9326923076923077 0.12860576923076922 0.11057692307692307
0 0.5901442307692307 0.13341346153846154 0.11538461538461539 0.265625
0 0.15745192307692307 0.1346153846153846 0.15625 0.23798076923076922