0 0.16706730769230768 0.4206730769230769 0.16105769230769232 0.15625
0 0.027644230769230768 0.45072115384615385 0.055288461538461536 0.25841346153846156
0 0.78125 0.5745192307692307 0.11538461538461539 0.20072115384615385
0 0.796875 0.7740384615384616 0.09254807692307693 0.22355769230769232
0 0.28966346153846156 0.7776442307692307 0.125 0.16105769230769232
0 0.7379807692307693 0.8533653846153846 0.11057692307692307 0.28846153846153844
0 0.46033653846153844 0.859375 0.1622596153846154 0.19230769230769232
0 0.6322115384615384 0.8629807692307693 0.08413461538461539 0.1875
0 0.3173076923076923 0.9098557692307693 0.1201923076923077 0.17548076923076922
0 0.6574519230769231 0.9134615384615384 0.14182692307692307 0.10096153846153846
0 0.39903846153846156 0.9411057692307693 0.14423076923076922 0.11298076923076923
0 0.7512019230769231 0.10216346153846154 0.1971153846153846 0.19831730769230768
0 0.13341346153846154 0.10336538461538461 0.125 0.20552884615384615