0 0.18990384615384615 0.24158653846153846 0.15985576923076922 0.20673076923076922
0 0.27403846153846156 0.24879807692307693 0.16466346153846154 0.3125
0 0.11177884615384616 0.25961538461538464 0.11538461538461539 0.23798076923076922
0 0.09375 0.3473557692307692 0.10096153846153846 0.3137019230769231
0 0.7980769230769231 0.4423076923076923 0.07572115384615384 0.26802884615384615
0 0.04326923076923077 0.46274038461538464 0.08653846153846154 0.2764423076923077
0 0.0733173076923077 0.49158653846153844 0.10697115384615384 0.17307692307692307
0 0.046875 0.6430288461538461 0.09375 0.2764423076923077
0 0.23677884615384615 0.8100961538461539 0.14543269230769232 0.19831730769230768
0 0.36778846153846156 0.8389423076923077 0.18870192307692307 0.20072115384615385
0 0.7512019230769231 0.8389423076923077 0.1346153846153846 0.18629807692307693
0 0.27403846153846156 0.9158653846153846 0.14903846153846154 0.16346153846153846
0 0.5661057692307693 0.9350961538461539 0.18509615384615385 0.125
0 0.42427884615384615 0.9423076923076923 0.15504807692307693 0.11298076923076923