0 0.7487980769230769 0.15264423076923078 0.19471153846153846 0.2439903846153846
0 0.5865384615384616 0.17908653846153846 0.14423076923076922 0.3581730769230769
0 0.19230769230769232 0.1935096153846154 0.13701923076923078 0.27884615384615385
0 0.056490384615384616 0.25 0.11298076923076923 0.2536057692307692
0 0.46153846153846156 0.2980769230769231 0.12379807692307693 0.32211538461538464
0 0.78125 0.421875 0.10817307692307693 0.33653846153846156
0 0.28365384615384615 0.4495192307692308 0.16947115384615385 0.328125
0 0.703125 0.46875 0.19110576923076922 0.23557692307692307
0 0.11057692307692307 0.47115384615384615 0.09495192307692307 0.3798076923076923
0 0.8257211538461539 0.6778846153846154 0.055288461538461536 0.2668269230769231
0 0.7572115384615384 0.7680288461538461 0.10576923076923077 0.27163461538461536
0 0.32091346153846156 0.7824519230769231 0.10216346153846154 0.3173076923076923
0 0.4831730769230769 0.08052884615384616 0.11538461538461539 0.16105769230769232
0 0.5600961538461539 0.8461538461538461 0.1658653846153846 0.21394230769230768
0 0.23076923076923078 0.8509615384615384 0.140625 0.11298076923076923
0 0.6766826923076923 0.9086538461538461 0.15865384615384615 0.15264423076923078
0 0.4891826923076923 0.9387019230769231 0.14302884615384615 0.12139423076923077
0 0.09134615384615384 0.13822115384615385 0.1346153846153846 0.2764423076923077