0 0.25600961538461536 0.28846153846153844 0.14903846153846154 0.3858173076923077
0 0.039663461538461536 0.30528846153846156 0.07932692307692307 0.21634615384615385
0 0.1141826923076923 0.3269230769230769 0.10576923076923077 0.17427884615384615
0 0.8076923076923077 0.46033653846153844 0.11899038461538461 0.3581730769230769
0 0.02403846153846154 0.4879807692307692 0.04807692307692308 0.1935096153846154
0 0.07692307692307693 0.5072115384615384 0.09615384615384616 0.17548076923076922
0 0.43509615384615385 0.5985576923076923 0.12379807692307693 0.3581730769230769
0 0.05889423076923077 0.6394230769230769 0.11778846153846154 0.18269230769230768
0 0.7704326923076923 0.7764423076923077 0.11658653846153846 0.27884615384615385
0 0.3317307692307692 0.8088942307692307 0.125 0.18509615384615385
0 0.3798076923076923 0.9146634615384616 0.1201923076923077 0.1658653846153846
0 0.5913461538461539 0.9170673076923077 0.11298076923076923 0.16105769230769232
0 0.2692307692307692 0.9194711538461539 0.10576923076923077 0.15865384615384615
0 0.4879807692307692 0.9362980769230769 0.11538461538461539 0.12620192307692307
0 0.09254807692307693 0.12980769230769232 0.1466346153846154 0.16105769230769232