0 0.7463942307692307 0.1658653846153846 0.171875 0.2980769230769231
0 0.6045673076923077 0.20072115384615385 0.0985576923076923 0.3473557692307692
0 0.7992788461538461 0.33533653846153844 0.0625 0.2776442307692308
0 0.2283653846153846 0.3762019230769231 0.22115384615384615 0.171875
0 0.037259615384615384 0.3942307692307692 0.07451923076923077 0.21634615384615385
0 0.7307692307692307 0.5384615384615384 0.09735576923076923 0.3713942307692308
0 0.8257211538461539 0.5600961538461539 0.08774038461538461 0.30408653846153844
0 0.06850961538461539 0.5805288461538461 0.08533653846153846 0.2403846153846154
0 0.734375 0.6971153846153846 0.13221153846153846 0.25721153846153844
0 0.6646634615384616 0.8064903846153846 0.16346153846153846 0.18509615384615385
0 0.7560096153846154 0.8677884615384616 0.15144230769230768 0.17548076923076922
0 0.6310096153846154 0.8990384615384616 0.15504807692307693 0.14783653846153846
0 0.3112980769230769 0.9206730769230769 0.1346153846153846 0.1346153846153846
0 0.47115384615384615 0.9278846153846154 0.16105769230769232 0.12860576923076922