0 0.4795673076923077 0.1935096153846154 0.17307692307692307 0.3125
0 0.055288461538461536 0.19471153846153846 0.09375 0.23076923076923078
0 0.028846153846153848 0.2548076923076923 0.057692307692307696 0.2620192307692308
0 0.04326923076923077 0.5865384615384616 0.06971153846153846 0.28725961538461536
0 0.09615384615384616 0.6021634615384616 0.08173076923076923 0.2283653846153846
0 0.4338942307692308 0.6189903846153846 0.15384615384615385 0.30288461538461536
0 0.33533653846153844 0.6790865384615384 0.10576923076923077 0.2980769230769231
0 0.7668269230769231 0.7896634615384616 0.12860576923076922 0.32572115384615385
0 0.765625 0.08173076923076923 0.109375 0.16346153846153846
0 0.5348557692307693 0.8677884615384616 0.1201923076923077 0.14783653846153846
0 0.21995192307692307 0.9002403846153846 0.0889423076923077 0.19471153846153846
0 0.30528846153846156 0.9098557692307693 0.14903846153846154 0.17548076923076922
0 0.11298076923076923 0.09254807692307693 0.06009615384615385 0.1658653846153846
0 0.6310096153846154 0.9435096153846154 0.1310096153846154 0.11177884615384616
0 0.671875 0.10336538461538461 0.15384615384615385 0.20552884615384615