0 0.7524038461538461 0.1778846153846154 0.04927884615384615 0.2668269230769231
0 0.7055288461538461 0.19591346153846154 0.06129807692307692 0.3485576923076923
0 0.6213942307692307 0.22716346153846154 0.09495192307692307 0.31009615384615385
0 0.6826923076923077 0.28365384615384615 0.07091346153846154 0.328125
0 0.78125 0.29447115384615385 0.06490384615384616 0.3317307692307692
0 0.29086538461538464 0.4879807692307692 0.10576923076923077 0.34975961538461536
0 0.06850961538461539 0.5444711538461539 0.12980769230769232 0.17548076923076922
0 0.7644230769230769 0.5637019230769231 0.1045673076923077 0.20552884615384615
0 0.7115384615384616 0.7271634615384616 0.08173076923076923 0.18028846153846154
0 0.7524038461538461 0.7367788461538461 0.013221153846153846 0.2920673076923077
0 0.6370192307692307 0.7391826923076923 0.13221153846153846 0.1201923076923077
0 0.4579326923076923 0.7463942307692307 0.09615384615384616 0.23557692307692307
0 0.27524038461538464 0.8040865384615384 0.11658653846153846 0.15745192307692307
0 0.40865384615384615 0.8112980769230769 0.12379807692307693 0.21754807692307693
0 0.6177884615384616 0.8353365384615384 0.078125 0.08173076923076923
0 0.5805288461538461 0.8894230769230769 0.12259615384615384 0.1045673076923077
0 0.27283653846153844 0.890625 0.14903846153846154 0.17427884615384615
0 0.43990384615384615 0.9338942307692307 0.16947115384615385 0.1201923076923077
0 0.20673076923076922 0.9471153846153846 0.13701923076923078 0.10336538461538461