0 0.7884615384615384 0.14783653846153846 0.06850961538461539 0.2956730769230769
0 0.09495192307692307 0.20552884615384615 0.12620192307692307 0.23197115384615385
0 0.7620192307692307 0.3786057692307692 0.07572115384615384 0.33533653846153844
0 0.026442307692307692 0.38221153846153844 0.051682692307692304 0.29447115384615385
0 0.11899038461538461 0.43990384615384615 0.10817307692307693 0.36899038461538464
0 0.055288461538461536 0.4639423076923077 0.07091346153846154 0.2704326923076923
0 0.8052884615384616 0.5600961538461539 0.078125 0.2536057692307692
0 0.3641826923076923 0.6814903846153846 0.09254807692307693 0.30288461538461536
0 0.2764423076923077 0.7319711538461539 0.15625 0.21033653846153846
0 0.765625 0.7800480769230769 0.06009615384615385 0.29086538461538464
0 0.6995192307692307 0.78125 0.11658653846153846 0.18990384615384615
0 0.7992788461538461 0.8088942307692307 0.054086538461538464 0.23197115384615385
0 0.5396634615384616 0.8100961538461539 0.07932692307692307 0.21153846153846154
0 0.6129807692307693 0.8329326923076923 0.11538461538461539 0.23076923076923078
0 0.33413461538461536 0.9074519230769231 0.15144230769230768 0.18389423076923078
0 0.4795673076923077 0.9302884615384616 0.15144230769230768 0.1346153846153846
0 0.6346153846153846 0.9459134615384616 0.17307692307692307 0.10336538461538461