0 0.12620192307692307 0.1875 0.0985576923076923 0.1778846153846154
0 0.23197115384615385 0.2439903846153846 0.15745192307692307 0.2776442307692308
0 0.15264423076923078 0.35216346153846156 0.15504807692307693 0.171875
0 0.042067307692307696 0.39302884615384615 0.06850961538461539 0.2668269230769231
0 0.07091346153846154 0.3954326923076923 0.1141826923076923 0.3173076923076923
0 0.026442307692307692 0.4735576923076923 0.04927884615384615 0.2644230769230769
0 0.4110576923076923 0.5709134615384616 0.13942307692307693 0.26802884615384615
0 0.054086538461538464 0.6490384615384616 0.038461538461538464 0.21754807692307693
0 0.9615384615384616 0.06610576923076923 0.07451923076923077 0.13221153846153846
0 0.7980769230769231 0.703125 0.0733173076923077 0.2439903846153846
0 0.9543269230769231 0.7608173076923077 0.09014423076923077 0.12379807692307693
0 0.6177884615384616 0.8233173076923077 0.18870192307692307 0.16826923076923078
0 0.20072115384615385 0.828125 0.12139423076923077 0.13581730769230768
0 0.7632211538461539 0.8377403846153846 0.13221153846153846 0.26802884615384615
0 0.12259615384615384 0.875 0.13942307692307693 0.21033653846153846
0 0.5060096153846154 0.8930288461538461 0.12620192307692307 0.16826923076923078
0 0.2512019230769231 0.9302884615384616 0.12860576923076922 0.13701923076923078
0 0.609375 0.9338942307692307 0.18028846153846154 0.12740384615384615
0 0.37259615384615385 0.953125 0.14423076923076922 0.09014423076923077
0 0.7848557692307693 0.11538461538461539 0.09375 0.22956730769230768