0 0.12259615384615384 0.171875 0.10697115384615384 0.14543269230769232
0 0.5637019230769231 0.18870192307692307 0.11538461538461539 0.35336538461538464
0 0.052884615384615384 0.2247596153846154 0.10576923076923077 0.21754807692307693
0 0.055288461538461536 0.30288461538461536 0.0985576923076923 0.19951923076923078
0 0.8161057692307693 0.3762019230769231 0.08413461538461539 0.35336538461538464
0 0.04326923076923077 0.38461538461538464 0.08653846153846154 0.2283653846153846
0 0.9615384615384616 0.421875 0.06009615384615385 0.2920673076923077
0 0.7115384615384616 0.45072115384615385 0.17668269230769232 0.15745192307692307
0 0.028846153846153848 0.48197115384615385 0.051682692307692304 0.25600961538461536
0 0.40384615384615385 0.5384615384615384 0.17908653846153846 0.21634615384615385
0 0.055288461538461536 0.6418269230769231 0.055288461538461536 0.24639423076923078
0 0.7884615384615384 0.6899038461538461 0.06610576923076923 0.27524038461538464
0 0.08774038461538461 0.7091346153846154 0.055288461538461536 0.24879807692307693
0 0.6490384615384616 0.7776442307692307 0.07572115384615384 0.24639423076923078
0 0.9627403846153846 0.796875 0.0733173076923077 0.11538461538461539
0 0.3329326923076923 0.8257211538461539 0.13701923076923078 0.30528846153846156
0 0.09254807692307693 0.8713942307692307 0.07211538461538461 0.20552884615384615
0 0.7367788461538461 0.8918269230769231 0.1658653846153846 0.16947115384615385
0 0.20673076923076922 0.8942307692307693 0.10817307692307693 0.15264423076923078
0 0.5180288461538461 0.8978365384615384 0.15504807692307693 0.19951923076923078
0 0.27524038461538464 0.9050480769230769 0.06850961538461539 0.18629807692307693
0 0.9579326923076923 0.10817307692307693 0.08173076923076923 0.10817307692307693
0 0.7860576923076923 0.11298076923076923 0.10096153846153846 0.2247596153846154