0 0.6045673076923077 0.14423076923076922 0.06850961538461539 0.28725961538461536
0 0.7355769230769231 0.1814903846153846 0.11538461538461539 0.3629807692307692
0 0.6598557692307693 0.19831730769230768 0.06971153846153846 0.39663461538461536
0 0.05889423076923077 0.24879807692307693 0.09975961538461539 0.22235576923076922
0 0.46875 0.32572115384615385 0.1141826923076923 0.3088942307692308
0 0.7151442307692307 0.3449519230769231 0.10216346153846154 0.3473557692307692
0 0.1935096153846154 0.3545673076923077 0.09615384615384616 0.32211538461538464
0 0.8137019230769231 0.41225961538461536 0.06009615384615385 0.2920673076923077
0 0.27884615384615385 0.4423076923076923 0.06971153846153846 0.3485576923076923
0 0.04807692307692308 0.5745192307692307 0.07572115384615384 0.2776442307692308
0 0.7980769230769231 0.6634615384615384 0.08653846153846154 0.3016826923076923
0 0.9483173076923077 0.7668269230769231 0.0733173076923077 0.11177884615384616
0 0.28846153846153844 0.8233173076923077 0.1346153846153846 0.2608173076923077
0 0.4519230769230769 0.8353365384615384 0.2091346153846154 0.20673076923076922
0 0.6670673076923077 0.8798076923076923 0.12259615384615384 0.14903846153846154
0 0.7512019230769231 0.8810096153846154 0.12379807692307693 0.16346153846153846
0 0.4651442307692308 0.9206730769230769 0.16947115384615385 0.13221153846153846
0 0.14302884615384615 0.12860576923076922 0.125 0.2548076923076923