0 0.7415865384615384 0.14783653846153846 0.07572115384615384 0.22716346153846154
0 0.8040865384615384 0.18629807692307693 0.0673076923076923 0.2848557692307692
0 0.7259615384615384 0.24759615384615385 0.1622596153846154 0.19831730769230768
0 0.38221153846153844 0.3317307692307692 0.1310096153846154 0.2980769230769231
0 0.8076923076923077 0.4579326923076923 0.07091346153846154 0.22235576923076922
0 0.7223557692307693 0.5060096153846154 0.07932692307692307 0.30649038461538464
0 0.4483173076923077 0.5793269230769231 0.13221153846153846 0.2512019230769231
0 0.07692307692307693 0.6165865384615384 0.05048076923076923 0.2283653846153846
0 0.040865384615384616 0.6262019230769231 0.06370192307692307 0.296875
0 0.8257211538461539 0.6370192307692307 0.04807692307692308 0.24278846153846154
0 0.5709134615384616 0.7271634615384616 0.17307692307692307 0.1502403846153846
0 0.7620192307692307 0.7800480769230769 0.078125 0.1935096153846154
0 0.5432692307692307 0.8016826923076923 0.1622596153846154 0.15384615384615385
0 0.42788461538461536 0.8377403846153846 0.09134615384615384 0.31971153846153844
0 0.3605769230769231 0.8725961538461539 0.078125 0.2403846153846154
0 0.6526442307692307 0.8942307692307693 0.12139423076923077 0.1502403846153846
0 0.4795673076923077 0.8954326923076923 0.10576923076923077 0.18870192307692307
0 0.546875 0.9411057692307693 0.10817307692307693 0.11298076923076923