0 0.6418269230769231 0.18389423076923078 0.14423076923076922 0.15504807692307693
0 0.6129807692307693 0.3112980769230769 0.1346153846153846 0.24278846153846154
0 0.38100961538461536 0.3425480769230769 0.1045673076923077 0.2439903846153846
0 0.7860576923076923 0.4987980769230769 0.09495192307692307 0.30649038461538464
0 0.7295673076923077 0.5048076923076923 0.10576923076923077 0.3233173076923077
0 0.8329326923076923 0.5685096153846154 0.078125 0.2860576923076923
0 0.046875 0.5985576923076923 0.07451923076923077 0.30288461538461536
0 0.4699519230769231 0.6141826923076923 0.18509615384615385 0.18269230769230768
0 0.09014423076923077 0.6201923076923077 0.08052884615384616 0.23557692307692307
0 0.7475961538461539 0.7307692307692307 0.08052884615384616 0.13822115384615385
0 0.6514423076923077 0.7355769230769231 0.1141826923076923 0.1201923076923077
0 0.5396634615384616 0.7824519230769231 0.20192307692307693 0.109375
0 0.41346153846153844 0.8533653846153846 0.07572115384615384 0.25841346153846156
0 0.3581730769230769 0.8846153846153846 0.08653846153846154 0.22596153846153846
0 0.6382211538461539 0.9050480769230769 0.15504807692307693 0.12379807692307693
0 0.24639423076923078 0.9411057692307693 0.15264423076923078 0.0985576923076923
0 0.5444711538461539 0.9591346153846154 0.14302884615384615 0.08052884615384616
0 0.75 0.12620192307692307 0.11538461538461539 0.24158653846153846