0 0.6899038461538461 0.21153846153846154 0.13942307692307693 0.35697115384615385
0 0.051682692307692304 0.21394230769230768 0.10216346153846154 0.24278846153846154
0 0.65625 0.27283653846153844 0.109375 0.31850961538461536
0 0.7728365384615384 0.3137019230769231 0.06850961538461539 0.27524038461538464
0 0.31971153846153844 0.49399038461538464 0.13822115384615385 0.27524038461538464
0 0.07932692307692307 0.5444711538461539 0.15384615384615385 0.12620192307692307
0 0.7548076923076923 0.5901442307692307 0.140625 0.1971153846153846
0 0.5036057692307693 0.6334134615384616 0.11538461538461539 0.15264423076923078
0 0.7764423076923077 0.71875 0.0829326923076923 0.23798076923076922
0 0.7415865384615384 0.7283653846153846 0.06850961538461539 0.25841346153846156
0 0.6454326923076923 0.7295673076923077 0.13221153846153846 0.13581730769230768
0 0.4387019230769231 0.7487980769230769 0.13341346153846154 0.2704326923076923
0 0.6286057692307693 0.8545673076923077 0.10576923076923077 0.09975961538461539
0 0.2932692307692308 0.8677884615384616 0.11298076923076923 0.17548076923076922
0 0.5444711538461539 0.8882211538461539 0.08653846153846154 0.21634615384615385
0 0.3737980769230769 0.9242788461538461 0.1141826923076923 0.1502403846153846
0 0.453125 0.9591346153846154 0.15384615384615385 0.08052884615384616
0 0.5612980769230769 0.10697115384615384 0.17668269230769232 0.21394230769230768
0 0.7427884615384616 0.12980769230769232 0.07932692307692307 0.25841346153846156