0 0.7620192307692307 0.14543269230769232 0.10096153846153846 0.29086538461538464
0 0.10817307692307693 0.19110576923076922 0.0889423076923077 0.2800480769230769
0 0.6526442307692307 0.2247596153846154 0.140625 0.3545673076923077
0 0.06009615384615385 0.33653846153846156 0.11899038461538461 0.29927884615384615
0 0.7944711538461539 0.3449519230769231 0.11057692307692307 0.3449519230769231
0 0.40024038461538464 0.4026442307692308 0.20072115384615385 0.13341346153846154
0 0.05048076923076923 0.5925480769230769 0.08413461538461539 0.3125
0 0.78125 0.765625 0.08774038461538461 0.26322115384615385
0 0.39903846153846156 0.8305288461538461 0.13221153846153846 0.31490384615384615
0 0.5300480769230769 0.8497596153846154 0.17668269230769232 0.140625
0 0.296875 0.9194711538461539 0.1658653846153846 0.15625
0 0.5685096153846154 0.9242788461538461 0.19591346153846154 0.1141826923076923
0 0.3485576923076923 0.109375 0.1971153846153846 0.21875