0 0.7415865384615384 0.15745192307692307 0.1622596153846154 0.19230769230769232
0 0.026442307692307692 0.23076923076923078 0.04447115384615385 0.25
0 0.8173076923076923 0.4170673076923077 0.07572115384615384 0.3161057692307692
0 0.06370192307692307 0.4543269230769231 0.11057692307692307 0.21634615384615385
0 0.17668269230769232 0.4543269230769231 0.13942307692307693 0.1466346153846154
0 0.7355769230769231 0.4651442307692308 0.11057692307692307 0.328125
0 0.06971153846153846 0.6634615384615384 0.07572115384615384 0.25961538461538464
0 0.7980769230769231 0.7247596153846154 0.06490384615384616 0.27884615384615385
0 0.703125 0.7692307692307693 0.09615384615384616 0.18629807692307693
0 0.6262019230769231 0.8004807692307693 0.06610576923076923 0.22115384615384615
0 0.5576923076923077 0.8485576923076923 0.0673076923076923 0.1935096153846154
0 0.5060096153846154 0.8509615384615384 0.07692307692307693 0.26802884615384615
0 0.16947115384615385 0.8858173076923077 0.09254807692307693 0.11538461538461539
0 0.6875 0.9074519230769231 0.13221153846153846 0.14302884615384615
0 0.29086538461538464 0.9278846153846154 0.12259615384615384 0.14302884615384615
0 0.43149038461538464 0.9314903846153846 0.13701923076923078 0.13221153846153846
0 0.6153846153846154 0.11778846153846154 0.12860576923076922 0.23557692307692307