0 0.35336538461538464 0.1466346153846154 0.19110576923076922 0.2932692307692308
0 0.2704326923076923 0.25721153846153844 0.14302884615384615 0.3137019230769231
0 0.7391826923076923 0.4326923076923077 0.1658653846153846 0.2536057692307692
0 0.04807692307692308 0.6189903846153846 0.09615384615384616 0.2848557692307692
0 0.21033653846153846 0.07451923076923077 0.15865384615384615 0.10096153846153846
0 0.7524038461538461 0.8257211538461539 0.12379807692307693 0.1935096153846154
0 0.35336538461538464 0.8377403846153846 0.17427884615384615 0.21754807692307693
0 0.5576923076923077 0.9290865384615384 0.1875 0.13942307692307693
0 0.26322115384615385 0.9435096153846154 0.1466346153846154 0.109375
0 0.4110576923076923 0.9447115384615384 0.1466346153846154 0.0889423076923077
0 0.04807692307692308 0.13221153846153846 0.054086538461538464 0.22956730769230768