0 0.5949519230769231 0.16826923076923078 0.1310096153846154 0.3112980769230769
0 0.11538461538461539 0.1778846153846154 0.140625 0.25600961538461536
0 0.054086538461538464 0.2644230769230769 0.10576923076923077 0.2439903846153846
0 0.14423076923076922 0.3701923076923077 0.11899038461538461 0.2536057692307692
0 0.7800480769230769 0.3737980769230769 0.11538461538461539 0.296875
0 0.037259615384615384 0.5853365384615384 0.07211538461538461 0.22956730769230768
0 0.34375 0.7103365384615384 0.11899038461538461 0.2283653846153846
0 0.421875 0.71875 0.11899038461538461 0.3473557692307692
0 0.3161057692307692 0.8629807692307693 0.15625 0.12620192307692307
0 0.7115384615384616 0.8677884615384616 0.1658653846153846 0.16466346153846154
0 0.15745192307692307 0.8990384615384616 0.12139423076923077 0.19951923076923078
0 0.3449519230769231 0.9266826923076923 0.18389423076923078 0.14423076923076922
0 0.46153846153846156 0.12860576923076922 0.1502403846153846 0.25600961538461536