0 0.5360576923076923 0.1971153846153846 0.21634615384615385 0.17427884615384615
0 0.0985576923076923 0.19831730769230768 0.12740384615384615 0.23317307692307693
0 0.07572115384615384 0.3076923076923077 0.12379807692307693 0.23798076923076922
0 0.7848557692307693 0.40384615384615385 0.09375 0.3473557692307692
0 0.04326923076923077 0.42908653846153844 0.08653846153846154 0.24278846153846154
0 0.05889423076923077 0.5757211538461539 0.11778846153846154 0.21875
0 0.3245192307692308 0.6514423076923077 0.1310096153846154 0.296875
0 0.8040865384615384 0.71875 0.10096153846153846 0.24639423076923078
0 0.07211538461538461 0.7451923076923077 0.11177884615384616 0.18870192307692307
0 0.31850961538461536 0.8774038461538461 0.18269230769230768 0.1466346153846154
0 0.7211538461538461 0.8978365384615384 0.15985576923076922 0.16826923076923078
0 0.36538461538461536 0.9591346153846154 0.1622596153846154 0.07932692307692307
0 0.4675480769230769 0.09975961538461539 0.19831730769230768 0.17548076923076922