0 0.8004807692307693 0.17668269230769232 0.08533653846153846 0.3329326923076923
0 0.6935096153846154 0.33413461538461536 0.16826923076923078 0.20793269230769232
0 0.07451923076923077 0.43509615384615385 0.14903846153846154 0.15745192307692307
0 0.057692307692307696 0.4735576923076923 0.0889423076923077 0.25721153846153844
0 0.7536057692307693 0.4831730769230769 0.09495192307692307 0.3125
0 0.8016826923076923 0.5324519230769231 0.056490384615384616 0.3329326923076923
0 0.04567307692307692 0.5697115384615384 0.09014423076923077 0.2548076923076923
0 0.06370192307692307 0.7283653846153846 0.10096153846153846 0.18870192307692307
0 0.7740384615384616 0.7908653846153846 0.1045673076923077 0.25240384615384615
0 0.7259615384615384 0.8461538461538461 0.11899038461538461 0.1971153846153846
0 0.5805288461538461 0.8485576923076923 0.1346153846153846 0.18629807692307693
0 0.28125 0.9206730769230769 0.12980769230769232 0.14543269230769232
0 0.4110576923076923 0.9230769230769231 0.17307692307692307 0.15144230769230768
0 0.5973557692307693 0.9302884615384616 0.14783653846153846 0.13701923076923078
0 0.7355769230769231 0.13581730769230768 0.1141826923076923 0.2704326923076923