0 0.10096153846153846 0.19110576923076922 0.09134615384615384 0.34975961538461536
0 0.1658653846153846 0.19951923076923078 0.16346153846153846 0.2980769230769231
0 0.7055288461538461 0.2620192307692308 0.171875 0.34975961538461536
0 0.8052884615384616 0.31009615384615385 0.11538461538461539 0.38221153846153844
0 0.9411057692307693 0.31490384615384615 0.06370192307692307 0.28966346153846156
0 0.0673076923076923 0.3641826923076923 0.0985576923076923 0.30528846153846156
0 0.2800480769230769 0.3918269230769231 0.18509615384615385 0.17908653846153846
0 0.75 0.05048076923076923 0.10697115384615384 0.09975961538461539
0 0.4182692307692308 0.6213942307692307 0.20432692307692307 0.2620192307692308
0 0.9519230769230769 0.6394230769230769 0.0673076923076923 0.23557692307692307
0 0.0673076923076923 0.6826923076923077 0.09615384615384616 0.2920673076923077
0 0.78125 0.6887019230769231 0.10817307692307693 0.28725961538461536
0 0.3545673076923077 0.8076923076923077 0.18990384615384615 0.28846153846153844
0 0.22596153846153846 0.8677884615384616 0.07692307692307693 0.14543269230769232
0 0.5528846153846154 0.8737980769230769 0.11177884615384616 0.2512019230769231
0 0.7367788461538461 0.8786057692307693 0.17307692307692307 0.13221153846153846
0 0.15144230769230768 0.9002403846153846 0.15384615384615385 0.1622596153846154
0 0.29447115384615385 0.9362980769230769 0.15985576923076922 0.12379807692307693