0 0.7115384615384616 0.1971153846153846 0.21754807692307693 0.2403846153846154
0 0.16466346153846154 0.39783653846153844 0.12379807692307693 0.1971153846153846
0 0.03485576923076923 0.4579326923076923 0.06971153846153846 0.3629807692307692
0 0.2764423076923077 0.5060096153846154 0.125 0.265625
0 0.36538461538461536 0.5336538461538461 0.1346153846153846 0.2283653846153846
0 0.7692307692307693 0.5372596153846154 0.109375 0.27163461538461536
0 0.6778846153846154 0.7632211538461539 0.17067307692307693 0.1778846153846154
0 0.7776442307692307 0.7704326923076923 0.08052884615384616 0.21875
0 0.0673076923076923 0.7788461538461539 0.08653846153846154 0.33774038461538464
0 0.5504807692307693 0.8798076923076923 0.1466346153846154 0.16105769230769232
0 0.3076923076923077 0.9002403846153846 0.11778846153846154 0.16346153846153846
0 0.6466346153846154 0.9170673076923077 0.1310096153846154 0.12379807692307693
0 0.4074519230769231 0.9447115384615384 0.14182692307692307 0.10697115384615384
0 0.5841346153846154 0.12740384615384615 0.1201923076923077 0.2548076923076923