0 0.0985576923076923 0.19230769230769232 0.10817307692307693 0.25721153846153844
0 0.8028846153846154 0.33533653846153844 0.06610576923076923 0.33052884615384615
0 0.12139423076923077 0.42908653846153844 0.1201923076923077 0.25961538461538464
0 0.39783653846153844 0.46033653846153844 0.23197115384615385 0.24639423076923078
0 0.7067307692307693 0.5805288461538461 0.16706730769230768 0.19110576923076922
0 0.06370192307692307 0.6430288461538461 0.0985576923076923 0.33653846153846156
0 0.8004807692307693 0.7596153846153846 0.09375 0.21634615384615385
0 0.6971153846153846 0.7872596153846154 0.1778846153846154 0.14182692307692307
0 0.3713942307692308 0.921875 0.18509615384615385 0.15144230769230768
0 0.5961538461538461 0.921875 0.15865384615384615 0.15144230769230768
0 0.3425480769230769 0.11177884615384616 0.18028846153846154 0.22355769230769232
0 0.7487980769230769 0.1201923076923077 0.08413461538461539 0.234375