0 0.7283653846153846 0.23076923076923078 0.12740384615384615 0.34615384615384615
0 0.10216346153846154 0.2824519230769231 0.10216346153846154 0.2824519230769231
0 0.26322115384615385 0.28365384615384615 0.11778846153846154 0.25600961538461536
0 0.8100961538461539 0.2956730769230769 0.10336538461538461 0.36538461538461536
0 0.03125 0.3629807692307692 0.0625 0.25
0 0.23557692307692307 0.4338942307692308 0.18028846153846154 0.1346153846153846
0 0.4483173076923077 0.5817307692307693 0.125 0.3173076923076923
0 0.7980769230769231 0.6418269230769231 0.09615384615384616 0.265625
0 0.7620192307692307 0.8569711538461539 0.11298076923076923 0.265625
0 0.24158653846153846 0.8954326923076923 0.11177884615384616 0.1466346153846154
0 0.46274038461538464 0.9026442307692307 0.16346153846153846 0.17548076923076922
0 0.14903846153846154 0.9038461538461539 0.12379807692307693 0.12980769230769232
0 0.640625 0.9122596153846154 0.13581730769230768 0.17427884615384615
0 0.34375 0.9411057692307693 0.15384615384615385 0.11298076923076923