0 0.6514423076923077 0.15504807692307693 0.15625 0.31009615384615385
0 0.12139423076923077 0.15745192307692307 0.09615384615384616 0.2956730769230769
0 0.7644230769230769 0.21514423076923078 0.08052884615384616 0.12860576923076922
0 0.055288461538461536 0.22115384615384615 0.055288461538461536 0.2980769230769231
0 0.44350961538461536 0.28966346153846156 0.125 0.34134615384615385
0 0.9459134615384616 0.3004807692307692 0.027644230769230768 0.25600961538461536
0 0.6971153846153846 0.35336538461538464 0.16826923076923078 0.1935096153846154
0 0.7716346153846154 0.36177884615384615 0.1141826923076923 0.31850961538461536
0 0.8185096153846154 0.4098557692307692 0.06009615384615385 0.3269230769230769
0 0.7079326923076923 0.6045673076923077 0.08533653846153846 0.32091346153846156
0 0.7824519230769231 0.6310096153846154 0.09014423076923077 0.2980769230769231
0 0.40024038461538464 0.6862980769230769 0.19471153846153846 0.20192307692307693
0 0.6622596153846154 0.6923076923076923 0.057692307692307696 0.19471153846153846
0 0.06490384615384616 0.7391826923076923 0.07211538461538461 0.25600961538461536
0 0.2608173076923077 0.8521634615384616 0.0889423076923077 0.23076923076923078
0 0.6947115384615384 0.8786057692307693 0.13581730769230768 0.12980769230769232
0 0.4423076923076923 0.8954326923076923 0.17067307692307693 0.20673076923076922
0 0.35697115384615385 0.9338942307692307 0.1466346153846154 0.1310096153846154
0 0.49759615384615385 0.9459134615384616 0.17307692307692307 0.10336538461538461