0 0.09375 0.20072115384615385 0.11899038461538461 0.23677884615384615
0 0.31850961538461536 0.22235576923076922 0.1346153846153846 0.34975961538461536
0 0.23557692307692307 0.23076923076923078 0.08052884615384616 0.4026442307692308
0 0.04927884615384615 0.28365384615384615 0.07451923076923077 0.24278846153846154
0 0.6706730769230769 0.30649038461538464 0.19110576923076922 0.1778846153846154
0 0.04567307692307692 0.47836538461538464 0.06490384615384616 0.2920673076923077
0 0.0889423076923077 0.5384615384615384 0.06009615384615385 0.2403846153846154
0 0.046875 0.6634615384615384 0.06850961538461539 0.2403846153846154
0 0.390625 0.07451923076923077 0.14182692307692307 0.14903846153846154
0 0.7668269230769231 0.7980769230769231 0.09495192307692307 0.23076923076923078
0 0.41225961538461536 0.9122596153846154 0.13581730769230768 0.17427884615384615
0 0.5588942307692307 0.921875 0.19471153846153846 0.15144230769230768
0 0.25841346153846156 0.9302884615384616 0.15144230769230768 0.1346153846153846