0 0.07932692307692307 0.24158653846153846 0.0889423076923077 0.35697115384615385
0 0.23317307692307693 0.24879807692307693 0.1045673076923077 0.4170673076923077
0 0.4014423076923077 0.27524038461538464 0.20192307692307693 0.17307692307692307
0 0.296875 0.2860576923076923 0.11778846153846154 0.3798076923076923
0 0.06610576923076923 0.5120192307692307 0.13221153846153846 0.31490384615384615
0 0.9387019230769231 0.5588942307692307 0.12139423076923077 0.21394230769230768
0 0.04927884615384615 0.6538461538461539 0.06971153846153846 0.32091346153846156
0 0.7776442307692307 0.7980769230769231 0.1201923076923077 0.24879807692307693
0 0.6694711538461539 0.08173076923076923 0.2283653846153846 0.16346153846153846
0 0.23798076923076922 0.859375 0.1045673076923077 0.22115384615384615
0 0.375 0.09134615384615384 0.19110576923076922 0.18269230769230768
0 0.421875 0.9122596153846154 0.1814903846153846 0.171875
0 0.5540865384615384 0.921875 0.1658653846153846 0.15144230769230768
0 0.2848557692307692 0.9266826923076923 0.1310096153846154 0.14423076923076922
0 0.7920673076923077 0.11538461538461539 0.10336538461538461 0.20673076923076922
0 0.12139423076923077 0.1201923076923077 0.10096153846153846 0.2403846153846154