0 0.06370192307692307 0.13942307692307693 0.12620192307692307 0.24879807692307693
0 0.5817307692307693 0.19591346153846154 0.1201923076923077 0.3918269230769231
0 0.7680288461538461 0.2980769230769231 0.18990384615384615 0.20072115384615385
0 0.040865384615384616 0.3137019230769231 0.08173076923076923 0.234375
0 0.7992788461538461 0.3293269230769231 0.06971153846153846 0.359375
0 0.7223557692307693 0.44591346153846156 0.1971153846153846 0.17307692307692307
0 0.03485576923076923 0.49158653846153844 0.06971153846153846 0.27163461538461536
0 0.9375 0.5841346153846154 0.03365384615384615 0.2548076923076923
0 0.9699519230769231 0.5997596153846154 0.054086538461538464 0.265625
0 0.46634615384615385 0.7487980769230769 0.19831730769230768 0.2764423076923077
0 0.7668269230769231 0.7536057692307693 0.09254807692307693 0.16346153846153846
0 0.6899038461538461 0.7548076923076923 0.12620192307692307 0.24278846153846154
0 0.7283653846153846 0.07692307692307693 0.18269230769230768 0.15264423076923078
0 0.08413461538461539 0.8209134615384616 0.057692307692307696 0.21634615384615385
0 0.36538461538461536 0.8665865384615384 0.15865384615384615 0.21394230769230768
0 0.5384615384615384 0.8894230769230769 0.13701923076923078 0.21995192307692307
0 0.16346153846153846 0.9146634615384616 0.08173076923076923 0.1658653846153846
0 0.19831730769230768 0.9254807692307693 0.08653846153846154 0.1466346153846154
0 0.2860576923076923 0.9266826923076923 0.13822115384615385 0.14423076923076922
0 0.4254807692307692 0.9423076923076923 0.15865384615384615 0.11057692307692307