0 0.15745192307692307 0.22596153846153846 0.11778846153846154 0.23197115384615385
0 0.21995192307692307 0.2548076923076923 0.10697115384615384 0.2403846153846154
0 0.27403846153846156 0.25600961538461536 0.15504807692307693 0.30649038461538464
0 0.09495192307692307 0.2776442307692308 0.03245192307692308 0.23076923076923078
0 0.078125 0.3701923076923077 0.07692307692307693 0.29086538461538464
0 0.06971153846153846 0.4855769230769231 0.1141826923076923 0.18870192307692307
0 0.7980769230769231 0.4879807692307692 0.07451923076923077 0.296875
0 0.051682692307692304 0.6213942307692307 0.10216346153846154 0.3076923076923077
0 0.20072115384615385 0.07091346153846154 0.1658653846153846 0.12259615384615384
0 0.7451923076923077 0.84375 0.1346153846153846 0.1814903846153846
0 0.24879807692307693 0.8930288461538461 0.16826923076923078 0.17067307692307693
0 0.5552884615384616 0.9158653846153846 0.21153846153846154 0.13341346153846154
0 0.4182692307692308 0.9278846153846154 0.16826923076923078 0.14302884615384615