0 0.08774038461538461 0.17908653846153846 0.09735576923076923 0.2620192307692308
0 0.7932692307692307 0.3137019230769231 0.109375 0.3798076923076923
0 0.12259615384615384 0.43509615384615385 0.09495192307692307 0.2956730769230769
0 0.7475961538461539 0.5408653846153846 0.09254807692307693 0.22235576923076922
0 0.40024038461538464 0.5745192307692307 0.15144230769230768 0.3317307692307692
0 0.04927884615384615 0.6177884615384616 0.07451923076923077 0.2668269230769231
0 0.7091346153846154 0.6586538461538461 0.13581730769230768 0.2644230769230769
0 0.6201923076923077 0.7548076923076923 0.09375 0.20673076923076922
0 0.7980769230769231 0.7920673076923077 0.0829326923076923 0.33052884615384615
0 0.6057692307692307 0.9278846153846154 0.17307692307692307 0.13942307692307693
0 0.3798076923076923 0.9314903846153846 0.20192307692307693 0.13221153846153846
0 0.1935096153846154 0.9375 0.14182692307692307 0.1201923076923077
0 0.36899038461538464 0.11899038461538461 0.14543269230769232 0.23798076923076922