0 0.5985576923076923 0.14302884615384615 0.12139423076923077 0.2860576923076923
0 0.7908653846153846 0.15144230769230768 0.06610576923076923 0.28966346153846156
0 0.7283653846153846 0.17668269230769232 0.08173076923076923 0.31850961538461536
0 0.6634615384615384 0.20552884615384615 0.07932692307692307 0.3557692307692308
0 0.03365384615384615 0.24519230769230768 0.0673076923076923 0.21754807692307693
0 0.17668269230769232 0.3401442307692308 0.10336538461538461 0.3545673076923077
0 0.6971153846153846 0.375 0.1045673076923077 0.29086538461538464
0 0.8040865384615384 0.4050480769230769 0.09735576923076923 0.3233173076923077
0 0.036057692307692304 0.5865384615384616 0.07211538461538461 0.2644230769230769
0 0.7872596153846154 0.6682692307692307 0.08774038461538461 0.28365384615384615
0 0.07451923076923077 0.7223557692307693 0.06129807692307692 0.22716346153846154
0 0.45072115384615385 0.7259615384615384 0.1466346153846154 0.18269230769230768
0 0.6201923076923077 0.7728365384615384 0.18629807692307693 0.15625
0 0.43149038461538464 0.8509615384615384 0.14182692307692307 0.18629807692307693
0 0.6766826923076923 0.8822115384615384 0.12620192307692307 0.11538461538461539
0 0.7524038461538461 0.9026442307692307 0.12620192307692307 0.12259615384615384
0 0.453125 0.9086538461538461 0.15745192307692307 0.1466346153846154
0 0.140625 0.9266826923076923 0.1310096153846154 0.12139423076923077
0 0.2536057692307692 0.9266826923076923 0.12860576923076922 0.14423076923076922
0 0.5540865384615384 0.9338942307692307 0.16826923076923078 0.1310096153846154
0 0.12139423076923077 0.13822115384615385 0.12259615384615384 0.23076923076923078