0 0.06971153846153846 0.17548076923076922 0.09495192307692307 0.234375
0 0.75 0.25961538461538464 0.15384615384615385 0.22716346153846154
0 0.03365384615384615 0.28846153846153844 0.06610576923076923 0.2932692307692308
0 0.4230769230769231 0.39302884615384615 0.08413461538461539 0.42908653846153844
0 0.7824519230769231 0.39783653846153844 0.10576923076923077 0.21634615384615385
0 0.6923076923076923 0.42788461538461536 0.14783653846153846 0.19230769230769232
0 0.2692307692307692 0.4423076923076923 0.16706730769230768 0.30528846153846156
0 0.1141826923076923 0.5036057692307693 0.08653846153846154 0.296875
0 0.04567307692307692 0.5420673076923077 0.0733173076923077 0.21754807692307693
0 0.8064903846153846 0.6634615384615384 0.06971153846153846 0.30288461538461536
0 0.7524038461538461 0.75 0.06971153846153846 0.27163461538461536
0 0.29447115384615385 0.7644230769230769 0.08774038461538461 0.2620192307692308
0 0.0829326923076923 0.7992788461538461 0.06610576923076923 0.22235576923076922
0 0.40024038461538464 0.8485576923076923 0.13701923076923078 0.2283653846153846
0 0.22115384615384615 0.8497596153846154 0.10096153846153846 0.12860576923076922
0 0.6502403846153846 0.8990384615384616 0.1778846153846154 0.1346153846153846
0 0.7391826923076923 0.10817307692307693 0.15865384615384615 0.21634615384615385