0 0.1141826923076923 0.1502403846153846 0.15625 0.19110576923076922
0 0.14182692307692307 0.39783653846153844 0.13701923076923078 0.25721153846153844
0 0.8004807692307693 0.43149038461538464 0.12740384615384615 0.3245192307692308
0 0.04567307692307692 0.453125 0.08533653846153846 0.24879807692307693
0 0.038461538461538464 0.6201923076923077 0.07692307692307693 0.26322115384615385
0 0.7872596153846154 0.6670673076923077 0.11177884615384616 0.30288461538461536
0 0.3894230769230769 0.7692307692307693 0.18269230769230768 0.234375
0 0.2848557692307692 0.8329326923076923 0.1658653846153846 0.203125
0 0.734375 0.8689903846153846 0.19471153846153846 0.14903846153846154
0 0.17067307692307693 0.9302884615384616 0.15384615384615385 0.1346153846153846
0 0.71875 0.13701923076923078 0.14423076923076922 0.27403846153846156