0 0.09254807692307693 0.23677884615384615 0.07091346153846154 0.2247596153846154
0 0.2848557692307692 0.25 0.15865384615384615 0.32211538461538464
0 0.20072115384615385 0.25240384615384615 0.12620192307692307 0.25
0 0.08653846153846154 0.3762019230769231 0.07692307692307693 0.2608173076923077
0 0.7872596153846154 0.4795673076923077 0.09254807692307693 0.32211538461538464
0 0.078125 0.5060096153846154 0.09735576923076923 0.16706730769230768
0 0.040865384615384616 0.6213942307692307 0.08173076923076923 0.25240384615384615
0 0.20432692307692307 0.0673076923076923 0.15625 0.11538461538461539
0 0.22235576923076922 0.8173076923076923 0.04447115384615385 0.10096153846153846
0 0.36177884615384615 0.8197115384615384 0.1310096153846154 0.20552884615384615
0 0.7620192307692307 0.8449519230769231 0.1201923076923077 0.18389423076923078
0 0.5612980769230769 0.9266826923076923 0.20793269230769232 0.1346153846153846
0 0.4098557692307692 0.9411057692307693 0.1466346153846154 0.11298076923076923
0 0.2800480769230769 0.9435096153846154 0.12740384615384615 0.10817307692307693