0 0.14302884615384615 0.13942307692307693 0.09014423076923077 0.24519230769230768
0 0.4963942307692308 0.140625 0.22596153846153846 0.23798076923076922
0 0.08173076923076923 0.19110576923076922 0.08774038461538461 0.21033653846153846
0 0.31490384615384615 0.2127403846153846 0.12379807692307693 0.3269230769230769
0 0.23317307692307693 0.25 0.10096153846153846 0.3581730769230769
0 0.055288461538461536 0.2980769230769231 0.0733173076923077 0.19230769230769232
0 0.6971153846153846 0.055288461538461536 0.22115384615384615 0.11057692307692307
0 0.10697115384615384 0.5673076923076923 0.10216346153846154 0.2403846153846154
0 0.7740384615384616 0.7920673076923077 0.10336538461538461 0.2439903846153846
0 0.39783653846153844 0.9014423076923077 0.16346153846153846 0.19591346153846154
0 0.2644230769230769 0.9074519230769231 0.14903846153846154 0.18028846153846154
0 0.5625 0.9098557692307693 0.17548076923076922 0.17668269230769232