0 0.5096153846153846 0.16706730769230768 0.19230769230769232 0.32211538461538464
0 0.7427884615384616 0.20673076923076922 0.12740384615384615 0.30408653846153844
0 0.06850961538461539 0.22115384615384615 0.10096153846153846 0.2980769230769231
0 0.030048076923076924 0.234375 0.06009615384615385 0.28365384615384615
0 0.6670673076923077 0.27403846153846156 0.15625 0.390625
0 0.11538461538461539 0.30649038461538464 0.09735576923076923 0.28846153846153844
0 0.9663461538461539 0.38461538461538464 0.06610576923076923 0.23918269230769232
0 0.71875 0.3918269230769231 0.16947115384615385 0.15504807692307693
0 0.38221153846153844 0.44471153846153844 0.18509615384615385 0.3641826923076923
0 0.7992788461538461 0.44471153846153844 0.08173076923076923 0.3161057692307692
0 0.046875 0.5060096153846154 0.09254807692307693 0.2704326923076923
0 0.9459134615384616 0.6826923076923077 0.10096153846153846 0.12379807692307693
0 0.7944711538461539 0.07211538461538461 0.08774038461538461 0.13822115384615385
0 0.7776442307692307 0.7560096153846154 0.09975961538461539 0.2920673076923077
0 0.5661057692307693 0.8269230769230769 0.12620192307692307 0.23317307692307693
0 0.45913461538461536 0.8293269230769231 0.15865384615384615 0.21514423076923078
0 0.11298076923076923 0.8713942307692307 0.09495192307692307 0.16826923076923078
0 0.65625 0.8942307692307693 0.15865384615384615 0.13942307692307693
0 0.3798076923076923 0.9086538461538461 0.14543269230769232 0.1814903846153846
0 0.18990384615384615 0.9338942307692307 0.13942307692307693 0.12740384615384615
0 0.32211538461538464 0.953125 0.15384615384615385 0.0889423076923077
0 0.9627403846153846 0.09735576923076923 0.06971153846153846 0.19471153846153846
0 0.7620192307692307 0.13701923076923078 0.16346153846153846 0.27403846153846156