0 0.10576923076923077 0.17908653846153846 0.109375 0.296875
0 0.7956730769230769 0.3762019230769231 0.1466346153846154 0.2548076923076923
0 0.15144230769230768 0.3786057692307692 0.12379807692307693 0.3245192307692308
0 0.6887019230769231 0.45552884615384615 0.11538461538461539 0.2932692307692308
0 0.7740384615384616 0.47475961538461536 0.11298076923076923 0.2403846153846154
0 0.09014423076923077 0.5925480769230769 0.0985576923076923 0.3088942307692308
0 0.7608173076923077 0.6430288461538461 0.18509615384615385 0.1778846153846154
0 0.6526442307692307 0.703125 0.15144230769230768 0.17908653846153846
0 0.7512019230769231 0.7992788461538461 0.0889423076923077 0.22235576923076922
0 0.8064903846153846 0.8329326923076923 0.09615384615384616 0.2536057692307692
0 0.671875 0.8762019230769231 0.21033653846153846 0.21754807692307693
0 0.1935096153846154 0.8870192307692307 0.09975961538461539 0.20192307692307693
0 0.3112980769230769 0.8894230769230769 0.1466346153846154 0.21754807692307693