0 0.49278846153846156 0.14783653846153846 0.23076923076923078 0.2956730769230769
0 0.09495192307692307 0.20793269230769232 0.11057692307692307 0.24519230769230768
0 0.23557692307692307 0.23918269230769232 0.140625 0.3485576923076923
0 0.3125 0.24519230769230768 0.1310096153846154 0.30528846153846156
0 0.05889423076923077 0.2980769230769231 0.10576923076923077 0.23076923076923078
0 0.9543269230769231 0.546875 0.03365384615384615 0.2283653846153846
0 0.09134615384615384 0.5516826923076923 0.09134615384615384 0.2439903846153846
0 0.7427884615384616 0.7644230769230769 0.14182692307692307 0.2608173076923077
0 0.3954326923076923 0.0829326923076923 0.18028846153846154 0.1658653846153846
0 0.26802884615384615 0.90625 0.13221153846153846 0.18269230769230768
0 0.5612980769230769 0.9170673076923077 0.22235576923076922 0.14903846153846154
0 0.40865384615384615 0.9158653846153846 0.16346153846153846 0.16346153846153846