0 0.765625 0.16466346153846154 0.08774038461538461 0.3293269230769231
0 0.7331730769230769 0.17548076923076922 0.0673076923076923 0.34975961538461536
0 0.040865384615384616 0.18990384615384615 0.08173076923076923 0.1875
0 0.6454326923076923 0.2548076923076923 0.16346153846153846 0.33774038461538464
0 0.8016826923076923 0.3401442307692308 0.078125 0.30288461538461536
0 0.96875 0.35096153846153844 0.06129807692307692 0.19951923076923078
0 0.08052884615384616 0.45913461538461536 0.10576923076923077 0.16346153846153846
0 0.7512019230769231 0.5564903846153846 0.1502403846153846 0.19110576923076922
0 0.06009615384615385 0.5865384615384616 0.10697115384615384 0.14903846153846154
0 0.5036057692307693 0.6466346153846154 0.11899038461538461 0.16947115384615385
0 0.7692307692307693 0.7103365384615384 0.09495192307692307 0.2644230769230769
0 0.703125 0.7403846153846154 0.12740384615384615 0.2127403846153846
0 0.6165865384615384 0.7475961538461539 0.12980769230769232 0.1502403846153846
0 0.3293269230769231 0.7788461538461539 0.13341346153846154 0.28846153846153844
0 0.8016826923076923 0.8076923076923077 0.06490384615384616 0.2920673076923077
0 0.41225961538461536 0.8088942307692307 0.18389423076923078 0.22115384615384615
0 0.2403846153846154 0.828125 0.11658653846153846 0.11057692307692307
0 0.6502403846153846 0.84375 0.13822115384615385 0.11298076923076923
0 0.5408653846153846 0.8701923076923077 0.10697115384615384 0.20192307692307693
0 0.6935096153846154 0.90625 0.16947115384615385 0.15144230769230768
0 0.23677884615384615 0.9110576923076923 0.1346153846153846 0.12620192307692307
0 0.3942307692307692 0.9230769230769231 0.17908653846153846 0.11057692307692307
0 0.6754807692307693 0.11177884615384616 0.09014423076923077 0.20552884615384615