0 0.29447115384615385 0.15745192307692307 0.21875 0.2403846153846154
0 0.12139423076923077 0.17548076923076922 0.14302884615384615 0.26322115384615385
0 0.7451923076923077 0.22716346153846154 0.09735576923076923 0.2980769230769231
0 0.27524038461538464 0.2548076923076923 0.18509615384615385 0.22115384615384615
0 0.8173076923076923 0.2920673076923077 0.08533653846153846 0.3161057692307692
0 0.03365384615384615 0.3581730769230769 0.0673076923076923 0.2536057692307692
0 0.2956730769230769 0.38822115384615385 0.17668269230769232 0.23076923076923078
0 0.3858173076923077 0.4891826923076923 0.11177884615384616 0.3545673076923077
0 0.453125 0.5757211538461539 0.11538461538461539 0.34134615384615385
0 0.07692307692307693 0.5877403846153846 0.10576923076923077 0.2403846153846154
0 0.7884615384615384 0.6658653846153846 0.07572115384615384 0.24519230769230768
0 0.44471153846153844 0.8665865384615384 0.11538461538461539 0.22235576923076922
0 0.6129807692307693 0.8774038461538461 0.16826923076923078 0.17427884615384615
0 0.7247596153846154 0.8858173076923077 0.08173076923076923 0.19831730769230768
0 0.18269230769230768 0.9314903846153846 0.1346153846153846 0.13221153846153846
0 0.3389423076923077 0.9411057692307693 0.16826923076923078 0.11298076923076923