0 0.056490384615384616 0.27884615384615385 0.11298076923076923 0.28846153846153844
0 0.027644230769230768 0.3786057692307692 0.055288461538461536 0.2512019230769231
0 0.4110576923076923 0.4050480769230769 0.11057692307692307 0.39663461538461536
0 0.6971153846153846 0.46875 0.12860576923076922 0.22355769230769232
0 0.8112980769230769 0.4855769230769231 0.05048076923076923 0.34134615384615385
0 0.7548076923076923 0.4987980769230769 0.06370192307692307 0.36778846153846156
0 0.09134615384615384 0.5408653846153846 0.10336538461538461 0.13341346153846154
0 0.040865384615384616 0.6382211538461539 0.07572115384615384 0.24519230769230768
0 0.7235576923076923 0.0673076923076923 0.17307692307692307 0.13341346153846154
0 0.7800480769230769 0.7764423076923077 0.09014423076923077 0.25600961538461536
0 0.6069711538461539 0.7872596153846154 0.10216346153846154 0.21033653846153846
0 0.09375 0.8449519230769231 0.08533653846153846 0.18389423076923078
0 0.36899038461538464 0.9350961538461539 0.16105769230769232 0.125
0 0.2403846153846154 0.9375 0.14423076923076922 0.1201923076923077
0 0.5252403846153846 0.9435096153846154 0.1778846153846154 0.11177884615384616
0 0.12259615384615384 0.0985576923076923 0.13341346153846154 0.16346153846153846
0 0.4807692307692308 0.125 0.18389423076923078 0.24519230769230768