0 0.7932692307692307 0.1502403846153846 0.08533653846153846 0.2860576923076923
0 0.44471153846153844 0.23557692307692307 0.1466346153846154 0.3545673076923077
0 0.07572115384615384 0.3629807692307692 0.08653846153846154 0.27524038461538464
0 0.27884615384615385 0.4074519230769231 0.15504807692307693 0.3088942307692308
0 0.12740384615384615 0.4362980769230769 0.12139423076923077 0.27524038461538464
0 0.055288461538461536 0.5108173076923077 0.10216346153846154 0.27524038461538464
0 0.8052884615384616 0.5324519230769231 0.11899038461538461 0.33653846153846156
0 0.06370192307692307 0.703125 0.078125 0.234375
0 0.33413461538461536 0.7391826923076923 0.1935096153846154 0.23197115384615385
0 0.7788461538461539 0.8125 0.12860576923076922 0.25721153846153844
0 0.7235576923076923 0.8293269230769231 0.16466346153846154 0.21754807692307693
0 0.6105769230769231 0.8569711538461539 0.11778846153846154 0.28365384615384615
0 0.5168269230769231 0.9242788461538461 0.15625 0.14903846153846154
0 0.29927884615384615 0.9423076923076923 0.1658653846153846 0.11057692307692307
0 0.7319711538461539 0.125 0.11298076923076923 0.25