0 0.3173076923076923 0.21153846153846154 0.1045673076923077 0.31490384615384615
0 0.24519230769230768 0.23076923076923078 0.10216346153846154 0.3581730769230769
0 0.056490384615384616 0.27884615384615385 0.07211538461538461 0.25841346153846156
0 0.04927884615384615 0.5084134615384616 0.06610576923076923 0.2644230769230769
0 0.7055288461538461 0.052884615384615384 0.19951923076923078 0.10576923076923077
0 0.9507211538461539 0.5276442307692307 0.06610576923076923 0.26802884615384615
0 0.0829326923076923 0.5420673076923077 0.05889423076923077 0.23076923076923078
0 0.7704326923076923 0.7884615384615384 0.11778846153846154 0.27283653846153844
0 0.42427884615384615 0.8954326923076923 0.1502403846153846 0.171875
0 0.27283653846153844 0.90625 0.125 0.16947115384615385
0 0.5600961538461539 0.921875 0.17908653846153846 0.13942307692307693
0 0.4855769230769231 0.13221153846153846 0.22956730769230768 0.18870192307692307