0 0.06370192307692307 0.15865384615384615 0.109375 0.16346153846153846
0 0.6213942307692307 0.1875 0.0889423076923077 0.375
0 0.06129807692307692 0.3329326923076923 0.0829326923076923 0.27163461538461536
0 0.8028846153846154 0.3713942307692308 0.07211538461538461 0.3485576923076923
0 0.2536057692307692 0.40024038461538464 0.1875 0.3112980769230769
0 0.11778846153846154 0.5036057692307693 0.051682692307692304 0.203125
0 0.03245192307692308 0.5096153846153846 0.06490384615384616 0.3269230769230769
0 0.49038461538461536 0.6935096153846154 0.17067307692307693 0.20552884615384615
0 0.07692307692307693 0.7512019230769231 0.054086538461538464 0.14543269230769232
0 0.7896634615384616 0.7776442307692307 0.09254807692307693 0.2536057692307692
0 0.3641826923076923 0.8810096153846154 0.18509615384615385 0.14543269230769232
0 0.5853365384615384 0.9074519230769231 0.15625 0.18028846153846154
0 0.6935096153846154 0.921875 0.16105769230769232 0.15144230769230768
0 0.29447115384615385 0.9519230769230769 0.14903846153846154 0.09254807692307693
0 0.4230769230769231 0.9591346153846154 0.15264423076923078 0.07932692307692307
0 0.49278846153846156 0.1141826923076923 0.1045673076923077 0.2283653846153846