0 0.1201923076923077 0.14903846153846154 0.12980769230769232 0.2800480769230769
0 0.6574519230769231 0.15264423076923078 0.14182692307692307 0.30408653846153844
0 0.04567307692307692 0.2283653846153846 0.09134615384615384 0.31490384615384615
0 0.43990384615384615 0.25961538461538464 0.10576923076923077 0.34134615384615385
0 0.7079326923076923 0.3473557692307692 0.13701923076923078 0.21754807692307693
0 0.7848557692307693 0.3762019230769231 0.0673076923076923 0.3112980769230769
0 0.2091346153846154 0.39663461538461536 0.1346153846153846 0.20552884615384615
0 0.04326923076923077 0.43509615384615385 0.08653846153846154 0.2548076923076923
0 0.6598557692307693 0.6081730769230769 0.13822115384615385 0.36538461538461536
0 0.7223557692307693 0.6201923076923077 0.0829326923076923 0.31850961538461536
0 0.796875 0.6658653846153846 0.056490384615384616 0.3137019230769231
0 0.7584134615384616 0.7307692307692307 0.08653846153846154 0.26322115384615385
0 0.07932692307692307 0.7620192307692307 0.09495192307692307 0.2980769230769231
0 0.5084134615384616 0.796875 0.17067307692307693 0.20673076923076922
0 0.6274038461538461 0.8617788461538461 0.09735576923076923 0.1971153846153846
0 0.25721153846153844 0.8930288461538461 0.08413461538461539 0.2127403846153846
0 0.6971153846153846 0.8990384615384616 0.0673076923076923 0.1971153846153846
0 0.35697115384615385 0.9435096153846154 0.1658653846153846 0.10817307692307693