0 0.7548076923076923 0.15384615384615385 0.1875 0.171875
0 0.05048076923076923 0.17548076923076922 0.09254807692307693 0.35096153846153844
0 0.7536057692307693 0.33653846153846156 0.15264423076923078 0.21634615384615385
0 0.037259615384615384 0.42788461538461536 0.07451923076923077 0.296875
0 0.8088942307692307 0.4495192307692308 0.06610576923076923 0.24278846153846154
0 0.7487980769230769 0.5829326923076923 0.1201923076923077 0.27283653846153844
0 0.06971153846153846 0.6394230769230769 0.09014423076923077 0.27524038461538464
0 0.4579326923076923 0.6778846153846154 0.21153846153846154 0.18389423076923078
0 0.3088942307692308 0.7572115384615384 0.13701923076923078 0.30288461538461536
0 0.546875 0.0829326923076923 0.09495192307692307 0.1658653846153846
0 0.7427884615384616 0.8485576923076923 0.203125 0.24158653846153846
0 0.5685096153846154 0.9302884615384616 0.1502403846153846 0.12740384615384615
0 0.28125 0.9375 0.1971153846153846 0.1201923076923077
0 0.6298076923076923 0.12139423076923077 0.0829326923076923 0.24278846153846154