0 0.22596153846153846 0.15865384615384615 0.12139423076923077 0.2512019230769231
0 0.12379807692307693 0.25841346153846156 0.0673076923076923 0.30528846153846156
0 0.03485576923076923 0.37740384615384615 0.06971153846153846 0.2512019230769231
0 0.20552884615384615 0.39903846153846156 0.10576923076923077 0.18269230769230768
0 0.7127403846153846 0.48677884615384615 0.15384615384615385 0.23317307692307693
0 0.09254807692307693 0.515625 0.07091346153846154 0.22115384615384615
0 0.3545673076923077 0.8569711538461539 0.13701923076923078 0.20192307692307693
0 0.24519230769230768 0.8569711538461539 0.08653846153846154 0.28125
0 0.34615384615384615 0.9182692307692307 0.15384615384615385 0.15865384615384615
0 0.19951923076923078 0.9411057692307693 0.10096153846153846 0.11298076923076923
0 0.12620192307692307 0.10817307692307693 0.07572115384615384 0.18509615384615385