0 0.5733173076923077 0.19230769230769232 0.1201923076923077 0.38461538461538464
0 0.2932692307692308 0.23557692307692307 0.0985576923076923 0.3173076923076923
0 0.8064903846153846 0.33533653846153844 0.08533653846153846 0.3629807692307692
0 0.05048076923076923 0.3425480769230769 0.10096153846153846 0.24278846153846154
0 0.35697115384615385 0.4182692307692308 0.1971153846153846 0.16346153846153846
0 0.7019230769230769 0.4639423076923077 0.10817307692307693 0.3786057692307692
0 0.9663461538461539 0.4987980769230769 0.06610576923076923 0.19951923076923078
0 0.037259615384615384 0.5168269230769231 0.07451923076923077 0.28125
0 0.6911057692307693 0.75 0.14423076923076922 0.23197115384615385
0 0.08413461538461539 0.828125 0.06009615384615385 0.25
0 0.7091346153846154 0.890625 0.16947115384615385 0.21634615384615385
0 0.15745192307692307 0.8930288461538461 0.15745192307692307 0.2127403846153846
0 0.2800480769230769 0.9278846153846154 0.14182692307692307 0.13942307692307693
0 0.421875 0.9362980769230769 0.14182692307692307 0.12620192307692307
0 0.17668269230769232 0.11057692307692307 0.17908653846153846 0.17908653846153846
0 0.0733173076923077 0.12860576923076922 0.11899038461538461 0.2283653846153846