0 0.734375 0.15985576923076922 0.13221153846153846 0.31490384615384615
0 0.09375 0.24639423076923078 0.11658653846153846 0.28725961538461536
0 0.04326923076923077 0.38461538461538464 0.08653846153846154 0.29927884615384615
0 0.33774038461538464 0.38461538461538464 0.11177884615384616 0.4326923076923077
0 0.15144230769230768 0.3942307692307692 0.14783653846153846 0.3317307692307692
0 0.5480769230769231 0.7379807692307693 0.11778846153846154 0.22115384615384615
0 0.7848557692307693 0.7824519230769231 0.10336538461538461 0.2956730769230769
0 0.3581730769230769 0.7860576923076923 0.1502403846153846 0.22115384615384615
0 0.5024038461538461 0.8125 0.0985576923076923 0.3137019230769231
0 0.6899038461538461 0.8629807692307693 0.14423076923076922 0.17908653846153846
0 0.2764423076923077 0.8701923076923077 0.07572115384615384 0.25721153846153844
0 0.41346153846153844 0.8834134615384616 0.15264423076923078 0.1658653846153846
0 0.19591346153846154 0.8858173076923077 0.13221153846153846 0.10096153846153846
0 0.59375 0.890625 0.11538461538461539 0.1935096153846154
0 0.11298076923076923 0.12259615384615384 0.10096153846153846 0.234375