0 0.7908653846153846 0.14182692307692307 0.09615384615384616 0.27524038461538464
0 0.13822115384615385 0.14182692307692307 0.11658653846153846 0.26802884615384615
0 0.6502403846153846 0.19230769230769232 0.07451923076923077 0.3545673076923077
0 0.7283653846153846 0.2247596153846154 0.1045673076923077 0.3798076923076923
0 0.06009615384615385 0.25240384615384615 0.10096153846153846 0.20552884615384615
0 0.4543269230769231 0.32211538461538464 0.1045673076923077 0.33653846153846156
0 0.23677884615384615 0.36778846153846156 0.09495192307692307 0.3641826923076923
0 0.7103365384615384 0.3737980769230769 0.10697115384615384 0.33774038461538464
0 0.7872596153846154 0.40024038461538464 0.09495192307692307 0.33653846153846156
0 0.9423076923076923 0.5420673076923077 0.05889423076923077 0.2704326923076923
0 0.042067307692307696 0.5492788461538461 0.07932692307692307 0.25961538461538464
0 0.7896634615384616 0.6730769230769231 0.078125 0.27163461538461536
0 0.9459134615384616 0.7800480769230769 0.09375 0.1310096153846154
0 0.4338942307692308 0.8269230769230769 0.19230769230769232 0.21754807692307693
0 0.26802884615384615 0.8365384615384616 0.09735576923076923 0.265625
0 0.6778846153846154 0.8762019230769231 0.14423076923076922 0.17307692307692307
0 0.7524038461538461 0.8978365384615384 0.13822115384615385 0.17427884615384615
0 0.2091346153846154 0.8990384615384616 0.10216346153846154 0.15625
0 0.5540865384615384 0.9194711538461539 0.14423076923076922 0.15384615384615385
0 0.44471153846153844 0.9194711538461539 0.16346153846153846 0.15625
0 0.2704326923076923 0.9555288461538461 0.12740384615384615 0.08413461538461539
0 0.48197115384615385 0.10096153846153846 0.16466346153846154 0.20192307692307693
0 0.5757211538461539 0.13822115384615385 0.15144230769230768 0.2764423076923077