0 0.7776442307692307 0.17067307692307693 0.10576923076923077 0.26802884615384615
0 0.5673076923076923 0.17307692307692307 0.125 0.34615384615384615
0 0.1045673076923077 0.1971153846153846 0.07932692307692307 0.2800480769230769
0 0.9615384615384616 0.3137019230769231 0.07091346153846154 0.23317307692307693
0 0.057692307692307696 0.32091346153846156 0.07091346153846154 0.19110576923076922
0 0.8016826923076923 0.3449519230769231 0.10096153846153846 0.31009615384615385
0 0.057692307692307696 0.5564903846153846 0.08413461538461539 0.23317307692307693
0 0.20192307692307693 0.06610576923076923 0.14903846153846154 0.13221153846153846
0 0.9831730769230769 0.6754807692307693 0.03245192307692308 0.15384615384615385
0 0.9555288461538461 0.7548076923076923 0.06610576923076923 0.12259615384615384
0 0.7860576923076923 0.78125 0.10216346153846154 0.2932692307692308
0 0.3425480769230769 0.08533653846153846 0.18389423076923078 0.17067307692307693
0 0.5372596153846154 0.8774038461538461 0.140625 0.17908653846153846
0 0.40024038461538464 0.90625 0.16105769230769232 0.18269230769230768
0 0.1778846153846154 0.9350961538461539 0.09375 0.12259615384615384
0 0.6009615384615384 0.9375 0.16826923076923078 0.1201923076923077
0 0.3088942307692308 0.9399038461538461 0.13221153846153846 0.11899038461538461