0 0.47115384615384615 0.20673076923076922 0.17548076923076922 0.25961538461538464
0 0.8052884615384616 0.25961538461538464 0.09254807692307693 0.34615384615384615
0 0.042067307692307696 0.3112980769230769 0.08413461538461539 0.265625
0 0.17668269230769232 0.3173076923076923 0.11177884615384616 0.31490384615384615
0 0.2980769230769231 0.390625 0.1875 0.18269230769230768
0 0.028846153846153848 0.4795673076923077 0.057692307692307696 0.28725961538461536
0 0.609375 0.65625 0.20072115384615385 0.23197115384615385
0 0.056490384615384616 0.6766826923076923 0.07091346153846154 0.24519230769230768
0 0.31971153846153844 0.7512019230769231 0.21514423076923078 0.3112980769230769
0 0.7836538461538461 0.7932692307692307 0.07211538461538461 0.265625
0 0.7427884615384616 0.8293269230769231 0.056490384615384616 0.27283653846153844
0 0.6105769230769231 0.8569711538461539 0.1346153846153846 0.20673076923076922
0 0.6502403846153846 0.9026442307692307 0.1778846153846154 0.13221153846153846
0 0.421875 0.9387019230769231 0.1971153846153846 0.12139423076923077