0 0.12740384615384615 0.1875 0.12139423076923077 0.16105769230769232
0 0.5588942307692307 0.1935096153846154 0.12259615384615384 0.3125
0 0.038461538461538464 0.23557692307692307 0.07692307692307693 0.22596153846153846
0 0.33774038461538464 0.30528846153846156 0.1346153846153846 0.33413461538461536
0 0.140625 0.3293269230769231 0.15504807692307693 0.15504807692307693
0 0.054086538461538464 0.36658653846153844 0.0829326923076923 0.2920673076923077
0 0.7223557692307693 0.3894230769230769 0.15745192307692307 0.28846153846153844
0 0.027644230769230768 0.47115384615384615 0.054086538461538464 0.3112980769230769
0 0.06009615384615385 0.6225961538461539 0.051682692307692304 0.22596153846153846
0 0.7896634615384616 0.6754807692307693 0.07932692307692307 0.2764423076923077
0 0.3137019230769231 0.6923076923076923 0.11177884615384616 0.3449519230769231
0 0.3004807692307692 0.8786057692307693 0.18990384615384615 0.18990384615384615
0 0.71875 0.8954326923076923 0.15384615384615385 0.18870192307692307
0 0.18629807692307693 0.9194711538461539 0.07451923076923077 0.15625
0 0.24278846153846154 0.9411057692307693 0.09615384615384616 0.11298076923076923
0 0.3473557692307692 0.9567307692307693 0.1466346153846154 0.08173076923076923
0 0.78125 0.11538461538461539 0.1045673076923077 0.23076923076923078