0 0.10817307692307693 0.1466346153846154 0.06490384615384616 0.2932692307692308
0 0.6730769230769231 0.1502403846153846 0.09495192307692307 0.29927884615384615
0 0.6081730769230769 0.18028846153846154 0.08413461538461539 0.3605769230769231
0 0.036057692307692304 0.20673076923076922 0.07091346153846154 0.2776442307692308
0 0.7223557692307693 0.3137019230769231 0.08774038461538461 0.24278846153846154
0 0.7752403846153846 0.36778846153846156 0.04807692307692308 0.24639423076923078
0 0.19951923076923078 0.40024038461538464 0.10096153846153846 0.32211538461538464
0 0.8197115384615384 0.4182692307692308 0.04927884615384615 0.33052884615384615
0 0.028846153846153848 0.4567307692307692 0.057692307692307696 0.20552884615384615
0 0.6899038461538461 0.5252403846153846 0.06971153846153846 0.19110576923076922
0 0.7908653846153846 0.6430288461538461 0.09615384615384616 0.3545673076923077
0 0.7259615384615384 0.6514423076923077 0.06971153846153846 0.31490384615384615
0 0.7475961538461539 0.7223557692307693 0.06610576923076923 0.3088942307692308
0 0.08533653846153846 0.7548076923076923 0.11538461538461539 0.36538461538461536
0 0.4651442307692308 0.7920673076923077 0.11538461538461539 0.3173076923076923
0 0.5817307692307693 0.7992788461538461 0.15625 0.18509615384615385
0 0.21754807692307693 0.8653846153846154 0.11658653846153846 0.15865384615384615
0 0.7247596153846154 0.8786057692307693 0.15985576923076922 0.15745192307692307
0 0.48677884615384615 0.9314903846153846 0.15504807692307693 0.1346153846153846
0 0.35336538461538464 0.9387019230769231 0.15865384615384615 0.12139423076923077
0 0.5132211538461539 0.10817307692307693 0.078125 0.21634615384615385
0 0.7524038461538461 0.12139423076923077 0.12259615384615384 0.21875