0 0.03365384615384615 0.203125 0.05889423076923077 0.18028846153846154
0 0.7139423076923077 0.2776442307692308 0.17668269230769232 0.25841346153846156
0 0.45072115384615385 0.3269230769230769 0.13942307692307693 0.34375
0 0.055288461538461536 0.4110576923076923 0.10817307692307693 0.18629807692307693
0 0.30649038461538464 0.47475961538461536 0.17548076923076922 0.15985576923076922
0 0.09134615384615384 0.5709134615384616 0.08413461538461539 0.18028846153846154
0 0.34134615384615385 0.6538461538461539 0.17427884615384615 0.12980769230769232
0 0.75 0.6826923076923077 0.06971153846153846 0.23557692307692307
0 0.7668269230769231 0.08173076923076923 0.12620192307692307 0.16346153846153846
0 0.6778846153846154 0.08413461538461539 0.10817307692307693 0.16826923076923078
0 0.21514423076923078 0.859375 0.12740384615384615 0.19230769230769232
0 0.6766826923076923 0.8978365384615384 0.19471153846153846 0.15144230769230768
0 0.29447115384615385 0.9194711538461539 0.12980769230769232 0.11778846153846154
0 0.10817307692307693 0.1045673076923077 0.0889423076923077 0.1778846153846154