0 0.10096153846153846 0.20673076923076922 0.0985576923076923 0.3737980769230769
0 0.7704326923076923 0.328125 0.12259615384615384 0.36658653846153844
0 0.05889423076923077 0.3293269230769231 0.11778846153846154 0.25961538461538464
0 0.11778846153846154 0.4411057692307692 0.09375 0.3485576923076923
0 0.05048076923076923 0.45072115384615385 0.09975961538461539 0.2644230769230769
0 0.3485576923076923 0.49399038461538464 0.18509615384615385 0.171875
0 0.05048076923076923 0.6298076923076923 0.08413461538461539 0.28365384615384615
0 0.6875 0.0733173076923077 0.11658653846153846 0.14543269230769232
0 0.8076923076923077 0.7391826923076923 0.03485576923076923 0.21514423076923078
0 0.9555288461538461 0.7620192307692307 0.07211538461538461 0.17307692307692307
0 0.6682692307692307 0.8040865384615384 0.09134615384615384 0.25600961538461536
0 0.7475961538461539 0.8100961538461539 0.056490384615384616 0.2620192307692308
0 0.24158653846153846 0.8305288461538461 0.0985576923076923 0.12860576923076922
0 0.08052884615384616 0.8485576923076923 0.06971153846153846 0.1935096153846154
0 0.5829326923076923 0.9326923076923077 0.14423076923076922 0.11057692307692307
0 0.18509615384615385 0.9411057692307693 0.17307692307692307 0.11298076923076923
0 0.38461538461538464 0.9435096153846154 0.17307692307692307 0.10817307692307693
0 0.7824519230769231 0.10336538461538461 0.125 0.20552884615384615
0 0.36177884615384615 0.10697115384615384 0.18389423076923078 0.21394230769230768