0 0.5961538461538461 0.20793269230769232 0.15504807692307693 0.328125
0 0.04326923076923077 0.22355769230769232 0.08533653846153846 0.28846153846153844
0 0.4387019230769231 0.34375 0.09615384615384616 0.39903846153846156
0 0.06610576923076923 0.4182692307692308 0.1310096153846154 0.23557692307692307
0 0.140625 0.06129807692307692 0.0889423076923077 0.11177884615384616
0 0.08533653846153846 0.6165865384615384 0.06009615384615385 0.2283653846153846
0 0.0625 0.6394230769230769 0.08413461538461539 0.28846153846153844
0 0.3317307692307692 0.6634615384615384 0.18269230769230768 0.26802884615384615
0 0.8100961538461539 0.7680288461538461 0.055288461538461536 0.3088942307692308
0 0.7644230769230769 0.7716346153846154 0.04326923076923077 0.27403846153846156
0 0.6935096153846154 0.7860576923076923 0.0733173076923077 0.2608173076923077
0 0.7704326923076923 0.09014423076923077 0.0985576923076923 0.18028846153846154
0 0.2127403846153846 0.8966346153846154 0.0733173076923077 0.1778846153846154
0 0.3173076923076923 0.9158653846153846 0.12980769230769232 0.16346153846153846
0 0.4651442307692308 0.9302884615384616 0.17548076923076922 0.1346153846153846
0 0.6766826923076923 0.09975961538461539 0.13221153846153846 0.19831730769230768
0 0.09975961538461539 0.1045673076923077 0.08173076923076923 0.1622596153846154
0 0.05048076923076923 0.10697115384615384 0.09975961538461539 0.20192307692307693