0 0.6322115384615384 0.18269230769230768 0.22596153846153846 0.29927884615384615
0 0.11057692307692307 0.22115384615384615 0.10096153846153846 0.2608173076923077
0 0.07932692307692307 0.28846153846153844 0.08533653846153846 0.28725961538461536
0 0.052884615384615384 0.3245192307692308 0.08774038461538461 0.25961538461538464
0 0.7944711538461539 0.40625 0.09735576923076923 0.3485576923076923
0 0.9615384615384616 0.4110576923076923 0.06490384615384616 0.3004807692307692
0 0.055288461538461536 0.44591346153846156 0.11057692307692307 0.3004807692307692
0 0.3737980769230769 0.4495192307692308 0.1310096153846154 0.3473557692307692
0 0.056490384615384616 0.5661057692307693 0.11177884615384616 0.23197115384615385
0 0.3112980769230769 0.6887019230769231 0.13581730769230768 0.2439903846153846
0 0.7896634615384616 0.07091346153846154 0.09375 0.14182692307692307
0 0.7884615384615384 0.7055288461538461 0.0889423076923077 0.28725961538461536
0 0.052884615384615384 0.7680288461538461 0.06129807692307692 0.21875
0 0.3173076923076923 0.8629807692307693 0.1622596153846154 0.12860576923076922
0 0.22115384615384615 0.8978365384615384 0.13822115384615385 0.18509615384615385
0 0.3581730769230769 0.9122596153846154 0.1778846153846154 0.17067307692307693
0 0.18509615384615385 0.9302884615384616 0.11778846153846154 0.13701923076923078