0 0.08413461538461539 0.1971153846153846 0.1045673076923077 0.26322115384615385
0 0.3076923076923077 0.21394230769230768 0.12980769230769232 0.2704326923076923
0 0.24278846153846154 0.2620192307692308 0.10216346153846154 0.3870192307692308
0 0.054086538461538464 0.2776442307692308 0.08413461538461539 0.23076923076923078
0 0.09254807692307693 0.5300480769230769 0.0829326923076923 0.26322115384615385
0 0.04807692307692308 0.6538461538461539 0.0889423076923077 0.2548076923076923
0 0.7632211538461539 0.7872596153846154 0.11057692307692307 0.24278846153846154
0 0.4206730769230769 0.9086538461538461 0.12980769230769232 0.1814903846153846
0 0.27403846153846156 0.9158653846153846 0.11538461538461539 0.16346153846153846
0 0.5673076923076923 0.9266826923076923 0.18028846153846154 0.12620192307692307
0 0.1466346153846154 0.10216346153846154 0.08533653846153846 0.20432692307692307
0 0.44711538461538464 0.10216346153846154 0.1778846153846154 0.20432692307692307