0 0.036057692307692304 0.2127403846153846 0.06129807692307692 0.3004807692307692
0 0.5961538461538461 0.21995192307692307 0.17548076923076922 0.31971153846153844
0 0.4387019230769231 0.3329326923076923 0.11778846153846154 0.4098557692307692
0 0.0625 0.42908653846153844 0.1201923076923077 0.22355769230769232
0 0.08653846153846154 0.6021634615384616 0.06971153846153846 0.26322115384615385
0 0.328125 0.6237980769230769 0.17067307692307693 0.2512019230769231
0 0.7620192307692307 0.7427884615384616 0.046875 0.28966346153846156
0 0.7932692307692307 0.7451923076923077 0.06610576923076923 0.28966346153846156
0 0.7043269230769231 0.7620192307692307 0.10096153846153846 0.30649038461538464
0 0.296875 0.9086538461538461 0.13942307692307693 0.17307692307692307
0 0.47115384615384615 0.921875 0.16826923076923078 0.12860576923076922
0 0.7740384615384616 0.09375 0.09014423076923077 0.17908653846153846
0 0.6682692307692307 0.10336538461538461 0.12379807692307693 0.20673076923076922