0 0.5997596153846154 0.19591346153846154 0.09735576923076923 0.3389423076923077
0 0.7572115384615384 0.2848557692307692 0.16466346153846154 0.14903846153846154
0 0.06490384615384616 0.4026442307692308 0.09975961538461539 0.328125
0 0.28966346153846156 0.4098557692307692 0.09495192307692307 0.3557692307692308
0 0.796875 0.4723557692307692 0.09735576923076923 0.2860576923076923
0 0.4098557692307692 0.48677884615384615 0.19591346153846154 0.16346153846153846
0 0.08774038461538461 0.5913461538461539 0.10697115384615384 0.12139423076923077
0 0.04927884615384615 0.6237980769230769 0.08774038461538461 0.2704326923076923
0 0.6742788461538461 0.06850961538461539 0.09134615384615384 0.13701923076923078
0 0.7956730769230769 0.78125 0.06129807692307692 0.265625
0 0.7319711538461539 0.8341346153846154 0.10336538461538461 0.2512019230769231
0 0.5540865384615384 0.8605769230769231 0.056490384615384616 0.2764423076923077
0 0.4735576923076923 0.9194711538461539 0.15264423076923078 0.15865384615384615
0 0.1971153846153846 0.9350961538461539 0.10216346153846154 0.12740384615384615
0 0.31971153846153844 0.9387019230769231 0.14543269230769232 0.12139423076923077
0 0.8016826923076923 0.11658653846153846 0.09615384615384616 0.23317307692307693