0 0.2091346153846154 0.17427884615384615 0.140625 0.2608173076923077
0 0.057692307692307696 0.19471153846153846 0.1141826923076923 0.18990384615384615
0 0.4807692307692308 0.23798076923076922 0.19471153846153846 0.31850961538461536
0 0.12379807692307693 0.28125 0.06610576923076923 0.27403846153846156
0 0.18870192307692307 0.36899038461538464 0.15264423076923078 0.20552884615384615
0 0.1045673076923077 0.5048076923076923 0.07091346153846154 0.234375
0 0.06971153846153846 0.6358173076923077 0.09495192307692307 0.28725961538461536
0 0.34375 0.8473557692307693 0.16346153846153846 0.16947115384615385
0 0.2439903846153846 0.8485576923076923 0.09615384615384616 0.26322115384615385
0 0.20793269230769232 0.921875 0.12259615384615384 0.15144230769230768
0 0.35096153846153844 0.9314903846153846 0.14903846153846154 0.13221153846153846
0 0.15985576923076922 0.12259615384615384 0.09134615384615384 0.2403846153846154
0 0.24519230769230768 0.12259615384615384 0.11658653846153846 0.2403846153846154