0 0.07692307692307693 0.21394230769230768 0.09495192307692307 0.2283653846153846
0 0.3173076923076923 0.23798076923076922 0.13701923076923078 0.3317307692307692
0 0.22956730769230768 0.24158653846153846 0.08173076923076923 0.390625
0 0.054086538461538464 0.2920673076923077 0.09014423076923077 0.2536057692307692
0 0.6610576923076923 0.2980769230769231 0.18509615384615385 0.17427884615384615
0 0.046875 0.49038461538461536 0.06129807692307692 0.2620192307692308
0 0.07932692307692307 0.5456730769230769 0.06370192307692307 0.21033653846153846
0 0.051682692307692304 0.65625 0.09014423076923077 0.2247596153846154
0 0.390625 0.07692307692307693 0.1658653846153846 0.15384615384615385
0 0.765625 0.7860576923076923 0.10216346153846154 0.2620192307692308
0 0.41225961538461536 0.9110576923076923 0.16105769230769232 0.17307692307692307
0 0.2704326923076923 0.9206730769230769 0.13701923076923078 0.15384615384615385
0 0.5649038461538461 0.9242788461538461 0.1875 0.1466346153846154