0 0.484375 0.2283653846153846 0.19471153846153846 0.2860576923076923
0 0.8040865384615384 0.25 0.0829326923076923 0.328125
0 0.1814903846153846 0.32091346153846156 0.12620192307692307 0.27524038461538464
0 0.038461538461538464 0.32211538461538464 0.07692307692307693 0.20192307692307693
0 0.2980769230769231 0.4170673076923077 0.18028846153846154 0.21875
0 0.038461538461538464 0.5144230769230769 0.07692307692307693 0.27884615384615385
0 0.40384615384615385 0.5949519230769231 0.13822115384615385 0.3317307692307692
0 0.7848557692307693 0.7848557692307693 0.08774038461538461 0.27283653846153844
0 0.6754807692307693 0.7896634615384616 0.09134615384615384 0.234375
0 0.6213942307692307 0.08052884615384616 0.07451923076923077 0.16105769230769232
0 0.5985576923076923 0.828125 0.1141826923076923 0.20793269230769232
0 0.2692307692307692 0.8990384615384616 0.07692307692307693 0.1971153846153846
0 0.6766826923076923 0.9194711538461539 0.13822115384615385 0.15384615384615385
0 0.4230769230769231 0.9338942307692307 0.15384615384615385 0.12740384615384615
0 0.1622596153846154 0.9375 0.10336538461538461 0.1201923076923077