0 0.12740384615384615 0.1502403846153846 0.12259615384615384 0.12980769230769232
0 0.057692307692307696 0.2283653846153846 0.07091346153846154 0.1875
0 0.4567307692307692 0.28365384615384615 0.1045673076923077 0.3401442307692308
0 0.1502403846153846 0.3317307692307692 0.1346153846153846 0.1310096153846154
0 0.04927884615384615 0.3629807692307692 0.07692307692307693 0.3245192307692308
0 0.03245192307692308 0.41947115384615385 0.06370192307692307 0.2800480769230769
0 0.39663461538461536 0.5697115384615384 0.19471153846153846 0.30288461538461536
0 0.06129807692307692 0.6322115384615384 0.078125 0.19110576923076922
0 0.6646634615384616 0.6706730769230769 0.11298076923076923 0.20432692307692307
0 0.7764423076923077 0.6850961538461539 0.0829326923076923 0.2956730769230769
0 0.7151442307692307 0.8689903846153846 0.18269230769230768 0.1778846153846154
0 0.2860576923076923 0.9338942307692307 0.13221153846153846 0.08533653846153846
0 0.2283653846153846 0.9362980769230769 0.14302884615384615 0.11658653846153846
0 0.7884615384615384 0.11177884615384616 0.08413461538461539 0.22355769230769232