0 0.7235576923076923 0.19591346153846154 0.12139423076923077 0.28846153846153844
0 0.46274038461538464 0.29447115384615385 0.09615384615384616 0.3762019230769231
0 0.7860576923076923 0.3954326923076923 0.11658653846153846 0.2860576923076923
0 0.040865384615384616 0.4014423076923077 0.08173076923076923 0.23076923076923078
0 0.8161057692307693 0.5504807692307693 0.07451923076923077 0.29086538461538464
0 0.052884615384615384 0.6262019230769231 0.10576923076923077 0.234375
0 0.7319711538461539 0.6742788461538461 0.10697115384615384 0.24639423076923078
0 0.3173076923076923 0.7163461538461539 0.11778846153846154 0.2824519230769231
0 0.8052884615384616 0.8293269230769231 0.06971153846153846 0.22355769230769232
0 0.11538461538461539 0.8425480769230769 0.109375 0.23557692307692307
0 0.7151442307692307 0.8617788461538461 0.09375 0.27524038461538464
0 0.18509615384615385 0.8894230769230769 0.09975961538461539 0.19110576923076922
0 0.6213942307692307 0.9110576923076923 0.125 0.171875
0 0.31009615384615385 0.9170673076923077 0.1141826923076923 0.16346153846153846
0 0.46274038461538464 0.9375 0.1658653846153846 0.1201923076923077
0 0.7824519230769231 0.09975961538461539 0.06490384615384616 0.19831730769230768