0 0.7043269230769231 0.17427884615384615 0.12620192307692307 0.3485576923076923
0 0.7692307692307693 0.18629807692307693 0.10576923076923077 0.32572115384615385
0 0.6201923076923077 0.21153846153846154 0.12980769230769232 0.34134615384615385
0 0.6875 0.27403846153846156 0.12620192307692307 0.32091346153846156
0 0.7800480769230769 0.2764423076923077 0.057692307692307696 0.32572115384615385
0 0.056490384615384616 0.5697115384615384 0.1045673076923077 0.16105769230769232
0 0.7752403846153846 0.5997596153846154 0.13221153846153846 0.20793269230769232
0 0.6442307692307693 0.7247596153846154 0.12740384615384615 0.12620192307692307
0 0.7752403846153846 0.7596153846153846 0.11177884615384616 0.265625
0 0.44350961538461536 0.8076923076923077 0.1045673076923077 0.26322115384615385
0 0.6490384615384616 0.8125 0.14903846153846154 0.13341346153846154
0 0.28365384615384615 0.8245192307692307 0.10576923076923077 0.25600961538461536
0 0.41947115384615385 0.9146634615384616 0.1466346153846154 0.1658653846153846
0 0.23197115384615385 0.9435096153846154 0.13701923076923078 0.10817307692307693