0 0.7692307692307693 0.1502403846153846 0.09615384615384616 0.3004807692307692
0 0.7403846153846154 0.1658653846153846 0.08173076923076923 0.33052884615384615
0 0.04567307692307692 0.20552884615384615 0.09134615384615384 0.19951923076923078
0 0.6502403846153846 0.234375 0.17067307692307693 0.3870192307692308
0 0.8100961538461539 0.31850961538461536 0.10216346153846154 0.3401442307692308
0 0.09254807692307693 0.47596153846153844 0.140625 0.21033653846153846
0 0.7475961538461539 0.5588942307692307 0.17307692307692307 0.21033653846153846
0 0.0625 0.5865384615384616 0.11177884615384616 0.15384615384615385
0 0.05048076923076923 0.6646634615384616 0.07572115384615384 0.1310096153846154
0 0.49399038461538464 0.6706730769230769 0.12259615384615384 0.1622596153846154
0 0.7728365384615384 0.7103365384615384 0.0829326923076923 0.2439903846153846
0 0.33052884615384615 0.7548076923076923 0.13581730769230768 0.22596153846153846
0 0.6286057692307693 0.7548076923076923 0.1622596153846154 0.2283653846153846
0 0.7139423076923077 0.7620192307692307 0.12139423076923077 0.20673076923076922
0 0.39903846153846156 0.8100961538461539 0.17908653846153846 0.18389423076923078
0 0.8052884615384616 0.8112980769230769 0.06971153846153846 0.2644230769230769
0 0.26802884615384615 0.828125 0.17548076923076922 0.11658653846153846
0 0.6490384615384616 0.8341346153846154 0.140625 0.14423076923076922
0 0.5576923076923077 0.8689903846153846 0.125 0.19110576923076922
0 0.6947115384615384 0.8786057692307693 0.20192307692307693 0.23798076923076922
0 0.25961538461538464 0.8954326923076923 0.1466346153846154 0.15504807692307693
0 0.4014423076923077 0.921875 0.14903846153846154 0.15144230769230768
0 0.21394230769230768 0.9326923076923077 0.13341346153846154 0.13221153846153846
0 0.1045673076923077 0.0985576923076923 0.078125 0.19591346153846154
0 0.6838942307692307 0.0985576923076923 0.078125 0.19591346153846154