0 0.2860576923076923 0.17067307692307693 0.13221153846153846 0.3233173076923077
0 0.06490384615384616 0.18990384615384615 0.12860576923076922 0.27884615384615385
0 0.8028846153846154 0.22716346153846154 0.09735576923076923 0.3173076923076923
0 0.7536057692307693 0.3161057692307692 0.13822115384615385 0.2800480769230769
0 0.11177884615384616 0.4182692307692308 0.09735576923076923 0.24158653846153846
0 0.3485576923076923 0.4879807692307692 0.20793269230769232 0.3329326923076923
0 0.7331730769230769 0.5204326923076923 0.09375 0.27283653846153844
0 0.7872596153846154 0.5877403846153846 0.06610576923076923 0.2956730769230769
0 0.6790865384615384 0.59375 0.08413461538461539 0.32091346153846156
0 0.0673076923076923 0.6466346153846154 0.0673076923076923 0.1778846153846154
0 0.7536057692307693 0.7956730769230769 0.09975961538461539 0.18389423076923078
0 0.20793269230769232 0.8449519230769231 0.140625 0.14302884615384615
0 0.6586538461538461 0.8485576923076923 0.17067307692307693 0.18028846153846154
0 0.41225961538461536 0.9350961538461539 0.17548076923076922 0.125