0 0.09615384615384616 0.17307692307692307 0.08413461538461539 0.3004807692307692
0 0.08533653846153846 0.3713942307692308 0.11177884615384616 0.27403846153846156
0 0.19591346153846154 0.38822115384615385 0.171875 0.25841346153846156
0 0.7956730769230769 0.5324519230769231 0.07091346153846154 0.33774038461538464
0 0.09134615384615384 0.5432692307692307 0.07932692307692307 0.18509615384615385
0 0.7463942307692307 0.6033653846153846 0.08173076923076923 0.34134615384615385
0 0.06490384615384616 0.6105769230769231 0.09735576923076923 0.2091346153846154
0 0.04927884615384615 0.6862980769230769 0.09014423076923077 0.22235576923076922
0 0.2283653846153846 0.8605769230769231 0.10336538461538461 0.23677884615384615
0 0.5769230769230769 0.921875 0.15625 0.13701923076923078
0 0.2283653846153846 0.09375 0.1466346153846154 0.15504807692307693
0 0.31850961538461536 0.9302884615384616 0.15144230769230768 0.1346153846153846