0 0.7295673076923077 0.15745192307692307 0.11057692307692307 0.31490384615384615
0 0.4567307692307692 0.23076923076923078 0.23677884615384615 0.1935096153846154
0 0.328125 0.2439903846153846 0.09134615384615384 0.41346153846153844
0 0.6682692307692307 0.35216346153846156 0.16947115384615385 0.21995192307692307
0 0.20432692307692307 0.3762019230769231 0.0985576923076923 0.34375
0 0.056490384615384616 0.39302884615384615 0.09735576923076923 0.35096153846153844
0 0.7536057692307693 0.39783653846153844 0.1141826923076923 0.3269230769230769
0 0.8137019230769231 0.421875 0.08052884615384616 0.30408653846153844
0 0.4879807692307692 0.6971153846153846 0.1658653846153846 0.20192307692307693
0 0.054086538461538464 0.7271634615384616 0.0985576923076923 0.32572115384615385
0 0.7620192307692307 0.8461538461538461 0.140625 0.25
0 0.6478365384615384 0.9002403846153846 0.17307692307692307 0.17067307692307693
0 0.33413461538461536 0.9086538461538461 0.14302884615384615 0.1814903846153846
0 0.47716346153846156 0.9302884615384616 0.19951923076923078 0.1346153846153846
0 0.7956730769230769 0.1310096153846154 0.078125 0.2512019230769231