0 0.054086538461538464 0.15504807692307693 0.10817307692307693 0.18028846153846154
0 0.7019230769230769 0.2127403846153846 0.1346153846153846 0.359375
0 0.8016826923076923 0.24278846153846154 0.08774038461538461 0.2860576923076923
0 0.23317307692307693 0.3870192307692308 0.09134615384615384 0.35216346153846156
0 0.040865384615384616 0.39302884615384615 0.08052884615384616 0.22956730769230768
0 0.8040865384615384 0.4879807692307692 0.09735576923076923 0.3112980769230769
0 0.38461538461538464 0.5408653846153846 0.20432692307692307 0.18389423076923078
0 0.07451923076923077 0.5504807692307693 0.12259615384615384 0.15745192307692307
0 0.9567307692307693 0.5769230769230769 0.08533653846153846 0.22596153846153846
0 0.052884615384615384 0.6826923076923077 0.055288461538461536 0.1971153846153846
0 0.7680288461538461 0.0733173076923077 0.10817307692307693 0.1466346153846154
0 0.9350961538461539 0.7548076923076923 0.10096153846153846 0.15264423076923078
0 0.8016826923076923 0.7800480769230769 0.06370192307692307 0.27283653846153844
0 0.7439903846153846 0.7980769230769231 0.08173076923076923 0.25961538461538464
0 0.3076923076923077 0.8269230769230769 0.12139423076923077 0.18990384615384615
0 0.5901442307692307 0.8341346153846154 0.17548076923076922 0.11899038461538461
0 0.1310096153846154 0.8617788461538461 0.13581730769230768 0.23918269230769232
0 0.6237980769230769 0.9038461538461539 0.15745192307692307 0.14783653846153846
0 0.21514423076923078 0.9074519230769231 0.10697115384615384 0.17908653846153846
0 0.3173076923076923 0.9230769230769231 0.11538461538461539 0.1502403846153846
0 0.46153846153846156 0.9302884615384616 0.20432692307692307 0.12980769230769232