0 0.49038461538461536 0.15144230769230768 0.2247596153846154 0.21394230769230768
0 0.31490384615384615 0.23557692307692307 0.14903846153846154 0.3545673076923077
0 0.23317307692307693 0.2536057692307692 0.11057692307692307 0.3894230769230769
0 0.056490384615384616 0.28365384615384615 0.11298076923076923 0.23557692307692307
0 0.09495192307692307 0.5336538461538461 0.07211538461538461 0.19110576923076922
0 0.06610576923076923 0.6514423076923077 0.0829326923076923 0.18509615384615385
0 0.7692307692307693 0.8052884615384616 0.1466346153846154 0.24278846153846154
0 0.3786057692307692 0.08653846153846154 0.1622596153846154 0.17307692307692307
0 0.4110576923076923 0.9038461538461539 0.16947115384615385 0.18990384615384615
0 0.25961538461538464 0.9098557692307693 0.13701923076923078 0.15625
0 0.5685096153846154 0.921875 0.20432692307692307 0.15144230769230768
0 0.8064903846153846 0.1201923076923077 0.09615384615384616 0.234375