0 0.15264423076923078 0.15504807692307693 0.0889423076923077 0.29447115384615385
0 0.04567307692307692 0.16466346153846154 0.09014423076923077 0.23918269230769232
0 0.8064903846153846 0.28365384615384615 0.09615384615384616 0.3581730769230769
0 0.7115384615384616 0.40865384615384615 0.11899038461538461 0.3112980769230769
0 0.08413461538461539 0.4579326923076923 0.09254807692307693 0.2247596153846154
0 0.39663461538461536 0.5264423076923077 0.1310096153846154 0.3798076923076923
0 0.4651442307692308 0.6334134615384616 0.10096153846153846 0.3629807692307692
0 0.8016826923076923 0.6814903846153846 0.09014423076923077 0.27283653846153844
0 0.054086538461538464 0.703125 0.052884615384615384 0.21634615384615385
0 0.6658653846153846 0.7980769230769231 0.09014423076923077 0.33052884615384615
0 0.75 0.8100961538461539 0.12740384615384615 0.2247596153846154
0 0.4879807692307692 0.9122596153846154 0.1778846153846154 0.125
0 0.3016826923076923 0.9447115384615384 0.17427884615384615 0.10697115384615384
0 0.7788461538461539 0.09735576923076923 0.08774038461538461 0.19471153846153846
0 0.6814903846153846 0.125 0.10697115384615384 0.2439903846153846