0 0.7007211538461539 0.1971153846153846 0.13221153846153846 0.33533653846153844
0 0.7944711538461539 0.24278846153846154 0.07211538461538461 0.27283653846153844
0 0.24278846153846154 0.3798076923076923 0.08173076923076923 0.3317307692307692
0 0.030048076923076924 0.40625 0.06009615384615385 0.2800480769230769
0 0.08413461538461539 0.46634615384615385 0.12860576923076922 0.1778846153846154
0 0.7860576923076923 0.5060096153846154 0.10216346153846154 0.2920673076923077
0 0.38461538461538464 0.5384615384615384 0.20673076923076922 0.15625
0 0.04447115384615385 0.6310096153846154 0.078125 0.21394230769230768
0 0.8004807692307693 0.7716346153846154 0.051682692307692304 0.27403846153846156
0 0.7463942307692307 0.7980769230769231 0.06009615384615385 0.25841346153846156
0 0.7067307692307693 0.8317307692307693 0.08052884615384616 0.28966346153846156
0 0.08533653846153846 0.8317307692307693 0.051682692307692304 0.15865384615384615
0 0.3137019230769231 0.8401442307692307 0.13341346153846154 0.21634615384615385
0 0.5877403846153846 0.859375 0.1622596153846154 0.15865384615384615
0 0.2091346153846154 0.9002403846153846 0.11899038461538461 0.14302884615384615
0 0.45072115384615385 0.9194711538461539 0.15144230769230768 0.15625
0 0.640625 0.9242788461538461 0.17307692307692307 0.1502403846153846
0 0.31490384615384615 0.9278846153846154 0.13701923076923078 0.14302884615384615