0 0.7391826923076923 0.17067307692307693 0.11057692307692307 0.3016826923076923
0 0.03125 0.18269230769230768 0.0625 0.27403846153846156
0 0.6730769230769231 0.28365384615384615 0.07451923076923077 0.2920673076923077
0 0.7884615384615384 0.39663461538461536 0.10336538461538461 0.2668269230769231
0 0.056490384615384616 0.43990384615384615 0.0889423076923077 0.1935096153846154
0 0.12259615384615384 0.46033653846153844 0.07211538461538461 0.11057692307692307
0 0.7127403846153846 0.5492788461538461 0.10336538461538461 0.10817307692307693
0 0.41947115384615385 0.5901442307692307 0.18509615384615385 0.25841346153846156
0 0.7103365384615384 0.6358173076923077 0.15625 0.12860576923076922
0 0.038461538461538464 0.6574519230769231 0.07692307692307693 0.21995192307692307
0 0.7764423076923077 0.6971153846153846 0.12139423076923077 0.25721153846153844
0 0.29447115384615385 0.8798076923076923 0.13341346153846154 0.08653846153846154
0 0.7692307692307693 0.8846153846153846 0.11538461538461539 0.15985576923076922
0 0.20432692307692307 0.9098557692307693 0.078125 0.12139423076923077
0 0.625 0.921875 0.16346153846153846 0.15144230769230768
0 0.34975961538461536 0.96875 0.15144230769230768 0.057692307692307696
0 0.7932692307692307 0.11177884615384616 0.07451923076923077 0.22355769230769232