0 0.07211538461538461 0.19831730769230768 0.056490384615384616 0.31009615384615385
0 0.18509615384615385 0.25721153846153844 0.14903846153846154 0.2860576923076923
0 0.09615384615384616 0.25721153846153844 0.07451923076923077 0.32211538461538464
0 0.6995192307692307 0.3245192307692308 0.12139423076923077 0.32572115384615385
0 0.7620192307692307 0.35096153846153844 0.12259615384615384 0.265625
0 0.37259615384615385 0.4495192307692308 0.20072115384615385 0.32572115384615385
0 0.7620192307692307 0.5048076923076923 0.13221153846153846 0.2536057692307692
0 0.43028846153846156 0.6129807692307693 0.19951923076923078 0.18509615384615385
0 0.6899038461538461 0.6502403846153846 0.08173076923076923 0.2403846153846154
0 0.7740384615384616 0.6983173076923077 0.10576923076923077 0.2127403846153846
0 0.3641826923076923 0.7451923076923077 0.1141826923076923 0.22956730769230768
0 0.07091346153846154 0.7512019230769231 0.08653846153846154 0.30288461538461536
0 0.7355769230769231 0.8629807692307693 0.13822115384615385 0.1466346153846154
0 0.35096153846153844 0.8641826923076923 0.16947115384615385 0.140625
0 0.49158653846153844 0.9399038461538461 0.13822115384615385 0.11899038461538461
0 0.34975961538461536 0.9615384615384616 0.15144230769230768 0.07211538461538461
0 0.6454326923076923 0.13942307692307693 0.1346153846153846 0.2776442307692308