0 0.1201923076923077 0.1778846153846154 0.1045673076923077 0.14543269230769232
0 0.46634615384615385 0.23677884615384615 0.22596153846153846 0.21754807692307693
0 0.15384615384615385 0.3125 0.16947115384615385 0.16466346153846154
0 0.05048076923076923 0.3798076923076923 0.0829326923076923 0.24879807692307693
0 0.030048076923076924 0.48197115384615385 0.05889423076923077 0.2692307692307692
0 0.39783653846153844 0.5865384615384616 0.17427884615384615 0.25
0 0.7800480769230769 0.6778846153846154 0.09495192307692307 0.30408653846153844
0 0.6069711538461539 0.8641826923076923 0.1466346153846154 0.2247596153846154
0 0.7307692307692307 0.8725961538461539 0.15264423076923078 0.12980769230769232
0 0.2439903846153846 0.9278846153846154 0.12860576923076922 0.14182692307692307
0 0.3233173076923077 0.9435096153846154 0.1622596153846154 0.109375
0 0.1778846153846154 0.11899038461538461 0.14302884615384615 0.1875
0 0.7920673076923077 0.1201923076923077 0.09495192307692307 0.234375