0 0.6057692307692307 0.21514423076923078 0.16346153846153846 0.3004807692307692
0 0.038461538461538464 0.22355769230769232 0.06009615384615385 0.2283653846153846
0 0.4423076923076923 0.32091346153846156 0.12139423076923077 0.3449519230769231
0 0.06610576923076923 0.43149038461538464 0.13221153846153846 0.19471153846153846
0 0.09134615384615384 0.5925480769230769 0.08413461538461539 0.20673076923076922
0 0.052884615384615384 0.6418269230769231 0.0889423076923077 0.21394230769230768
0 0.31490384615384615 0.6418269230769231 0.171875 0.28725961538461536
0 0.7716346153846154 0.7271634615384616 0.07211538461538461 0.29927884615384615
0 0.8088942307692307 0.7716346153846154 0.07572115384615384 0.2512019230769231
0 0.7127403846153846 0.7728365384615384 0.08052884615384616 0.29927884615384615
0 0.21153846153846154 0.8966346153846154 0.1201923076923077 0.20432692307692307
0 0.2932692307692308 0.9050480769230769 0.14543269230769232 0.1658653846153846
0 0.4699519230769231 0.9290865384615384 0.18389423076923078 0.140625
0 0.7752403846153846 0.09735576923076923 0.09495192307692307 0.19471153846153846
0 0.056490384615384616 0.10336538461538461 0.09735576923076923 0.15985576923076922
0 0.6730769230769231 0.10697115384615384 0.11298076923076923 0.2127403846153846