0 0.25600961538461536 0.25600961538461536 0.12860576923076922 0.2980769230769231
0 0.04326923076923077 0.28966346153846156 0.07211538461538461 0.25600961538461536
0 0.1310096153846154 0.30649038461538464 0.1045673076923077 0.3112980769230769
0 0.7980769230769231 0.4050480769230769 0.08052884615384616 0.3329326923076923
0 0.02283653846153846 0.5048076923076923 0.04567307692307692 0.2127403846153846
0 0.08052884615384616 0.5288461538461539 0.0829326923076923 0.20552884615384615
0 0.7896634615384616 0.7752403846153846 0.08173076923076923 0.21153846153846154
0 0.6706730769230769 0.7932692307692307 0.0985576923076923 0.2764423076923077
0 0.3317307692307692 0.8545673076923077 0.16947115384615385 0.14182692307692307
0 0.11298076923076923 0.8629807692307693 0.12620192307692307 0.13221153846153846
0 0.38822115384615385 0.9471153846153846 0.15144230769230768 0.10096153846153846
0 0.27524038461538464 0.9507211538461539 0.12259615384615384 0.09375
0 0.7956730769230769 0.13822115384615385 0.10576923076923077 0.2764423076923077