0 0.5060096153846154 0.1622596153846154 0.17067307692307693 0.29927884615384615
0 0.7283653846153846 0.19471153846153846 0.125 0.27163461538461536
0 0.06370192307692307 0.203125 0.109375 0.28966346153846156
0 0.6850961538461539 0.234375 0.16947115384615385 0.296875
0 0.10697115384615384 0.31009615384615385 0.0985576923076923 0.28125
0 0.27524038461538464 0.3762019230769231 0.14182692307692307 0.2920673076923077
0 0.8088942307692307 0.4362980769230769 0.078125 0.27524038461538464
0 0.7247596153846154 0.43990384615384615 0.1310096153846154 0.16947115384615385
0 0.04567307692307692 0.5012019230769231 0.0733173076923077 0.27524038461538464
0 0.7836538461538461 0.7620192307692307 0.09254807692307693 0.24879807692307693
0 0.5360576923076923 0.8161057692307693 0.16466346153846154 0.18990384615384615
0 0.6766826923076923 0.9002403846153846 0.16947115384615385 0.13701923076923078
0 0.34134615384615385 0.9519230769230769 0.125 0.09254807692307693
0 0.7776442307692307 0.13581730769230768 0.1310096153846154 0.27163461538461536