0 0.1045673076923077 0.171875 0.13822115384615385 0.2848557692307692
0 0.09495192307692307 0.3112980769230769 0.12139423076923077 0.2283653846153846
0 0.18269230769230768 0.3798076923076923 0.1935096153846154 0.2403846153846154
0 0.8185096153846154 0.5324519230769231 0.10817307692307693 0.3786057692307692
0 0.07692307692307693 0.5504807692307693 0.0733173076923077 0.22115384615384615
0 0.05048076923076923 0.578125 0.08653846153846154 0.15264423076923078
0 0.03365384615384615 0.6887019230769231 0.06129807692307692 0.21875
0 0.22956730769230768 0.8581730769230769 0.14543269230769232 0.25961538461538464
0 0.6382211538461539 0.9002403846153846 0.15865384615384615 0.19230769230769232
0 0.33052884615384615 0.9350961538461539 0.17067307692307693 0.125
0 0.5709134615384616 0.9411057692307693 0.13701923076923078 0.11298076923076923
0 0.24158653846153846 0.9459134615384616 0.18028846153846154 0.10336538461538461
0 0.2247596153846154 0.109375 0.13701923076923078 0.21875