0 0.12259615384615384 0.15504807692307693 0.14903846153846154 0.1466346153846154
0 0.5793269230769231 0.23076923076923078 0.16826923076923078 0.375
0 0.04927884615384615 0.265625 0.09375 0.20793269230769232
0 0.03125 0.36899038461538464 0.0625 0.21394230769230768
0 0.9555288461538461 0.43149038461538464 0.08653846153846154 0.29086538461538464
0 0.6923076923076923 0.4639423076923077 0.17908653846153846 0.2704326923076923
0 0.0625 0.5588942307692307 0.054086538461538464 0.3076923076923077
0 0.3076923076923077 0.640625 0.1814903846153846 0.2548076923076923
0 0.8028846153846154 0.6983173076923077 0.1346153846153846 0.2536057692307692
0 0.6658653846153846 0.8617788461538461 0.1346153846153846 0.1971153846153846
0 0.24278846153846154 0.8725961538461539 0.171875 0.17067307692307693
0 0.7800480769230769 0.8822115384615384 0.13581730769230768 0.21033653846153846
0 0.5528846153846154 0.9206730769230769 0.11538461538461539 0.14783653846153846
0 0.43149038461538464 0.9338942307692307 0.14182692307692307 0.12740384615384615
0 0.3269230769230769 0.9375 0.18269230769230768 0.1201923076923077
0 0.7932692307692307 0.12259615384615384 0.11538461538461539 0.22596153846153846