0 0.04927884615384615 0.19110576923076922 0.0985576923076923 0.18269230769230768
0 0.4338942307692308 0.296875 0.12259615384615384 0.36778846153846156
0 0.6947115384615384 0.36899038461538464 0.15264423076923078 0.19110576923076922
0 0.1971153846153846 0.3894230769230769 0.1502403846153846 0.1778846153846154
0 0.8088942307692307 0.49278846153846156 0.10096153846153846 0.27283653846153844
0 0.057692307692307696 0.5973557692307693 0.1141826923076923 0.3701923076923077
0 0.5024038461538461 0.7259615384615384 0.11298076923076923 0.35096153846153844
0 0.23197115384615385 0.7800480769230769 0.0985576923076923 0.30528846153846156
0 0.5516826923076923 0.8653846153846154 0.10216346153846154 0.2620192307692308
0 0.6802884615384616 0.9122596153846154 0.11778846153846154 0.16826923076923078
0 0.5132211538461539 0.9242788461538461 0.17427884615384615 0.1502403846153846
0 0.38341346153846156 0.9278846153846154 0.14783653846153846 0.14302884615384615
0 0.7572115384615384 0.9314903846153846 0.09134615384615384 0.13221153846153846
0 0.12259615384615384 0.1346153846153846 0.109375 0.26802884615384615