0 0.7451923076923077 0.15865384615384615 0.109375 0.3161057692307692
0 0.6658653846153846 0.234375 0.15985576923076922 0.24278846153846154
0 0.625 0.33774038461538464 0.13822115384615385 0.2127403846153846
0 0.390625 0.35096153846153844 0.16346153846153846 0.3485576923076923
0 0.7175480769230769 0.4567307692307692 0.09735576923076923 0.4230769230769231
0 0.7836538461538461 0.515625 0.057692307692307696 0.3605769230769231
0 0.8088942307692307 0.5793269230769231 0.04447115384615385 0.3485576923076923
0 0.4567307692307692 0.5829326923076923 0.1658653846153846 0.25841346153846156
0 0.038461538461538464 0.5949519230769231 0.06850961538461539 0.22596153846153846
0 0.6862980769230769 0.6478365384615384 0.09014423076923077 0.20793269230769232
0 0.08774038461538461 0.6586538461538461 0.11538461538461539 0.3112980769230769
0 0.09975961538461539 0.0673076923076923 0.0889423076923077 0.13341346153846154
0 0.6586538461538461 0.7271634615384616 0.1201923076923077 0.17307692307692307
0 0.53125 0.75 0.1622596153846154 0.14783653846153846
0 0.6370192307692307 0.078125 0.1502403846153846 0.15504807692307693
0 0.7584134615384616 0.7704326923076923 0.04927884615384615 0.19471153846153846
0 0.8052884615384616 0.8125 0.06971153846153846 0.23076923076923078
0 0.6887019230769231 0.8317307692307693 0.13341346153846154 0.109375
0 0.43028846153846156 0.8557692307692307 0.06971153846153846 0.2548076923076923
0 0.36658653846153844 0.8665865384615384 0.09134615384615384 0.23677884615384615
0 0.6225961538461539 0.8689903846153846 0.15745192307692307 0.19110576923076922
0 0.4855769230769231 0.8918269230769231 0.11177884615384616 0.21033653846153846
0 0.5649038461538461 0.9411057692307693 0.16346153846153846 0.11298076923076923
0 0.26322115384615385 0.9471153846153846 0.14182692307692307 0.10096153846153846
0 0.04567307692307692 0.10576923076923077 0.06370192307692307 0.15865384615384615
0 0.6370192307692307 0.12740384615384615 0.18509615384615385 0.17427884615384615