0 0.11899038461538461 0.15625 0.11899038461538461 0.2932692307692308
0 0.04326923076923077 0.24759615384615385 0.08533653846153846 0.30408653846153844
0 0.4375 0.25240384615384615 0.15384615384615385 0.34134615384615385
0 0.6730769230769231 0.2644230769230769 0.0985576923076923 0.33653846153846156
0 0.7379807692307693 0.31490384615384615 0.14783653846153846 0.34615384615384615
0 0.8293269230769231 0.3918269230769231 0.09615384615384616 0.29927884615384615
0 0.7848557692307693 0.3942307692307692 0.07572115384615384 0.3161057692307692
0 0.1935096153846154 0.40625 0.11298076923076923 0.265625
0 0.036057692307692304 0.41225961538461536 0.07091346153846154 0.27163461538461536
0 0.7115384615384616 0.6322115384615384 0.08052884615384616 0.3161057692307692
0 0.7980769230769231 0.6610576923076923 0.07451923076923077 0.30288461538461536
0 0.7620192307692307 0.7223557692307693 0.06009615384615385 0.25841346153846156
0 0.078125 0.7632211538461539 0.07692307692307693 0.2776442307692308
0 0.4891826923076923 0.8016826923076923 0.12379807692307693 0.265625
0 0.5841346153846154 0.8209134615384616 0.15865384615384615 0.15144230769230768
0 0.21634615384615385 0.859375 0.13341346153846154 0.1310096153846154
0 0.7175480769230769 0.8762019230769231 0.14903846153846154 0.09375
0 0.3473557692307692 0.9314903846153846 0.13701923076923078 0.13221153846153846
0 0.49158653846153844 0.9350961538461539 0.18509615384615385 0.125
0 0.6574519230769231 0.12379807692307693 0.13701923076923078 0.24759615384615385
0 0.7536057692307693 0.1346153846153846 0.14302884615384615 0.1935096153846154