0 0.6057692307692307 0.25600961538461536 0.15625 0.2512019230769231
0 0.7091346153846154 0.2848557692307692 0.17067307692307693 0.2247596153846154
0 0.40865384615384615 0.3485576923076923 0.14783653846153846 0.23317307692307693
0 0.7319711538461539 0.48197115384615385 0.10697115384615384 0.3545673076923077
0 0.7692307692307693 0.5252403846153846 0.08052884615384616 0.39302884615384615
0 0.47836538461538464 0.5552884615384616 0.1778846153846154 0.27283653846153844
0 0.8064903846153846 0.5865384615384616 0.07692307692307693 0.3629807692307692
0 0.04447115384615385 0.6009615384615384 0.06370192307692307 0.22596153846153846
0 0.0829326923076923 0.6165865384615384 0.0673076923076923 0.21514423076923078
0 0.6911057692307693 0.6862980769230769 0.11538461538461539 0.2283653846153846
0 0.6418269230769231 0.7175480769230769 0.1346153846153846 0.20793269230769232
0 0.5420673076923077 0.7367788461538461 0.16826923076923078 0.21153846153846154
0 0.6826923076923077 0.8137019230769231 0.125 0.14423076923076922
0 0.8004807692307693 0.8197115384615384 0.09254807692307693 0.24639423076923078
0 0.35216346153846156 0.8473557692307693 0.12379807692307693 0.21033653846153846
0 0.42788461538461536 0.8677884615384616 0.12860576923076922 0.2439903846153846
0 0.6394230769230769 0.9002403846153846 0.1045673076923077 0.17908653846153846
0 0.4987980769230769 0.9038461538461539 0.10817307692307693 0.1875
0 0.5612980769230769 0.9122596153846154 0.14423076923076922 0.17427884615384615
0 0.25 0.9302884615384616 0.1346153846153846 0.1346153846153846
0 0.6237980769230769 0.11899038461538461 0.18269230769230768 0.15625
0 0.7379807692307693 0.1310096153846154 0.1141826923076923 0.2512019230769231