0 0.09495192307692307 0.1658653846153846 0.12259615384615384 0.23076923076923078
0 0.5192307692307693 0.16826923076923078 0.14783653846153846 0.33653846153846156
0 0.07692307692307693 0.2403846153846154 0.15384615384615385 0.2692307692307692
0 0.7788461538461539 0.39663461538461536 0.1141826923076923 0.33052884615384615
0 0.2764423076923077 0.4387019230769231 0.1778846153846154 0.27524038461538464
0 0.08653846153846154 0.4855769230769231 0.10216346153846154 0.21754807692307693
0 0.03365384615384615 0.5685096153846154 0.06610576923076923 0.34134615384615385
0 0.4651442307692308 0.6021634615384616 0.11658653846153846 0.16466346153846154
0 0.32572115384615385 0.6310096153846154 0.17668269230769232 0.27283653846153844
0 0.7596153846153846 0.7451923076923077 0.0985576923076923 0.29086538461538464
0 0.22596153846153846 0.8425480769230769 0.12259615384615384 0.15144230769230768
0 0.35216346153846156 0.8930288461538461 0.16346153846153846 0.2127403846153846
0 0.6526442307692307 0.9098557692307693 0.203125 0.13581730769230768
0 0.4831730769230769 0.9302884615384616 0.16826923076923078 0.1346153846153846
0 0.23557692307692307 0.9435096153846154 0.16346153846153846 0.10817307692307693
0 0.6502403846153846 0.10817307692307693 0.13701923076923078 0.21634615384615385
0 0.7560096153846154 0.12259615384615384 0.1658653846153846 0.2127403846153846