0 0.7896634615384616 0.14543269230769232 0.08413461538461539 0.29086538461538464
0 0.08774038461538461 0.18629807692307693 0.12740384615384615 0.2824519230769231
0 0.7199519230769231 0.20072115384615385 0.1971153846153846 0.30288461538461536
0 0.5961538461538461 0.22956730769230768 0.1658653846153846 0.2764423076923077
0 0.08653846153846154 0.4326923076923077 0.08653846153846154 0.3581730769230769
0 0.42908653846153844 0.4495192307692308 0.10096153846153846 0.4110576923076923
0 0.03485576923076923 0.49278846153846156 0.042067307692307696 0.25600961538461536
0 0.8016826923076923 0.5432692307692307 0.06490384615384616 0.30288461538461536
0 0.7475961538461539 0.6478365384615384 0.08173076923076923 0.234375
0 0.3581730769230769 0.703125 0.09615384615384616 0.3088942307692308
0 0.78125 0.7884615384615384 0.09615384615384616 0.23798076923076922
0 0.42908653846153844 0.8894230769230769 0.18990384615384615 0.21754807692307693
0 0.6598557692307693 0.9098557692307693 0.1778846153846154 0.17668269230769232
0 0.5180288461538461 0.9350961538461539 0.15985576923076922 0.12379807692307693