0 0.5697115384615384 0.14182692307692307 0.1201923076923077 0.28365384615384615
0 0.1310096153846154 0.14182692307692307 0.13581730769230768 0.265625
0 0.7932692307692307 0.15865384615384615 0.07572115384615384 0.25600961538461536
0 0.6502403846153846 0.18028846153846154 0.09615384615384616 0.33653846153846156
0 0.734375 0.1935096153846154 0.12259615384615384 0.38100961538461536
0 0.05048076923076923 0.20552884615384615 0.08413461538461539 0.19831730769230768
0 0.7127403846153846 0.3233173076923077 0.08774038461538461 0.33774038461538464
0 0.47115384615384615 0.34375 0.09014423076923077 0.32091346153846156
0 0.7956730769230769 0.41225961538461536 0.0889423076923077 0.2848557692307692
0 0.2704326923076923 0.4362980769230769 0.11658653846153846 0.2644230769230769
0 0.10216346153846154 0.4495192307692308 0.12860576923076922 0.2764423076923077
0 0.03125 0.5673076923076923 0.0625 0.19831730769230768
0 0.7992788461538461 0.6862980769230769 0.0889423076923077 0.2704326923076923
0 0.46274038461538464 0.8305288461538461 0.1658653846153846 0.19831730769230768
0 0.2980769230769231 0.8341346153846154 0.10576923076923077 0.20552884615384615
0 0.7608173076923077 0.8834134615384616 0.13341346153846154 0.14423076923076922
0 0.6706730769230769 0.8918269230769231 0.125 0.140625
0 0.4567307692307692 0.9206730769230769 0.13581730769230768 0.14302884615384615
0 0.5685096153846154 0.9435096153846154 0.12259615384615384 0.10817307692307693
0 0.25240384615384615 0.9471153846153846 0.1201923076923077 0.0985576923076923