0 0.7103365384615384 0.26802884615384615 0.13822115384615385 0.17067307692307693
0 0.6213942307692307 0.29927884615384615 0.140625 0.3581730769230769
0 0.39302884615384615 0.3245192307692308 0.14543269230769232 0.3125
0 0.3161057692307692 0.3473557692307692 0.13822115384615385 0.3004807692307692
0 0.7259615384615384 0.515625 0.09375 0.3389423076923077
0 0.7716346153846154 0.5252403846153846 0.057692307692307696 0.3088942307692308
0 0.47475961538461536 0.5829326923076923 0.15144230769230768 0.25841346153846156
0 0.8233173076923077 0.5913461538461539 0.06370192307692307 0.2824519230769231
0 0.030048076923076924 0.5961538461538461 0.06009615384615385 0.23076923076923078
0 0.0829326923076923 0.6165865384615384 0.07451923076923077 0.23677884615384615
0 0.6947115384615384 0.7079326923076923 0.11538461538461539 0.2860576923076923
0 0.6418269230769231 0.7415865384615384 0.13822115384615385 0.15865384615384615
0 0.5564903846153846 0.7632211538461539 0.15144230769230768 0.10576923076923077
0 0.6911057692307693 0.8497596153846154 0.11538461538461539 0.13221153846153846
0 0.43509615384615385 0.8569711538461539 0.09615384615384616 0.28125
0 0.359375 0.8665865384615384 0.09254807692307693 0.24158653846153846
0 0.4807692307692308 0.8930288461538461 0.11538461538461539 0.18990384615384615
0 0.6346153846153846 0.8930288461538461 0.13942307692307693 0.14302884615384615
0 0.23557692307692307 0.9278846153846154 0.14423076923076922 0.13942307692307693
0 0.5637019230769231 0.9375 0.15144230769230768 0.1201923076923077
0 0.6334134615384616 0.109375 0.17307692307692307 0.15985576923076922
0 0.75 0.12740384615384615 0.10697115384615384 0.22956730769230768