0 0.7680288461538461 0.15384615384615385 0.14423076923076922 0.3076923076923077
0 0.10817307692307693 0.1778846153846154 0.0985576923076923 0.2956730769230769
0 0.6382211538461539 0.21394230769230768 0.1935096153846154 0.28846153846153844
0 0.4483173076923077 0.2283653846153846 0.11658653846153846 0.37740384615384615
0 0.06129807692307692 0.3329326923076923 0.12259615384615384 0.24879807692307693
0 0.7764423076923077 0.3485576923076923 0.11658653846153846 0.3112980769230769
0 0.21153846153846154 0.3798076923076923 0.14783653846153846 0.40384615384615385
0 0.9495192307692307 0.4651442307692308 0.05889423076923077 0.3329326923076923
0 0.39663461538461536 0.5564903846153846 0.19831730769230768 0.2247596153846154
0 0.06129807692307692 0.6021634615384616 0.09014423076923077 0.296875
0 0.7788461538461539 0.7596153846153846 0.11298076923076923 0.30528846153846156
0 0.5384615384615384 0.8846153846153846 0.16947115384615385 0.22596153846153846
0 0.34615384615384615 0.09254807692307693 0.19230769230769232 0.18509615384615385
0 0.390625 0.9230769230769231 0.16826923076923078 0.15144230769230768