0 0.03485576923076923 0.2091346153846154 0.06370192307692307 0.2247596153846154
0 0.6045673076923077 0.22716346153846154 0.16105769230769232 0.2764423076923077
0 0.05889423076923077 0.4326923076923077 0.10576923076923077 0.22115384615384615
0 0.046875 0.6069711538461539 0.06129807692307692 0.27163461538461536
0 0.10336538461538461 0.6069711538461539 0.0889423076923077 0.140625
0 0.3329326923076923 0.6550480769230769 0.08533653846153846 0.29927884615384615
0 0.7536057692307693 0.7475961538461539 0.051682692307692304 0.2536057692307692
0 0.44711538461538464 0.7572115384615384 0.15144230769230768 0.21153846153846154
0 0.8052884615384616 0.7764423076923077 0.07091346153846154 0.30528846153846156
0 0.21514423076923078 0.8846153846153846 0.10817307692307693 0.22596153846153846
0 0.056490384615384616 0.0889423076923077 0.07692307692307693 0.15384615384615385
0 0.30288461538461536 0.90625 0.14423076923076922 0.1814903846153846
0 0.4831730769230769 0.9086538461538461 0.19110576923076922 0.17307692307692307
0 0.6538461538461539 0.9098557692307693 0.15384615384615385 0.17548076923076922
0 0.1045673076923077 0.10096153846153846 0.0673076923076923 0.19591346153846154
0 0.6814903846153846 0.109375 0.0889423076923077 0.21875