0 0.1658653846153846 0.39783653846153844 0.10817307692307693 0.2848557692307692
0 0.3629807692307692 0.40384615384615385 0.17307692307692307 0.43509615384615385
0 0.4699519230769231 0.05048076923076923 0.11298076923076923 0.10096153846153846
0 0.08173076923076923 0.5853365384615384 0.14783653846153846 0.20192307692307693
0 0.6009615384615384 0.734375 0.06009615384615385 0.10336538461538461
0 0.7728365384615384 0.7584134615384616 0.12259615384615384 0.2692307692307692
0 0.36177884615384615 0.7956730769230769 0.17548076923076922 0.21754807692307693
0 0.5168269230769231 0.8293269230769231 0.10216346153846154 0.2932692307692308
0 0.16947115384615385 0.8629807692307693 0.12620192307692307 0.12379807692307693
0 0.2764423076923077 0.8762019230769231 0.06009615384615385 0.2127403846153846
0 0.4230769230769231 0.8978365384615384 0.15384615384615385 0.17908653846153846
0 0.6129807692307693 0.9254807692307693 0.1875 0.14423076923076922
0 0.20072115384615385 0.9615384615384616 0.12740384615384615 0.07211538461538461
0 0.7608173076923077 0.13221153846153846 0.16706730769230768 0.26322115384615385