0 0.08533653846153846 0.2091346153846154 0.0829326923076923 0.1778846153846154
0 0.30649038461538464 0.23677884615384615 0.07572115384615384 0.3161057692307692
0 0.2403846153846154 0.24519230769230768 0.056490384615384616 0.38822115384615385
0 0.054086538461538464 0.2764423076923077 0.08413461538461539 0.2283653846153846
0 0.03125 0.4855769230769231 0.028846153846153848 0.23076923076923078
0 0.125 0.5168269230769231 0.06129807692307692 0.21033653846153846
0 0.08533653846153846 0.5492788461538461 0.042067307692307696 0.18389423076923078
0 0.039663461538461536 0.6310096153846154 0.0625 0.125
0 0.3798076923076923 0.07932692307692307 0.1141826923076923 0.1466346153846154
0 0.7764423076923077 0.7884615384615384 0.0985576923076923 0.26802884615384615
0 0.3389423076923077 0.8846153846153846 0.09134615384615384 0.22596153846153846
0 0.11899038461538461 0.8966346153846154 0.10697115384615384 0.1778846153846154
0 0.5721153846153846 0.9038461538461539 0.1778846153846154 0.1875
0 0.26322115384615385 0.9338942307692307 0.13221153846153846 0.12740384615384615
0 0.4110576923076923 0.9338942307692307 0.15865384615384615 0.12740384615384615
0 0.14903846153846154 0.09975961538461539 0.0625 0.1935096153846154
0 0.10336538461538461 0.10096153846153846 0.07211538461538461 0.18269230769230768