0 0.07572115384615384 0.2247596153846154 0.11538461538461539 0.2512019230769231
0 0.051682692307692304 0.3112980769230769 0.09254807692307693 0.25240384615384615
0 0.35336538461538464 0.4266826923076923 0.1502403846153846 0.4326923076923077
0 0.042067307692307696 0.5144230769230769 0.08413461538461539 0.2932692307692308
0 0.7740384615384616 0.7728365384615384 0.09134615384615384 0.26322115384615385
0 0.3641826923076923 0.7932692307692307 0.13581730769230768 0.23317307692307693
0 0.5120192307692307 0.8112980769230769 0.07451923076923077 0.3233173076923077
0 0.2764423076923077 0.8725961538461539 0.06850961538461539 0.25240384615384615
0 0.21394230769230768 0.8810096153846154 0.140625 0.09735576923076923
0 0.41225961538461536 0.8834134615384616 0.13822115384615385 0.15865384615384615
0 0.7403846153846154 0.12740384615384615 0.20673076923076922 0.21754807692307693