0 0.8137019230769231 0.1814903846153846 0.11057692307692307 0.24759615384615385
0 0.7572115384615384 0.18389423076923078 0.12980769230769232 0.3293269230769231
0 0.6778846153846154 0.22115384615384615 0.08052884615384616 0.3473557692307692
0 0.04567307692307692 0.22716346153846154 0.0889423076923077 0.13701923076923078
0 0.7103365384615384 0.3293269230769231 0.08413461538461539 0.3545673076923077
0 0.19831730769230768 0.33533653846153844 0.11778846153846154 0.3112980769230769
0 0.8004807692307693 0.3786057692307692 0.1310096153846154 0.3485576923076923
0 0.042067307692307696 0.5841346153846154 0.07932692307692307 0.24158653846153846
0 0.7944711538461539 0.6670673076923077 0.09975961538461539 0.2608173076923077
0 0.6225961538461539 0.7620192307692307 0.21153846153846154 0.18629807692307693
0 0.4519230769230769 0.8088942307692307 0.19230769230769232 0.19591346153846154
0 0.6574519230769231 0.8762019230769231 0.1971153846153846 0.10817307692307693
0 0.7620192307692307 0.8870192307692307 0.1201923076923077 0.17307692307692307
0 0.4483173076923077 0.9170673076923077 0.18389423076923078 0.12740384615384615
0 0.5649038461538461 0.9302884615384616 0.20192307692307693 0.1346153846153846
0 0.1201923076923077 0.1201923076923077 0.11658653846153846 0.20192307692307693
0 0.5877403846153846 0.13341346153846154 0.12740384615384615 0.265625