0 0.640625 0.1466346153846154 0.15384615384615385 0.28725961538461536
0 0.0625 0.17307692307692307 0.08653846153846154 0.32091346153846156
0 0.0985576923076923 0.25240384615384615 0.054086538461538464 0.32211538461538464
0 0.19471153846153846 0.27283653846153844 0.17427884615384615 0.2439903846153846
0 0.7163461538461539 0.32091346153846156 0.10336538461538461 0.30288461538461536
0 0.7560096153846154 0.3545673076923077 0.15985576923076922 0.2668269230769231
0 0.8197115384615384 0.4362980769230769 0.04447115384615385 0.3112980769230769
0 0.7596153846153846 0.5072115384615384 0.13822115384615385 0.30528846153846156
0 0.45072115384615385 0.5817307692307693 0.19230769230769232 0.30528846153846156
0 0.6983173076923077 0.6634615384615384 0.0829326923076923 0.21033653846153846
0 0.7668269230769231 0.7127403846153846 0.1310096153846154 0.2536057692307692
0 0.0673076923076923 0.7355769230769231 0.07451923076923077 0.3545673076923077
0 0.36899038461538464 0.7572115384615384 0.14783653846153846 0.2127403846153846
0 0.7367788461538461 0.8653846153846154 0.12379807692307693 0.13221153846153846
0 0.49038461538461536 0.9314903846153846 0.16105769230769232 0.1346153846153846
0 0.2127403846153846 0.9338942307692307 0.15504807692307693 0.1310096153846154
0 0.3557692307692308 0.9338942307692307 0.15384615384615385 0.1310096153846154