0 0.734375 0.14302884615384615 0.14783653846153846 0.28125
0 0.7944711538461539 0.17668269230769232 0.10336538461538461 0.2824519230769231
0 0.7295673076923077 0.2764423076923077 0.19110576923076922 0.2980769230769231
0 0.38100961538461536 0.35697115384615385 0.1310096153846154 0.28125
0 0.7451923076923077 0.49278846153846156 0.07211538461538461 0.27524038461538464
0 0.8125 0.5024038461538461 0.056490384615384616 0.34134615384615385
0 0.6959134615384616 0.5084134615384616 0.0673076923076923 0.2980769230769231
0 0.4483173076923077 0.6298076923076923 0.12259615384615384 0.16105769230769232
0 0.04447115384615385 0.640625 0.05048076923076923 0.24879807692307693
0 0.09615384615384616 0.6454326923076923 0.08653846153846154 0.23918269230769232
0 0.5733173076923077 0.06610576923076923 0.2704326923076923 0.13221153846153846
0 0.7103365384615384 0.6730769230769231 0.10096153846153846 0.18389423076923078
0 0.5264423076923077 0.7355769230769231 0.1814903846153846 0.15144230769230768
0 0.5384615384615384 0.7788461538461539 0.20072115384615385 0.07091346153846154
0 0.37259615384615385 0.08052884615384616 0.12980769230769232 0.16105769230769232
0 0.41466346153846156 0.8473557692307693 0.09254807692307693 0.28125
0 0.3485576923076923 0.8617788461538461 0.11177884615384616 0.27403846153846156
0 0.6887019230769231 0.8725961538461539 0.09975961538461539 0.09975961538461539
0 0.48677884615384615 0.9014423076923077 0.11177884615384616 0.19591346153846154
0 0.5661057692307693 0.9423076923076923 0.1466346153846154 0.11057692307692307