0 0.7127403846153846 0.15865384615384615 0.1346153846153846 0.3161057692307692
0 0.10697115384615384 0.16466346153846154 0.11899038461538461 0.30408653846153844
0 0.7608173076923077 0.2956730769230769 0.15264423076923078 0.33774038461538464
0 0.057692307692307696 0.3449519230769231 0.10576923076923077 0.2536057692307692
0 0.27163461538461536 0.4423076923076923 0.1502403846153846 0.2956730769230769
0 0.1201923076923077 0.4423076923076923 0.12139423076923077 0.24879807692307693
0 0.8004807692307693 0.5180288461538461 0.09615384615384616 0.31009615384615385
0 0.038461538461538464 0.5336538461538461 0.07572115384615384 0.2980769230769231
0 0.7860576923076923 0.7920673076923077 0.09014423076923077 0.2668269230769231
0 0.6790865384615384 0.7980769230769231 0.16947115384615385 0.16105769230769232
0 0.3557692307692308 0.8004807692307693 0.1310096153846154 0.22716346153846154
0 0.23076923076923078 0.8569711538461539 0.12379807692307693 0.140625
0 0.40625 0.8713942307692307 0.1310096153846154 0.140625
0 0.5024038461538461 0.8713942307692307 0.12980769230769232 0.25240384615384615
0 0.6706730769230769 0.9014423076923077 0.16105769230769232 0.15865384615384615
0 0.43149038461538464 0.9471153846153846 0.1658653846153846 0.10096153846153846
0 0.40024038461538464 0.1045673076923077 0.12379807692307693 0.20793269230769232