0 0.2704326923076923 0.2403846153846154 0.16346153846153846 0.23197115384615385
0 0.1875 0.2548076923076923 0.12740384615384615 0.17067307692307693
0 0.09254807692307693 0.3701923076923077 0.07932692307692307 0.26322115384615385
0 0.7295673076923077 0.39783653846153844 0.18269230769230768 0.21634615384615385
0 0.06971153846153846 0.4987980769230769 0.11538461538461539 0.18629807692307693
0 0.046875 0.6454326923076923 0.08173076923076923 0.25
0 0.25841346153846156 0.8161057692307693 0.09375 0.10697115384615384
0 0.7451923076923077 0.8353365384615384 0.13581730769230768 0.17427884615384615
0 0.38341346153846156 0.8497596153846154 0.19110576923076922 0.16826923076923078
0 0.18629807692307693 0.859375 0.05889423076923077 0.08173076923076923
0 0.5504807692307693 0.9278846153846154 0.1971153846153846 0.14302884615384615
0 0.2692307692307692 0.9471153846153846 0.13942307692307693 0.10096153846153846
0 0.39783653846153844 0.9615384615384616 0.16105769230769232 0.07211538461538461
0 0.328125 0.10096153846153846 0.15144230769230768 0.20072115384615385