0 0.1622596153846154 0.23798076923076922 0.15504807692307693 0.22115384615384615
0 0.8064903846153846 0.24519230769230768 0.0829326923076923 0.2776442307692308
0 0.7367788461538461 0.31009615384615385 0.171875 0.3737980769230769
0 0.037259615384615384 0.35336538461538464 0.07451923076923077 0.28365384615384615
0 0.7403846153846154 0.5204326923076923 0.10336538461538461 0.3557692307692308
0 0.07932692307692307 0.53125 0.078125 0.23197115384615385
0 0.7896634615384616 0.5805288461538461 0.09495192307692307 0.2956730769230769
0 0.6875 0.5949519230769231 0.09495192307692307 0.36538461538461536
0 0.07572115384615384 0.6165865384615384 0.0625 0.15865384615384615
0 0.7716346153846154 0.0673076923076923 0.10817307692307693 0.13341346153846154
0 0.078125 0.7548076923076923 0.06009615384615385 0.19230769230769232
0 0.7620192307692307 0.7992788461538461 0.1201923076923077 0.18269230769230768
0 0.6526442307692307 0.8353365384615384 0.1778846153846154 0.22956730769230768
0 0.5697115384615384 0.8858173076923077 0.1622596153846154 0.17668269230769232
0 0.3329326923076923 0.9038461538461539 0.125 0.16346153846153846
0 0.41586538461538464 0.9278846153846154 0.15865384615384615 0.14302884615384615
0 0.21875 0.9326923076923077 0.10817307692307693 0.0829326923076923
0 0.09735576923076923 0.09615384615384616 0.18269230769230768 0.12620192307692307