0 0.21394230769230768 0.36538461538461536 0.19230769230769232 0.2932692307692308
0 0.96875 0.36658653846153844 0.06129807692307692 0.29447115384615385
0 0.15625 0.4387019230769231 0.11057692307692307 0.18870192307692307
0 0.06490384615384616 0.4519230769230769 0.07451923076923077 0.27884615384615385
0 0.027644230769230768 0.453125 0.055288461538461536 0.30528846153846156
0 0.7764423076923077 0.546875 0.14783653846153846 0.25600961538461536
0 0.055288461538461536 0.06129807692307692 0.109375 0.11298076923076923
0 0.9338942307692307 0.6466346153846154 0.038461538461538464 0.23798076923076922
0 0.9819711538461539 0.6466346153846154 0.03485576923076923 0.13221153846153846
0 0.06850961538461539 0.6658653846153846 0.07692307692307693 0.24519230769230768
0 0.9615384615384616 0.7596153846153846 0.07451923076923077 0.1141826923076923
0 0.7860576923076923 0.7944711538461539 0.09375 0.2620192307692308
0 0.28125 0.7956730769230769 0.15865384615384615 0.18629807692307693
0 0.4963942307692308 0.8798076923076923 0.1658653846153846 0.23557692307692307
0 0.6454326923076923 0.9002403846153846 0.1814903846153846 0.16947115384615385
0 0.3161057692307692 0.9038461538461539 0.125 0.18870192307692307
0 0.19831730769230768 0.9170673076923077 0.14182692307692307 0.14302884615384615
0 0.14783653846153846 0.9447115384615384 0.11538461538461539 0.10817307692307693
0 0.4110576923076923 0.9483173076923077 0.16466346153846154 0.09975961538461539
0 0.14423076923076922 0.0985576923076923 0.12620192307692307 0.18629807692307693
0 0.9627403846153846 0.10817307692307693 0.0733173076923077 0.21514423076923078
0 0.734375 0.11298076923076923 0.20673076923076922 0.22355769230769232