0 0.6502403846153846 0.18269230769230768 0.0733173076923077 0.36538461538461536
0 0.7379807692307693 0.20192307692307693 0.10697115384615384 0.3088942307692308
0 0.04807692307692308 0.2403846153846154 0.09615384615384616 0.18509615384615385
0 0.45072115384615385 0.31490384615384615 0.11778846153846154 0.31850961538461536
0 0.22956730769230768 0.3605769230769231 0.12259615384615384 0.375
0 0.7079326923076923 0.36538461538461536 0.09495192307692307 0.33774038461538464
0 0.7872596153846154 0.41586538461538464 0.13942307692307693 0.3004807692307692
0 0.038461538461538464 0.5552884615384616 0.07692307692307693 0.28846153846153844
0 0.796875 0.6742788461538461 0.10096153846153846 0.27524038461538464
0 0.4423076923076923 0.8064903846153846 0.18028846153846154 0.16346153846153846
0 0.2668269230769231 0.8269230769230769 0.1141826923076923 0.27403846153846156
0 0.6754807692307693 0.8810096153846154 0.11538461538461539 0.13341346153846154
0 0.7451923076923077 0.8894230769230769 0.09735576923076923 0.14903846153846154
0 0.20432692307692307 0.90625 0.10576923076923077 0.15384615384615385
0 0.45913461538461536 0.9098557692307693 0.14783653846153846 0.12139423076923077
0 0.5552884615384616 0.9350961538461539 0.11658653846153846 0.11538461538461539
0 0.14543269230769232 0.12860576923076922 0.13341346153846154 0.25240384615384615
0 0.5853365384615384 0.13341346153846154 0.11538461538461539 0.265625
0 0.7848557692307693 0.13942307692307693 0.08533653846153846 0.2776442307692308