0 0.6586538461538461 0.15504807692307693 0.13581730769230768 0.31009615384615385
0 0.11899038461538461 0.16466346153846154 0.09975961538461539 0.28966346153846156
0 0.04927884615384615 0.22716346153846154 0.0889423076923077 0.2704326923076923
0 0.44350961538461536 0.29927884615384615 0.14423076923076922 0.3161057692307692
0 0.7139423076923077 0.35336538461538464 0.1502403846153846 0.19951923076923078
0 0.7848557692307693 0.3737980769230769 0.0733173076923077 0.28365384615384615
0 0.20552884615384615 0.39663461538461536 0.1045673076923077 0.20552884615384615
0 0.8125 0.41225961538461536 0.046875 0.26322115384615385
0 0.03485576923076923 0.4254807692307692 0.06850961538461539 0.23557692307692307
0 0.7247596153846154 0.6105769230769231 0.08173076923076923 0.2644230769230769
0 0.6670673076923077 0.6177884615384616 0.09014423076923077 0.29447115384615385
0 0.8004807692307693 0.6526442307692307 0.06370192307692307 0.2668269230769231
0 0.7548076923076923 0.7259615384615384 0.06370192307692307 0.28125
0 0.07091346153846154 0.7439903846153846 0.07692307692307693 0.21875
0 0.5072115384615384 0.8088942307692307 0.16826923076923078 0.19591346153846154
0 0.265625 0.8497596153846154 0.0889423076923077 0.21514423076923078
0 0.6394230769230769 0.8545673076923077 0.11298076923076923 0.1778846153846154
0 0.7199519230769231 0.8689903846153846 0.07451923076923077 0.25721153846153844
0 0.3557692307692308 0.9375 0.16826923076923078 0.10576923076923077
0 0.4987980769230769 0.9435096153846154 0.17548076923076922 0.11177884615384616