0 0.08774038461538461 0.16947115384615385 0.09615384615384616 0.3389423076923077
0 0.1658653846153846 0.36538461538461536 0.13341346153846154 0.28125
0 0.8016826923076923 0.36899038461538464 0.13341346153846154 0.3798076923076923
0 0.028846153846153848 0.421875 0.057692307692307696 0.2932692307692308
0 0.7680288461538461 0.49038461538461536 0.14423076923076922 0.3161057692307692
0 0.71875 0.5649038461538461 0.1502403846153846 0.27163461538461536
0 0.09495192307692307 0.5817307692307693 0.0889423076923077 0.3798076923076923
0 0.6778846153846154 0.6430288461538461 0.125 0.16947115384615385
0 0.6538461538461539 0.7175480769230769 0.18629807692307693 0.16947115384615385
0 0.5060096153846154 0.7572115384615384 0.171875 0.23197115384615385
0 0.8137019230769231 0.7728365384615384 0.07451923076923077 0.2704326923076923
0 0.7596153846153846 0.8088942307692307 0.0625 0.2512019230769231
0 0.6502403846153846 0.8798076923076923 0.17908653846153846 0.18990384615384615
0 0.2091346153846154 0.8858173076923077 0.109375 0.13581730769230768
0 0.3076923076923077 0.8918269230769231 0.13942307692307693 0.203125
0 0.4495192307692308 0.9014423076923077 0.1466346153846154 0.19591346153846154