0 0.039663461538461536 0.1875 0.07932692307692307 0.3173076923076923
0 0.5432692307692307 0.19951923076923078 0.1935096153846154 0.1875
0 0.7427884615384616 0.25600961538461536 0.17908653846153846 0.2283653846153846
0 0.1778846153846154 0.4338942307692308 0.12860576923076922 0.19591346153846154
0 0.040865384615384616 0.4723557692307692 0.08173076923076923 0.27283653846153844
0 0.7608173076923077 0.7800480769230769 0.13341346153846154 0.29086538461538464
0 0.7295673076923077 0.08653846153846154 0.19951923076923078 0.17307692307692307
0 0.06971153846153846 0.8737980769230769 0.07091346153846154 0.17307692307692307
0 0.18629807692307693 0.8918269230769231 0.11298076923076923 0.12620192307692307
0 0.4170673076923077 0.9290865384615384 0.16826923076923078 0.1310096153846154
0 0.5757211538461539 0.9375 0.15865384615384615 0.11899038461538461
0 0.13701923076923078 0.11298076923076923 0.0889423076923077 0.1935096153846154