0 0.20432692307692307 0.2403846153846154 0.12379807692307693 0.20552884615384615
0 0.13341346153846154 0.24158653846153846 0.08052884615384616 0.19110576923076922
0 0.2800480769230769 0.2548076923076923 0.14423076923076922 0.31009615384615385
0 0.10336538461538461 0.25721153846153844 0.06370192307692307 0.2776442307692308
0 0.03365384615384615 0.34615384615384615 0.0673076923076923 0.22956730769230768
0 0.09014423076923077 0.38461538461538464 0.06971153846153846 0.25
0 0.039663461538461536 0.4567307692307692 0.07932692307692307 0.27403846153846156
0 0.0733173076923077 0.5012019230769231 0.09134615384615384 0.20552884615384615
0 0.040865384615384616 0.6177884615384616 0.08052884615384616 0.28725961538461536
0 0.1875 0.06490384615384616 0.140625 0.11538461538461539
0 0.7451923076923077 0.84375 0.13701923076923078 0.1502403846153846
0 0.2548076923076923 0.8521634615384616 0.14783653846153846 0.20793269230769232
0 0.3125 0.9230769230769231 0.13221153846153846 0.15144230769230768
0 0.24158653846153846 0.9266826923076923 0.09735576923076923 0.09735576923076923
0 0.5612980769230769 0.9314903846153846 0.19230769230769232 0.1346153846153846