0 0.12740384615384615 0.13942307692307693 0.09615384615384616 0.23557692307692307
0 0.7860576923076923 0.1466346153846154 0.09615384615384616 0.28125
0 0.6670673076923077 0.203125 0.07211538461538461 0.328125
0 0.7307692307692307 0.203125 0.11658653846153846 0.40384615384615385
0 0.054086538461538464 0.22956730769230768 0.09254807692307693 0.19110576923076922
0 0.030048076923076924 0.30649038461538464 0.06009615384615385 0.24759615384615385
0 0.7175480769230769 0.34975961538461536 0.09735576923076923 0.3473557692307692
0 0.21514423076923078 0.359375 0.13221153846153846 0.38100961538461536
0 0.7836538461538461 0.40024038461538464 0.12259615384615384 0.33533653846153844
0 0.037259615384615384 0.5757211538461539 0.0733173076923077 0.25600961538461536
0 0.7872596153846154 0.6730769230769231 0.08774038461538461 0.2512019230769231
0 0.08052884615384616 0.71875 0.07211538461538461 0.21394230769230768
0 0.9387019230769231 0.7596153846153846 0.09375 0.171875
0 0.6310096153846154 0.7788461538461539 0.18870192307692307 0.14783653846153846
0 0.4375 0.8329326923076923 0.1971153846153846 0.21754807692307693
0 0.6754807692307693 0.8629807692307693 0.15745192307692307 0.16826923076923078
0 0.7536057692307693 0.9050480769230769 0.11899038461538461 0.18629807692307693
0 0.15264423076923078 0.9242788461538461 0.1045673076923077 0.09615384615384616
0 0.4483173076923077 0.9242788461538461 0.1622596153846154 0.13581730769230768
0 0.5492788461538461 0.9278846153846154 0.15384615384615385 0.14182692307692307
0 0.25600961538461536 0.9326923076923077 0.1466346153846154 0.13221153846153846
0 0.5817307692307693 0.13822115384615385 0.15504807692307693 0.2764423076923077