0 0.05048076923076923 0.203125 0.08533653846153846 0.125
0 0.3473557692307692 0.3004807692307692 0.10336538461538461 0.375
0 0.40865384615384615 0.30288461538461536 0.09735576923076923 0.3233173076923077
0 0.019230769230769232 0.3713942307692308 0.037259615384615384 0.14903846153846154
0 0.6862980769230769 0.3954326923076923 0.14543269230769232 0.203125
0 0.7944711538461539 0.4495192307692308 0.06490384615384616 0.359375
0 0.2860576923076923 0.5060096153846154 0.1875 0.2920673076923077
0 0.4495192307692308 0.6262019230769231 0.09134615384615384 0.3798076923076923
0 0.07211538461538461 0.6394230769230769 0.11057692307692307 0.23317307692307693
0 0.45913461538461536 0.0673076923076923 0.16706730769230768 0.13341346153846154
0 0.1310096153846154 0.09134615384615384 0.11658653846153846 0.18269230769230768
0 0.6430288461538461 0.9050480769230769 0.13581730769230768 0.17908653846153846
0 0.5228365384615384 0.90625 0.12259615384615384 0.18269230769230768
0 0.37740384615384615 0.9182692307692307 0.16346153846153846 0.15865384615384615
0 0.7596153846153846 0.9194711538461539 0.09254807692307693 0.15384615384615385