0 0.5889423076923077 0.1658653846153846 0.1778846153846154 0.3317307692307692
0 0.13221153846153846 0.16947115384615385 0.10216346153846154 0.2920673076923077
0 0.7439903846153846 0.28125 0.15985576923076922 0.17668269230769232
0 0.040865384615384616 0.3317307692307692 0.08173076923076923 0.2512019230769231
0 0.8221153846153846 0.390625 0.08774038461538461 0.30288461538461536
0 0.03485576923076923 0.5 0.06971153846153846 0.3329326923076923
0 0.7175480769230769 0.5456730769230769 0.12740384615384615 0.19831730769230768
0 0.7644230769230769 0.7536057692307693 0.07932692307692307 0.1778846153846154
0 0.7091346153846154 0.7908653846153846 0.10096153846153846 0.19230769230769232
0 0.07692307692307693 0.8125 0.0673076923076923 0.25841346153846156
0 0.5721153846153846 0.84375 0.19831730769230768 0.1466346153846154
0 0.36778846153846156 0.8786057692307693 0.17427884615384615 0.15504807692307693
0 0.5721153846153846 0.9338942307692307 0.17307692307692307 0.1310096153846154
0 0.28846153846153844 0.9387019230769231 0.14423076923076922 0.12139423076923077
0 0.42427884615384615 0.9507211538461539 0.171875 0.09615384615384616
0 0.7776442307692307 0.09735576923076923 0.14182692307692307 0.19471153846153846
0 0.06129807692307692 0.13822115384615385 0.08413461538461539 0.2247596153846154