0 0.057692307692307696 0.20192307692307693 0.08653846153846154 0.3137019230769231
0 0.47596153846153844 0.22235576923076922 0.16947115384615385 0.28966346153846156
0 0.8028846153846154 0.4951923076923077 0.109375 0.34375
0 0.10096153846153846 0.515625 0.08052884615384616 0.28365384615384615
0 0.39783653846153844 0.5216346153846154 0.19471153846153846 0.18509615384615385
0 0.04567307692307692 0.5697115384615384 0.0829326923076923 0.2920673076923077
0 0.7175480769230769 0.6129807692307693 0.125 0.17427884615384615
0 0.35096153846153844 0.7079326923076923 0.11177884615384616 0.3173076923076923
0 0.7992788461538461 0.7704326923076923 0.08173076923076923 0.25600961538461536
0 0.47115384615384615 0.8798076923076923 0.18269230769230768 0.23557692307692307
0 0.20673076923076922 0.8894230769230769 0.1141826923076923 0.21754807692307693
0 0.3762019230769231 0.8990384615384616 0.09375 0.19951923076923078
0 0.6634615384615384 0.9002403846153846 0.15384615384615385 0.18269230769230768
0 0.31850961538461536 0.9194711538461539 0.15144230769230768 0.15865384615384615
0 0.6646634615384616 0.09735576923076923 0.1346153846153846 0.19471153846153846