0 0.08533653846153846 0.203125 0.09975961538461539 0.20793269230769232
0 0.3088942307692308 0.21754807692307693 0.11658653846153846 0.2776442307692308
0 0.2403846153846154 0.25240384615384615 0.1045673076923077 0.31850961538461536
0 0.04326923076923077 0.2920673076923077 0.08533653846153846 0.2247596153846154
0 0.08052884615384616 0.5240384615384616 0.09014423076923077 0.19591346153846154
0 0.9615384615384616 0.5576923076923077 0.06610576923076923 0.24879807692307693
0 0.0625 0.6899038461538461 0.07692307692307693 0.1658653846153846
0 0.7668269230769231 0.796875 0.1346153846153846 0.24278846153846154
0 0.38461538461538464 0.08173076923076923 0.11298076923076923 0.1622596153846154
0 0.17548076923076922 0.875 0.07572115384615384 0.15504807692307693
0 0.41586538461538464 0.9122596153846154 0.1778846153846154 0.17067307692307693
0 0.265625 0.9146634615384616 0.12259615384615384 0.1658653846153846
0 0.5661057692307693 0.9254807692307693 0.18028846153846154 0.14423076923076922
0 0.7920673076923077 0.10096153846153846 0.0733173076923077 0.20072115384615385
0 0.4987980769230769 0.12860576923076922 0.21514423076923078 0.23798076923076922