0 0.11057692307692307 0.18028846153846154 0.14543269230769232 0.14783653846153846
0 0.2800480769230769 0.2283653846153846 0.18269230769230768 0.18990384615384615
0 0.7355769230769231 0.23076923076923078 0.10216346153846154 0.31850961538461536
0 0.03365384615384615 0.24759615384615385 0.0673076923076923 0.17067307692307693
0 0.7932692307692307 0.31009615384615385 0.08173076923076923 0.35096153846153844
0 0.028846153846153848 0.3798076923076923 0.052884615384615384 0.21995192307692307
0 0.31009615384615385 0.40024038461538464 0.18028846153846154 0.2620192307692308
0 0.45072115384615385 0.5805288461538461 0.14302884615384615 0.3701923076923077
0 0.7956730769230769 0.6694711538461539 0.09735576923076923 0.27884615384615385
0 0.3233173076923077 0.6911057692307693 0.13822115384615385 0.32091346153846156
0 0.703125 0.8353365384615384 0.09375 0.1935096153846154
0 0.28365384615384615 0.8605769230769231 0.15264423076923078 0.19471153846153846
0 0.6177884615384616 0.8677884615384616 0.13701923076923078 0.17548076923076922
0 0.1502403846153846 0.9254807692307693 0.11057692307692307 0.1466346153846154
0 0.4879807692307692 0.9254807692307693 0.1778846153846154 0.14423076923076922
0 0.34615384615384615 0.9507211538461539 0.1778846153846154 0.09375
0 0.2860576923076923 0.125 0.19110576923076922 0.23918269230769232