0 0.9615384615384616 0.14423076923076922 0.07451923076923077 0.27403846153846156
0 0.1622596153846154 0.2283653846153846 0.12620192307692307 0.22115384615384615
0 0.19230769230769232 0.2548076923076923 0.11298076923076923 0.19471153846153846
0 0.27403846153846156 0.25721153846153844 0.15985576923076922 0.3088942307692308
0 0.11298076923076923 0.26802884615384615 0.08533653846153846 0.2980769230769231
0 0.09375 0.3858173076923077 0.08052884615384616 0.25841346153846156
0 0.0673076923076923 0.48677884615384615 0.10216346153846154 0.16706730769230768
0 0.04807692307692308 0.6153846153846154 0.09615384615384616 0.27524038461538464
0 0.25 0.8401442307692307 0.12379807692307693 0.21634615384615385
0 0.7367788461538461 0.859375 0.140625 0.16706730769230768
0 0.18028846153846154 0.09014423076923077 0.14783653846153846 0.15264423076923078
0 0.5673076923076923 0.9134615384615384 0.21394230769230768 0.14543269230769232
0 0.34615384615384615 0.9158653846153846 0.15745192307692307 0.1658653846153846