0 0.06610576923076923 0.2283653846153846 0.11778846153846154 0.2091346153846154
0 0.7451923076923077 0.36177884615384615 0.16105769230769232 0.1778846153846154
0 0.06850961538461539 0.3629807692307692 0.08173076923076923 0.22115384615384615
0 0.23197115384615385 0.39663461538461536 0.0829326923076923 0.25240384615384615
0 0.31490384615384615 0.47596153846153844 0.0985576923076923 0.33533653846153844
0 0.8088942307692307 0.5552884615384616 0.09254807692307693 0.25841346153846156
0 0.0733173076923077 0.6177884615384616 0.06971153846153846 0.13341346153846154
0 0.04326923076923077 0.7259615384615384 0.08533653846153846 0.2536057692307692
0 0.5348557692307693 0.7572115384615384 0.14182692307692307 0.2608173076923077
0 0.7788461538461539 0.7740384615384616 0.0829326923076923 0.22355769230769232
0 0.44591346153846156 0.8245192307692307 0.06490384615384616 0.25600961538461536
0 0.32211538461538464 0.8341346153846154 0.15985576923076922 0.13581730769230768
0 0.7043269230769231 0.8665865384615384 0.11057692307692307 0.17307692307692307
0 0.3004807692307692 0.9507211538461539 0.125 0.09375