0 0.7644230769230769 0.15144230769230768 0.038461538461538464 0.30288461538461536
0 0.7283653846153846 0.15625 0.052884615384615384 0.3125
0 0.036057692307692304 0.19110576923076922 0.07091346153846154 0.19591346153846154
0 0.6514423076923077 0.2536057692307692 0.14182692307692307 0.33533653846153844
0 0.8052884615384616 0.3233173076923077 0.07091346153846154 0.3293269230769231
0 0.0829326923076923 0.46634615384615385 0.08173076923076923 0.18629807692307693
0 0.06610576923076923 0.5612980769230769 0.09975961538461539 0.1310096153846154
0 0.7560096153846154 0.5685096153846154 0.1502403846153846 0.23076923076923078
0 0.7728365384615384 0.7115384615384616 0.11658653846153846 0.265625
0 0.6286057692307693 0.7235576923076923 0.1141826923076923 0.20552884615384615
0 0.5168269230769231 0.7283653846153846 0.12139423076923077 0.2091346153846154
0 0.6983173076923077 0.7463942307692307 0.16346153846153846 0.21033653846153846
0 0.31490384615384615 0.7572115384615384 0.14423076923076922 0.24639423076923078
0 0.8004807692307693 0.7980769230769231 0.057692307692307696 0.30528846153846156
0 0.37740384615384615 0.8088942307692307 0.1778846153846154 0.18990384615384615
0 0.2403846153846154 0.8377403846153846 0.11658653846153846 0.12259615384615384
0 0.10336538461538461 0.8401442307692307 0.1045673076923077 0.16947115384615385
0 0.6526442307692307 0.8473557692307693 0.15625 0.1141826923076923
0 0.5625 0.8846153846153846 0.13221153846153846 0.15384615384615385
0 0.25600961538461536 0.9038461538461539 0.13221153846153846 0.10817307692307693
0 0.6971153846153846 0.90625 0.17668269230769232 0.13701923076923078
0 0.39302884615384615 0.9387019230769231 0.14903846153846154 0.12139423076923077
0 0.23798076923076922 0.9591346153846154 0.15144230769230768 0.08052884615384616
0 0.0985576923076923 0.10216346153846154 0.08653846153846154 0.18509615384615385
0 0.6826923076923077 0.10697115384615384 0.07692307692307693 0.21394230769230768