0 0.21875 0.171875 0.11298076923076923 0.22355769230769232
0 0.11177884615384616 0.2764423076923077 0.05889423076923077 0.2704326923076923
0 0.6682692307692307 0.28725961538461536 0.11658653846153846 0.29927884615384615
0 0.040865384615384616 0.32091346153846156 0.08052884615384616 0.24759615384615385
0 0.1778846153846154 0.43990384615384615 0.15865384615384615 0.20793269230769232
0 0.08173076923076923 0.5012019230769231 0.06850961538461539 0.23317307692307693
0 0.04927884615384615 0.6213942307692307 0.078125 0.21033653846153846
0 0.2608173076923077 0.08052884615384616 0.0985576923076923 0.16105769230769232
0 0.3329326923076923 0.8449519230769231 0.14903846153846154 0.17908653846153846
0 0.24278846153846154 0.8617788461538461 0.07692307692307693 0.24639423076923078
0 0.34134615384615385 0.9387019230769231 0.1622596153846154 0.12139423076923077
0 0.203125 0.9495192307692307 0.11298076923076923 0.09615384615384616
0 0.0673076923076923 0.12980769230769232 0.07091346153846154 0.2403846153846154