0 0.09615384615384616 0.20673076923076922 0.109375 0.21875
0 0.3173076923076923 0.23076923076923078 0.14182692307692307 0.31971153846153844
0 0.24639423076923078 0.24278846153846154 0.109375 0.36899038461538464
0 0.06009615384615385 0.28725961538461536 0.08533653846153846 0.25600961538461536
0 0.04927884615384615 0.49278846153846156 0.06971153846153846 0.29927884615384615
0 0.09134615384615384 0.515625 0.07572115384615384 0.234375
0 0.9567307692307693 0.5300480769230769 0.054086538461538464 0.24519230769230768
0 0.4098557692307692 0.055288461538461536 0.0889423076923077 0.10817307692307693
0 0.055288461538461536 0.6610576923076923 0.09495192307692307 0.25721153846153844
0 0.7620192307692307 0.78125 0.12620192307692307 0.2548076923076923
0 0.08533653846153846 0.8629807692307693 0.06850961538461539 0.18028846153846154
0 0.18509615384615385 0.8990384615384616 0.07692307692307693 0.18629807692307693
0 0.2704326923076923 0.9110576923076923 0.1346153846153846 0.17548076923076922
0 0.41466346153846156 0.9122596153846154 0.16105769230769232 0.17067307692307693
0 0.5576923076923077 0.9206730769230769 0.18870192307692307 0.1346153846153846
0 0.15264423076923078 0.9278846153846154 0.06971153846153846 0.13942307692307693
0 0.15144230769230768 0.10697115384615384 0.06610576923076923 0.20072115384615385
0 0.10697115384615384 0.11057692307692307 0.07091346153846154 0.2127403846153846
0 0.44471153846153844 0.11778846153846154 0.19110576923076922 0.234375