0 0.6911057692307693 0.20072115384615385 0.12860576923076922 0.4014423076923077
0 0.08533653846153846 0.2403846153846154 0.08413461538461539 0.34615384615384615
0 0.41466346153846156 0.31850961538461536 0.12620192307692307 0.4050480769230769
0 0.19471153846153846 0.34375 0.10216346153846154 0.3870192307692308
0 0.7079326923076923 0.4026442307692308 0.19471153846153846 0.19471153846153846
0 0.3401442307692308 0.4879807692307692 0.18028846153846154 0.36538461538461536
0 0.9555288461538461 0.5961538461538461 0.08774038461538461 0.3112980769230769
0 0.7848557692307693 0.7247596153846154 0.0733173076923077 0.2860576923076923
0 0.054086538461538464 0.78125 0.0673076923076923 0.25240384615384615
0 0.7367788461538461 0.8257211538461539 0.08173076923076923 0.265625
0 0.3954326923076923 0.9038461538461539 0.1502403846153846 0.18990384615384615
0 0.5408653846153846 0.9074519230769231 0.13942307692307693 0.18389423076923078
0 0.3245192307692308 0.9387019230769231 0.1658653846153846 0.12139423076923077