0 0.07091346153846154 0.1466346153846154 0.0625 0.28846153846153844
0 0.2247596153846154 0.1778846153846154 0.11298076923076923 0.3557692307692308
0 0.41586538461538464 0.25961538461538464 0.17427884615384615 0.3762019230769231
0 0.7355769230769231 0.39783653846153844 0.0985576923076923 0.31850961538461536
0 0.06610576923076923 0.4170673076923077 0.10817307692307693 0.2668269230769231
0 0.7980769230769231 0.4963942307692308 0.08052884615384616 0.2932692307692308
0 0.44711538461538464 0.6862980769230769 0.17067307692307693 0.2091346153846154
0 0.078125 0.7451923076923077 0.08173076923076923 0.22115384615384615
0 0.75 0.7620192307692307 0.08413461538461539 0.24278846153846154
0 0.8052884615384616 0.7752403846153846 0.08774038461538461 0.28125
0 0.2800480769230769 0.7836538461538461 0.171875 0.18028846153846154
0 0.7644230769230769 0.08653846153846154 0.1310096153846154 0.171875
0 0.6790865384615384 0.8966346153846154 0.15384615384615385 0.20552884615384615
0 0.3269230769230769 0.9242788461538461 0.14302884615384615 0.1502403846153846
0 0.21754807692307693 0.9254807692307693 0.0985576923076923 0.14423076923076922
0 0.1466346153846154 0.1045673076923077 0.06971153846153846 0.1622596153846154