0 0.35697115384615385 0.16466346153846154 0.1778846153846154 0.22596153846153846
0 0.21754807692307693 0.18629807692307693 0.171875 0.17307692307692307
0 0.7451923076923077 0.1971153846153846 0.13701923076923078 0.3545673076923077
0 0.0673076923076923 0.2824519230769231 0.109375 0.2403846153846154
0 0.31009615384615385 0.38822115384615385 0.1502403846153846 0.38341346153846156
0 0.14423076923076922 0.4266826923076923 0.09975961538461539 0.3125
0 0.7944711538461539 0.5120192307692307 0.09495192307692307 0.3112980769230769
0 0.04927884615384615 0.546875 0.09735576923076923 0.2764423076923077
0 0.47596153846153844 0.057692307692307696 0.10576923076923077 0.11538461538461539
0 0.7836538461538461 0.7932692307692307 0.078125 0.22716346153846154
0 0.34975961538461536 0.7992788461538461 0.16706730769230768 0.2668269230769231
0 0.7007211538461539 0.8137019230769231 0.1658653846153846 0.12980769230769232
0 0.4987980769230769 0.8629807692307693 0.13221153846153846 0.2692307692307692
0 0.18269230769230768 0.8689903846153846 0.16466346153846154 0.10817307692307693
0 0.4110576923076923 0.8725961538461539 0.14783653846153846 0.13701923076923078
0 0.6826923076923077 0.8954326923076923 0.16826923076923078 0.09975961538461539
0 0.5889423076923077 0.9098557692307693 0.16105769230769232 0.14903846153846154
0 0.18269230769230768 0.9435096153846154 0.15745192307692307 0.10576923076923077
0 0.43149038461538464 0.9555288461538461 0.16706730769230768 0.08774038461538461