0 0.7668269230769231 0.13942307692307693 0.140625 0.2776442307692308
0 0.5132211538461539 0.15865384615384615 0.18629807692307693 0.3112980769230769
0 0.6274038461538461 0.203125 0.10336538461538461 0.2980769230769231
0 0.7403846153846154 0.2127403846153846 0.13942307692307693 0.27884615384615385
0 0.06009615384615385 0.2283653846153846 0.08173076923076923 0.28365384615384615
0 0.10216346153846154 0.30288461538461536 0.1045673076923077 0.32091346153846156
0 0.6983173076923077 0.30288461538461536 0.09735576923076923 0.3389423076923077
0 0.2512019230769231 0.39302884615384615 0.1310096153846154 0.34375
0 0.13581730769230768 0.4014423076923077 0.09735576923076923 0.34375
0 0.8016826923076923 0.4579326923076923 0.08533653846153846 0.3004807692307692
0 0.3473557692307692 0.4639423076923077 0.11538461538461539 0.36778846153846156
0 0.057692307692307696 0.5048076923076923 0.09735576923076923 0.2620192307692308
0 0.7079326923076923 0.6538461538461539 0.13822115384615385 0.19110576923076922
0 0.7932692307692307 0.765625 0.078125 0.265625
0 0.5396634615384616 0.8389423076923077 0.08413461538461539 0.28365384615384615
0 0.43509615384615385 0.890625 0.17548076923076922 0.13701923076923078
0 0.6706730769230769 0.9134615384615384 0.1466346153846154 0.13581730769230768
0 0.20192307692307693 0.9242788461538461 0.13701923076923078 0.10216346153846154
0 0.3233173076923077 0.9495192307692307 0.17067307692307693 0.09615384615384616