0 0.5360576923076923 0.19230769230769232 0.17908653846153846 0.23918269230769232
0 0.09014423076923077 0.21033653846153846 0.10576923076923077 0.28365384615384615
0 0.06610576923076923 0.32211538461538464 0.0829326923076923 0.23197115384615385
0 0.796875 0.41346153846153844 0.11658653846153846 0.3581730769230769
0 0.051682692307692304 0.5865384615384616 0.10216346153846154 0.25961538461538464
0 0.31490384615384615 0.6682692307692307 0.13822115384615385 0.3112980769230769
0 0.7668269230769231 0.07091346153846154 0.0829326923076923 0.14182692307692307
0 0.8004807692307693 0.7163461538461539 0.09375 0.3076923076923077
0 0.31490384615384615 0.8557692307692307 0.15865384615384615 0.140625
0 0.7139423076923077 0.8930288461538461 0.12860576923076922 0.16947115384615385
0 0.2127403846153846 0.9014423076923077 0.10216346153846154 0.19591346153846154
0 0.11899038461538461 0.09495192307692307 0.0889423076923077 0.18990384615384615
0 0.35096153846153844 0.9543269230769231 0.17548076923076922 0.0889423076923077