0 0.7307692307692307 0.2439903846153846 0.11538461538461539 0.15865384615384615
0 0.057692307692307696 0.25841346153846156 0.09975961538461539 0.24759615384615385
0 0.8028846153846154 0.44591346153846156 0.0889423076923077 0.31009615384615385
0 0.2800480769230769 0.46153846153846156 0.14543269230769232 0.3076923076923077
0 0.11899038461538461 0.484375 0.09495192307692307 0.2704326923076923
0 0.703125 0.5024038461538461 0.12259615384615384 0.3269230769230769
0 0.05048076923076923 0.5805288461538461 0.09975961538461539 0.26802884615384615
0 0.6790865384615384 0.7055288461538461 0.08774038461538461 0.2956730769230769
0 0.7608173076923077 0.7415865384615384 0.0733173076923077 0.32572115384615385
0 0.29086538461538464 0.7584134615384616 0.15144230769230768 0.18028846153846154
0 0.796875 0.78125 0.07451923076923077 0.265625
0 0.2548076923076923 0.875 0.16346153846153846 0.10576923076923077
0 0.1045673076923077 0.8810096153846154 0.08413461538461539 0.23677884615384615
0 0.6322115384615384 0.890625 0.16105769230769232 0.17908653846153846
0 0.40625 0.9182692307692307 0.16346153846153846 0.15865384615384615
0 0.1971153846153846 0.9338942307692307 0.11057692307692307 0.12740384615384615
0 0.7487980769230769 0.11177884615384616 0.15985576923076922 0.1778846153846154