0 0.7908653846153846 0.140625 0.08533653846153846 0.28125
0 0.14783653846153846 0.14302884615384615 0.11177884615384616 0.2704326923076923
0 0.5841346153846154 0.15144230769230768 0.09735576923076923 0.30288461538461536
0 0.7235576923076923 0.19110576923076922 0.08173076923076923 0.3762019230769231
0 0.6478365384615384 0.1971153846153846 0.09134615384615384 0.296875
0 0.054086538461538464 0.21394230769230768 0.08413461538461539 0.18269230769230768
0 0.43990384615384615 0.3161057692307692 0.1346153846153846 0.33052884615384615
0 0.6959134615384616 0.32572115384615385 0.07211538461538461 0.3112980769230769
0 0.22115384615384615 0.3329326923076923 0.10216346153846154 0.3641826923076923
0 0.796875 0.40865384615384615 0.09134615384615384 0.27524038461538464
0 0.04326923076923077 0.5516826923076923 0.06971153846153846 0.2548076923076923
0 0.7992788461538461 0.6742788461538461 0.06971153846153846 0.3425480769230769
0 0.44471153846153844 0.8137019230769231 0.18028846153846154 0.23197115384615385
0 0.2764423076923077 0.8521634615384616 0.11778846153846154 0.2536057692307692
0 0.6754807692307693 0.8858173076923077 0.1778846153846154 0.17307692307692307
0 0.453125 0.9122596153846154 0.15384615384615385 0.13221153846153846
0 0.20552884615384615 0.9170673076923077 0.10096153846153846 0.14182692307692307
0 0.7524038461538461 0.9170673076923077 0.11298076923076923 0.1622596153846154
0 0.5588942307692307 0.9254807692307693 0.17548076923076922 0.14543269230769232