0 0.5204326923076923 0.16346153846153846 0.16466346153846154 0.2932692307692308
0 0.06490384615384616 0.23677884615384615 0.10576923076923077 0.28846153846153844
0 0.6790865384615384 0.27283653846153844 0.13822115384615385 0.3389423076923077
0 0.10697115384615384 0.29086538461538464 0.09975961538461539 0.2860576923076923
0 0.7524038461538461 0.32572115384615385 0.09254807692307693 0.31971153846153844
0 0.27403846153846156 0.38221153846153844 0.15144230769230768 0.33052884615384615
0 0.796875 0.43028846153846156 0.09975961538461539 0.3088942307692308
0 0.06009615384615385 0.49158653846153844 0.1201923076923077 0.27884615384615385
0 0.04326923076923077 0.6213942307692307 0.08533653846153846 0.24519230769230768
0 0.78125 0.7608173076923077 0.09134615384615384 0.2536057692307692
0 0.5685096153846154 0.8257211538461539 0.11899038461538461 0.2439903846153846
0 0.6610576923076923 0.9002403846153846 0.16466346153846154 0.15625
0 0.25961538461538464 0.9074519230769231 0.14543269230769232 0.14302884615384615
0 0.34975961538461536 0.9375 0.15625 0.1201923076923077
0 0.7704326923076923 0.1346153846153846 0.14783653846153846 0.26802884615384615