0 0.14783653846153846 0.14302884615384615 0.11177884615384616 0.26802884615384615
0 0.09254807692307693 0.2127403846153846 0.078125 0.2620192307692308
0 0.04807692307692308 0.27403846153846156 0.07211538461538461 0.23798076923076922
0 0.8004807692307693 0.29447115384615385 0.0829326923076923 0.3269230769230769
0 0.03245192307692308 0.36177884615384615 0.06490384615384616 0.24759615384615385
0 0.7043269230769231 0.4230769230769231 0.10576923076923077 0.30649038461538464
0 0.14903846153846154 0.453125 0.15625 0.15264423076923078
0 0.75 0.609375 0.09975961538461539 0.28966346153846156
0 0.7956730769230769 0.7103365384615384 0.0673076923076923 0.23557692307692307
0 0.05889423076923077 0.7223557692307693 0.08052884615384616 0.23076923076923078
0 0.7487980769230769 0.8137019230769231 0.09375 0.16346153846153846
0 0.6911057692307693 0.8257211538461539 0.09134615384615384 0.23076923076923078
0 0.5685096153846154 0.8461538461538461 0.15625 0.2091346153846154
0 0.30649038461538464 0.9338942307692307 0.15144230769230768 0.12740384615384615
0 0.6911057692307693 0.12139423076923077 0.0889423076923077 0.24278846153846154
0 0.7704326923076923 0.12860576923076922 0.10576923076923077 0.23798076923076922