0 0.6923076923076923 0.20793269230769232 0.125 0.2920673076923077
0 0.04927884615384615 0.21634615384615385 0.09735576923076923 0.19110576923076922
0 0.6550480769230769 0.2704326923076923 0.11778846153846154 0.3137019230769231
0 0.7632211538461539 0.29927884615384615 0.06490384615384616 0.3161057692307692
0 0.8185096153846154 0.3269230769230769 0.05048076923076923 0.30288461538461536
0 0.056490384615384616 0.375 0.11298076923076923 0.21754807692307693
0 0.07572115384615384 0.5372596153846154 0.15144230769230768 0.2860576923076923
0 0.7439903846153846 0.5576923076923077 0.14302884615384615 0.1935096153846154
0 0.7824519230769231 0.6947115384615384 0.10576923076923077 0.3076923076923077
0 0.6213942307692307 0.7007211538461539 0.140625 0.13341346153846154
0 0.7007211538461539 0.7199519230769231 0.12980769230769232 0.17067307692307693
0 0.4266826923076923 0.7463942307692307 0.16947115384615385 0.27403846153846156
0 0.6334134615384616 0.8004807692307693 0.18389423076923078 0.18509615384615385
0 0.8004807692307693 0.8064903846153846 0.09975961538461539 0.2608173076923077
0 0.5456730769230769 0.8329326923076923 0.11298076923076923 0.18870192307692307
0 0.2512019230769231 0.8581730769230769 0.09375 0.25961538461538464
0 0.8125 0.08653846153846154 0.06971153846153846 0.17307692307692307
0 0.2920673076923077 0.8990384615384616 0.109375 0.15384615384615385
0 0.36538461538461536 0.9038461538461539 0.11899038461538461 0.19110576923076922
0 0.6875 0.9134615384615384 0.18990384615384615 0.14302884615384615
0 0.22235576923076922 0.9194711538461539 0.12740384615384615 0.15625
0 0.46274038461538464 0.9435096153846154 0.15625 0.10817307692307693
0 0.7512019230769231 0.12980769230769232 0.11899038461538461 0.25841346153846156