0 0.15144230769230768 0.18870192307692307 0.11298076923076923 0.2776442307692308
0 0.09615384615384616 0.21394230769230768 0.08774038461538461 0.25600961538461536
0 0.7115384615384616 0.2439903846153846 0.0985576923076923 0.3701923076923077
0 0.78125 0.28125 0.09134615384615384 0.3629807692307692
0 0.05048076923076923 0.3798076923076923 0.0625 0.3088942307692308
0 0.23798076923076922 0.38100961538461536 0.078125 0.2932692307692308
0 0.43509615384615385 0.6213942307692307 0.1502403846153846 0.18269230769230768
0 0.40625 0.6538461538461539 0.19110576923076922 0.15384615384615385
0 0.06009615384615385 0.6646634615384616 0.07211538461538461 0.28725961538461536
0 0.7884615384615384 0.6875 0.07451923076923077 0.2668269230769231
0 0.7271634615384616 0.8713942307692307 0.16105769230769232 0.14543269230769232
0 0.36658653846153844 0.8774038461538461 0.14783653846153846 0.24158653846153846
0 0.15144230769230768 0.8894230769230769 0.1658653846153846 0.18990384615384615
0 0.2980769230769231 0.921875 0.15865384615384615 0.15144230769230768