0 0.7608173076923077 0.2439903846153846 0.17548076923076922 0.16346153846153846
0 0.07692307692307693 0.27283653846153844 0.125 0.3112980769230769
0 0.7752403846153846 0.4026442307692308 0.12259615384615384 0.3557692307692308
0 0.703125 0.4495192307692308 0.12259615384615384 0.3401442307692308
0 0.2956730769230769 0.47716346153846156 0.15985576923076922 0.2980769230769231
0 0.11658653846153846 0.5276442307692307 0.09014423076923077 0.29447115384615385
0 0.056490384615384616 0.5961538461538461 0.09134615384615384 0.25600961538461536
0 0.6887019230769231 0.6237980769230769 0.10697115384615384 0.2283653846153846
0 0.8209134615384616 0.6682692307692307 0.0733173076923077 0.26322115384615385
0 0.3245192307692308 0.734375 0.14783653846153846 0.2283653846153846
0 0.7668269230769231 0.7451923076923077 0.07572115384615384 0.2439903846153846
0 0.24519230769230768 0.8641826923076923 0.13701923076923078 0.140625
0 0.4014423076923077 0.9122596153846154 0.14903846153846154 0.17067307692307693
0 0.6370192307692307 0.9194711538461539 0.19230769230769232 0.15625
0 0.20673076923076922 0.9314903846153846 0.11778846153846154 0.09375
0 0.7536057692307693 0.11538461538461539 0.16826923076923078 0.20432692307692307