0 0.16466346153846154 0.16466346153846154 0.13221153846153846 0.3173076923076923
0 0.08774038461538461 0.20192307692307693 0.07211538461538461 0.25240384615384615
0 0.7247596153846154 0.2247596153846154 0.13221153846153846 0.34615384615384615
0 0.8016826923076923 0.3161057692307692 0.08653846153846154 0.4326923076923077
0 0.06129807692307692 0.32572115384615385 0.09014423076923077 0.2091346153846154
0 0.30288461538461536 0.47836538461538464 0.12740384615384615 0.3004807692307692
0 0.06009615384615385 0.6442307692307693 0.09495192307692307 0.25600961538461536
0 0.40865384615384615 0.6634615384615384 0.20793269230769232 0.22596153846153846
0 0.7896634615384616 0.6754807692307693 0.09735576923076923 0.2824519230769231
0 0.6117788461538461 0.8473557692307693 0.13341346153846154 0.21875
0 0.7415865384615384 0.8737980769230769 0.13701923076923078 0.11778846153846154
0 0.35216346153846156 0.9026442307692307 0.15625 0.18990384615384615
0 0.2824519230769231 0.9615384615384616 0.13221153846153846 0.07211538461538461