0 0.8040865384615384 0.27524038461538464 0.11177884615384616 0.3389423076923077
0 0.7475961538461539 0.3161057692307692 0.14903846153846154 0.375
0 0.32091346153846156 0.5 0.1045673076923077 0.34615384615384615
0 0.06971153846153846 0.5108173076923077 0.11538461538461539 0.23798076923076922
0 0.7463942307692307 0.5228365384615384 0.09134615384615384 0.3076923076923077
0 0.6838942307692307 0.59375 0.109375 0.3485576923076923
0 0.8016826923076923 0.5985576923076923 0.1346153846153846 0.265625
0 0.06610576923076923 0.7355769230769231 0.07692307692307693 0.2704326923076923
0 0.31850961538461536 0.7608173076923077 0.203125 0.16346153846153846
0 0.7752403846153846 0.7632211538461539 0.10697115384615384 0.19591346153846154
0 0.6814903846153846 0.7704326923076923 0.14182692307692307 0.23798076923076922
0 0.08533653846153846 0.08653846153846154 0.17067307692307693 0.17307692307692307
0 0.5817307692307693 0.8810096153846154 0.19831730769230768 0.16346153846153846
0 0.19831730769230768 0.9242788461538461 0.12980769230769232 0.14903846153846154
0 0.4050480769230769 0.9242788461538461 0.16826923076923078 0.14903846153846154