0 0.7019230769230769 0.23918269230769232 0.16706730769230768 0.2439903846153846
0 0.625 0.2800480769230769 0.1622596153846154 0.3269230769230769
0 0.39302884615384615 0.34375 0.15264423076923078 0.28725961538461536
0 0.3112980769230769 0.36538461538461536 0.12139423076923077 0.34375
0 0.7271634615384616 0.48197115384615385 0.08653846153846154 0.3762019230769231
0 0.11298076923076923 0.49038461538461536 0.06370192307692307 0.12139423076923077
0 0.7800480769230769 0.5048076923076923 0.0829326923076923 0.39302884615384615
0 0.03485576923076923 0.5985576923076923 0.06009615384615385 0.21875
0 0.4675480769230769 0.6057692307692307 0.14423076923076922 0.19951923076923078
0 0.07932692307692307 0.6454326923076923 0.078125 0.2644230769230769
0 0.6514423076923077 0.7331730769230769 0.12139423076923077 0.14302884615384615
0 0.7572115384615384 0.7536057692307693 0.06850961538461539 0.1622596153846154
0 0.5408653846153846 0.7704326923076923 0.20552884615384615 0.14783653846153846
0 0.7079326923076923 0.8497596153846154 0.12259615384615384 0.11778846153846154
0 0.4375 0.8569711538461539 0.07692307692307693 0.28125
0 0.3701923076923077 0.8605769230769231 0.08413461538461539 0.19471153846153846
0 0.6382211538461539 0.8894230769230769 0.10216346153846154 0.16346153846153846
0 0.4951923076923077 0.9074519230769231 0.09375 0.18389423076923078
0 0.5564903846153846 0.9435096153846154 0.11177884615384616 0.11177884615384616
0 0.24519230769230768 0.9471153846153846 0.12980769230769232 0.10096153846153846
0 0.6322115384615384 0.109375 0.1778846153846154 0.15985576923076922
0 0.734375 0.12980769230769232 0.14302884615384615 0.25841346153846156