0 0.7403846153846154 0.18269230769230768 0.13942307692307693 0.25721153846153844
0 0.796875 0.39903846153846156 0.1310096153846154 0.3076923076923077
0 0.2668269230769231 0.4170673076923077 0.12740384615384615 0.28846153846153844
0 0.08774038461538461 0.48677884615384615 0.12860576923076922 0.1778846153846154
0 0.7055288461538461 0.5817307692307693 0.14783653846153846 0.234375
0 0.7920673076923077 0.6935096153846154 0.11177884615384616 0.27283653846153844
0 0.6466346153846154 0.7920673076923077 0.12740384615384615 0.12740384615384615
0 0.7668269230769231 0.8341346153846154 0.10336538461538461 0.24639423076923078
0 0.5 0.8930288461538461 0.1658653846153846 0.2127403846153846
0 0.6838942307692307 0.9002403846153846 0.15865384615384615 0.12860576923076922
0 0.24519230769230768 0.9086538461538461 0.09975961538461539 0.17307692307692307
0 0.34375 0.9411057692307693 0.13942307692307693 0.11298076923076923