0 0.49278846153846156 0.15144230769230768 0.2127403846153846 0.2776442307692308
0 0.046875 0.32211538461538464 0.09375 0.23918269230769232
0 0.21153846153846154 0.35096153846153844 0.13341346153846154 0.24879807692307693
0 0.7199519230769231 0.4050480769230769 0.1658653846153846 0.20192307692307693
0 0.2848557692307692 0.45552884615384615 0.15625 0.27524038461538464
0 0.027644230769230768 0.5060096153846154 0.055288461538461536 0.24759615384615385
0 0.7632211538461539 0.7608173076923077 0.08173076923076923 0.21875
0 0.6298076923076923 0.8125 0.09615384615384616 0.2764423076923077
0 0.15745192307692307 0.9170673076923077 0.14182692307692307 0.1622596153846154
0 0.41466346153846156 0.9266826923076923 0.18629807692307693 0.14423076923076922
0 0.3245192307692308 0.9543269230769231 0.1310096153846154 0.0889423076923077
0 0.19110576923076922 0.12620192307692307 0.15625 0.17307692307692307