0 0.14903846153846154 0.2127403846153846 0.17067307692307693 0.15745192307692307
0 0.28365384615384615 0.24278846153846154 0.16346153846153846 0.27884615384615385
0 0.09254807692307693 0.25841346153846156 0.08173076923076923 0.28846153846153844
0 0.07932692307692307 0.36538461538461536 0.10576923076923077 0.24639423076923078
0 0.08173076923076923 0.5036057692307693 0.11177884615384616 0.18269230769230768
0 0.7596153846153846 0.5769230769230769 0.09615384615384616 0.3858173076923077
0 0.05048076923076923 0.6165865384615384 0.10096153846153846 0.3557692307692308
0 0.054086538461538464 0.06610576923076923 0.052884615384615384 0.1310096153846154
0 0.2536057692307692 0.8173076923076923 0.12740384615384615 0.25600961538461536
0 0.08533653846153846 0.8569711538461539 0.08413461538461539 0.28125
0 0.7596153846153846 0.8641826923076923 0.12259615384615384 0.23197115384615385
0 0.5697115384615384 0.9254807692307693 0.25961538461538464 0.14423076923076922
0 0.203125 0.09495192307692307 0.1778846153846154 0.11538461538461539
0 0.28725961538461536 0.9615384615384616 0.1466346153846154 0.07211538461538461
0 0.38822115384615385 0.10817307692307693 0.10817307692307693 0.21634615384615385
0 0.7884615384615384 0.11057692307692307 0.15865384615384615 0.22115384615384615
0 0.9567307692307693 0.13221153846153846 0.08533653846153846 0.2644230769230769