0 0.7355769230769231 0.140625 0.11057692307692307 0.2692307692307692
0 0.953125 0.14783653846153846 0.09254807692307693 0.265625
0 0.040865384615384616 0.23918269230769232 0.08173076923076923 0.34975961538461536
0 0.7055288461538461 0.328125 0.16466346153846154 0.18028846153846154
0 0.04807692307692308 0.359375 0.07932692307692307 0.3401442307692308
0 0.19831730769230768 0.3737980769230769 0.0985576923076923 0.30649038461538464
0 0.7944711538461539 0.42908653846153844 0.09254807692307693 0.359375
0 0.7007211538461539 0.4807692307692308 0.15865384615384615 0.29086538461538464
0 0.4411057692307692 0.5841346153846154 0.10336538461538461 0.3641826923076923
0 0.046875 0.6129807692307693 0.08533653846153846 0.24158653846153846
0 0.9615384615384616 0.6237980769230769 0.07451923076923077 0.3016826923076923
0 0.25240384615384615 0.0673076923076923 0.14543269230769232 0.13341346153846154
0 0.6634615384615384 0.6826923076923077 0.10216346153846154 0.23557692307692307
0 0.7716346153846154 0.8257211538461539 0.15865384615384615 0.18028846153846154
0 0.5685096153846154 0.8473557692307693 0.16706730769230768 0.15504807692307693
0 0.28966346153846156 0.8569711538461539 0.10817307692307693 0.28125
0 0.3701923076923077 0.8653846153846154 0.07572115384615384 0.26802884615384615
0 0.08653846153846154 0.8665865384615384 0.08653846153846154 0.2283653846153846
0 0.5985576923076923 0.9314903846153846 0.16947115384615385 0.11658653846153846
0 0.4675480769230769 0.9495192307692307 0.1466346153846154 0.09615384615384616
0 0.8016826923076923 0.12620192307692307 0.078125 0.25240384615384615