0 0.07932692307692307 0.21995192307692307 0.07572115384615384 0.3173076923076923
0 0.22956730769230768 0.2283653846153846 0.109375 0.3701923076923077
0 0.3942307692307692 0.27163461538461536 0.18509615384615385 0.16947115384615385
0 0.2860576923076923 0.27283653846153844 0.10096153846153846 0.31850961538461536
0 0.054086538461538464 0.4735576923076923 0.07451923076923077 0.24759615384615385
0 0.7788461538461539 0.6129807692307693 0.08052884615384616 0.31850961538461536
0 0.6622596153846154 0.06490384615384616 0.2127403846153846 0.11057692307692307
0 0.051682692307692304 0.6442307692307693 0.055288461538461536 0.2283653846153846
0 0.7608173076923077 0.8100961538461539 0.12139423076923077 0.22596153846153846
0 0.23076923076923078 0.8100961538461539 0.08052884615384616 0.20673076923076922
0 0.37740384615384615 0.09134615384615384 0.17668269230769232 0.1778846153846154
0 0.5456730769230769 0.9098557692307693 0.15384615384615385 0.17548076923076922
0 0.4170673076923077 0.9242788461538461 0.15264423076923078 0.1502403846153846
0 0.2800480769230769 0.9278846153846154 0.140625 0.14302884615384615