0 0.038461538461538464 0.16947115384615385 0.07692307692307693 0.22355769230769232
0 0.1141826923076923 0.2091346153846154 0.11298076923076923 0.32211538461538464
0 0.15985576923076922 0.37259615384615385 0.1201923076923077 0.28966346153846156
0 0.7848557692307693 0.3942307692307692 0.12740384615384615 0.2980769230769231
0 0.038461538461538464 0.4206730769230769 0.07091346153846154 0.2956730769230769
0 0.765625 0.49759615384615385 0.125 0.3233173076923077
0 0.7163461538461539 0.5240384615384616 0.14783653846153846 0.25961538461538464
0 0.078125 0.5396634615384616 0.06850961538461539 0.24759615384615385
0 0.6911057692307693 0.5949519230769231 0.1045673076923077 0.15144230769230768
0 0.7824519230769231 0.0625 0.09014423076923077 0.125
0 0.06490384615384616 0.7211538461538461 0.06610576923076923 0.2704326923076923
0 0.6658653846153846 0.7319711538461539 0.17668269230769232 0.16826923076923078
0 0.5252403846153846 0.7680288461538461 0.1658653846153846 0.26802884615384615
0 0.796875 0.7860576923076923 0.06971153846153846 0.27403846153846156
0 0.7548076923076923 0.8064903846153846 0.04807692307692308 0.21875
0 0.43149038461538464 0.859375 0.0889423076923077 0.2764423076923077
0 0.3088942307692308 0.8713942307692307 0.14302884615384615 0.1814903846153846
0 0.6754807692307693 0.875 0.1466346153846154 0.15504807692307693
0 0.203125 0.8954326923076923 0.10697115384615384 0.18870192307692307