0 0.06610576923076923 0.1658653846153846 0.1310096153846154 0.2283653846153846
0 0.7223557692307693 0.18509615384615385 0.1346153846153846 0.36538461538461536
0 0.7824519230769231 0.23557692307692307 0.08173076923076923 0.3425480769230769
0 0.18269230769230768 0.36778846153846156 0.10697115384615384 0.32211538461538464
0 0.04326923076923077 0.43028846153846156 0.08653846153846154 0.3076923076923077
0 0.7776442307692307 0.5264423076923077 0.08052884615384616 0.2980769230769231
0 0.38822115384615385 0.5588942307692307 0.20552884615384615 0.19591346153846154
0 0.0829326923076923 0.5769230769230769 0.125 0.13581730769230768
0 0.8088942307692307 0.7692307692307693 0.05889423076923077 0.2704326923076923
0 0.7463942307692307 0.7764423076923077 0.10697115384615384 0.2776442307692308
0 0.5901442307692307 0.8197115384615384 0.1622596153846154 0.1778846153846154
0 0.30408653846153844 0.8365384615384616 0.13822115384615385 0.1622596153846154
0 0.1141826923076923 0.8521634615384616 0.10576923076923077 0.25600961538461536
0 0.78125 0.09014423076923077 0.09975961538461539 0.18028846153846154
0 0.20793269230769232 0.8942307692307693 0.10096153846153846 0.1310096153846154
0 0.6346153846153846 0.9146634615384616 0.1658653846153846 0.15865384615384615
0 0.3125 0.9314903846153846 0.11538461538461539 0.13221153846153846
0 0.47716346153846156 0.9375 0.18990384615384615 0.1201923076923077