0 0.7536057692307693 0.14783653846153846 0.12980769230769232 0.26322115384615385
0 0.6947115384615384 0.25600961538461536 0.1466346153846154 0.20072115384615385
0 0.39783653846153844 0.3016826923076923 0.14543269230769232 0.3076923076923077
0 0.6322115384615384 0.3137019230769231 0.1310096153846154 0.2608173076923077
0 0.30649038461538464 0.3605769230769231 0.1201923076923077 0.2920673076923077
0 0.7235576923076923 0.5012019230769231 0.07091346153846154 0.30288461538461536
0 0.7788461538461539 0.5228365384615384 0.036057692307692304 0.29086538461538464
0 0.8173076923076923 0.5661057692307693 0.054086538461538464 0.23798076923076922
0 0.4735576923076923 0.5925480769230769 0.14903846153846154 0.18028846153846154
0 0.052884615384615384 0.5961538461538461 0.0733173076923077 0.24278846153846154
0 0.08413461538461539 0.6442307692307693 0.08774038461538461 0.24278846153846154
0 0.65625 0.7632211538461539 0.10697115384615384 0.16105769230769232
0 0.5492788461538461 0.7668269230769231 0.15504807692307693 0.140625
0 0.7632211538461539 0.7800480769230769 0.057692307692307696 0.22115384615384615
0 0.6971153846153846 0.8545673076923077 0.0889423076923077 0.13581730769230768
0 0.43149038461538464 0.8557692307692307 0.07451923076923077 0.28365384615384615
0 0.3581730769230769 0.8822115384615384 0.06610576923076923 0.23317307692307693
0 0.6237980769230769 0.890625 0.12980769230769232 0.1658653846153846
0 0.4891826923076923 0.8990384615384616 0.09375 0.1971153846153846
0 0.24519230769230768 0.9338942307692307 0.125 0.12740384615384615
0 0.6286057692307693 0.1045673076923077 0.15745192307692307 0.18990384615384615