0 0.6790865384615384 0.14543269230769232 0.09014423076923077 0.29086538461538464
0 0.14543269230769232 0.17908653846153846 0.09735576923076923 0.25961538461538464
0 0.052884615384615384 0.17908653846153846 0.078125 0.16706730769230768
0 0.7920673076923077 0.30528846153846156 0.10216346153846154 0.34615384615384615
0 0.04567307692307692 0.34975961538461536 0.051682692307692304 0.2127403846153846
0 0.7163461538461539 0.421875 0.11298076923076923 0.29927884615384615
0 0.7560096153846154 0.6141826923076923 0.09375 0.25961538461538464
0 0.06009615384615385 0.6887019230769231 0.07091346153846154 0.22235576923076922
0 0.8016826923076923 0.6995192307692307 0.10216346153846154 0.2439903846153846
0 0.6875 0.7944711538461539 0.09615384615384616 0.26802884615384615
0 0.7572115384615384 0.8076923076923077 0.09735576923076923 0.21875
0 0.48677884615384615 0.8413461538461539 0.14302884615384615 0.2608173076923077
0 0.5985576923076923 0.8521634615384616 0.16947115384615385 0.24519230769230768
0 0.4170673076923077 0.9266826923076923 0.11899038461538461 0.14423076923076922
0 0.3233173076923077 0.9362980769230769 0.19110576923076922 0.12620192307692307