0 0.2091346153846154 0.23317307692307693 0.0889423076923077 0.1141826923076923
0 0.15264423076923078 0.23557692307692307 0.125 0.25
0 0.09975961538461539 0.24519230769230768 0.06490384615384616 0.24278846153846154
0 0.24278846153846154 0.30649038461538464 0.17307692307692307 0.22716346153846154
0 0.04447115384615385 0.33052884615384615 0.07211538461538461 0.22355769230769232
0 0.09014423076923077 0.390625 0.08653846153846154 0.28365384615384615
0 0.078125 0.5084134615384616 0.1045673076923077 0.18629807692307693
0 0.9507211538461539 0.6045673076923077 0.042067307692307696 0.23317307692307693
0 0.046875 0.6213942307692307 0.09254807692307693 0.2644230769230769
0 0.75 0.7451923076923077 0.1502403846153846 0.17548076923076922
0 0.5 0.7860576923076923 0.17668269230769232 0.21754807692307693
0 0.0673076923076923 0.08533653846153846 0.078125 0.12860576923076922
0 0.2536057692307692 0.8557692307692307 0.10216346153846154 0.20552884615384615
0 0.7487980769230769 0.859375 0.12139423076923077 0.12379807692307693
0 0.11658653846153846 0.8653846153846154 0.109375 0.21875
0 0.22235576923076922 0.0889423076923077 0.16346153846153846 0.15625
0 0.3076923076923077 0.8846153846153846 0.09134615384615384 0.2283653846153846
0 0.2247596153846154 0.8990384615384616 0.06850961538461539 0.1622596153846154
0 0.1778846153846154 0.9086538461538461 0.08052884615384616 0.14543269230769232
0 0.5673076923076923 0.9278846153846154 0.19831730769230768 0.1201923076923077
0 0.40625 0.9338942307692307 0.14903846153846154 0.12740384615384615