0 0.5288461538461539 0.18269230769230768 0.12620192307692307 0.36538461538461536
0 0.1310096153846154 0.18509615384615385 0.09495192307692307 0.14302884615384615
0 0.06370192307692307 0.21875 0.08653846153846154 0.22355769230769232
0 0.22235576923076922 0.24759615384615385 0.14182692307692307 0.2956730769230769
0 0.17307692307692307 0.3088942307692308 0.1502403846153846 0.18990384615384615
0 0.05048076923076923 0.35697115384615385 0.09975961538461539 0.27163461538461536
0 0.037259615384615384 0.44471153846153844 0.07211538461538461 0.2860576923076923
0 0.3918269230769231 0.5432692307692307 0.18389423076923078 0.22115384615384615
0 0.051682692307692304 0.6165865384615384 0.051682692307692304 0.25
0 0.8028846153846154 0.6862980769230769 0.08052884615384616 0.2704326923076923
0 0.5877403846153846 0.7475961538461539 0.15985576923076922 0.1935096153846154
0 0.11538461538461539 0.8533653846153846 0.1875 0.28846153846153844
0 0.6105769230769231 0.8701923076923077 0.1346153846153846 0.1935096153846154
0 0.7283653846153846 0.8786057692307693 0.15985576923076922 0.15625
0 0.3076923076923077 0.9158653846153846 0.16346153846153846 0.16346153846153846
0 0.453125 0.9338942307692307 0.1658653846153846 0.12740384615384615
0 0.7992788461538461 0.11057692307692307 0.08413461538461539 0.22115384615384615