0 0.09375 0.20192307692307693 0.12379807692307693 0.25600961538461536
0 0.5408653846153846 0.2127403846153846 0.21995192307692307 0.17908653846153846
0 0.0733173076923077 0.30408653846153844 0.09134615384615384 0.23317307692307693
0 0.04326923076923077 0.3293269230769231 0.07932692307692307 0.24158653846153846
0 0.7896634615384616 0.4014423076923077 0.10216346153846154 0.3425480769230769
0 0.051682692307692304 0.4411057692307692 0.09735576923076923 0.2848557692307692
0 0.3088942307692308 0.6754807692307693 0.12379807692307693 0.3173076923076923
0 0.7884615384615384 0.7079326923076923 0.09615384615384616 0.27163461538461536
0 0.07091346153846154 0.7091346153846154 0.06490384615384616 0.25
0 0.32091346153846156 0.8689903846153846 0.171875 0.12980769230769232
0 0.7163461538461539 0.8918269230769231 0.16706730769230768 0.14783653846153846
0 0.3629807692307692 0.9146634615384616 0.1778846153846154 0.1658653846153846
0 0.4723557692307692 0.09735576923076923 0.2091346153846154 0.19471153846153846