0 0.5132211538461539 0.16947115384615385 0.12259615384615384 0.3389423076923077
0 0.051682692307692304 0.18870192307692307 0.10336538461538461 0.28725961538461536
0 0.18870192307692307 0.36538461538461536 0.125 0.32211538461538464
0 0.25600961538461536 0.3701923076923077 0.17307692307692307 0.20192307692307693
0 0.09495192307692307 0.40865384615384615 0.15264423076923078 0.17307692307692307
0 0.3737980769230769 0.4110576923076923 0.18269230769230768 0.234375
0 0.6862980769230769 0.4567307692307692 0.12259615384615384 0.36177884615384615
0 0.038461538461538464 0.5072115384615384 0.07692307692307693 0.29447115384615385
0 0.3173076923076923 0.8846153846153846 0.16466346153846154 0.10576923076923077
0 0.2956730769230769 0.9447115384615384 0.1814903846153846 0.10697115384615384
0 0.42788461538461536 0.9471153846153846 0.1502403846153846 0.10216346153846154
0 0.15745192307692307 0.09615384615384616 0.16105769230769232 0.14543269230769232