0 0.1875 0.17067307692307693 0.15384615384615385 0.17427884615384615
0 0.2932692307692308 0.18028846153846154 0.11658653846153846 0.359375
0 0.6105769230769231 0.20793269230769232 0.22596153846153846 0.16826923076923078
0 0.04567307692307692 0.3125 0.08774038461538461 0.2920673076923077
0 0.19951923076923078 0.34975961538461536 0.10216346153846154 0.24639423076923078
0 0.28846153846153844 0.46875 0.15384615384615385 0.24879807692307693
0 0.03485576923076923 0.5072115384615384 0.06971153846153846 0.32091346153846156
0 0.8040865384615384 0.7896634615384616 0.07211538461538461 0.28846153846153844
0 0.7007211538461539 0.9170673076923077 0.1658653846153846 0.16346153846153846
0 0.29086538461538464 0.9375 0.11298076923076923 0.12259615384615384
0 0.42788461538461536 0.9411057692307693 0.16466346153846154 0.09735576923076923