0 0.11057692307692307 0.21033653846153846 0.057692307692307696 0.2764423076923077
0 0.7956730769230769 0.28365384615384615 0.09014423076923077 0.3389423076923077
0 0.037259615384615384 0.38461538461538464 0.07451923076923077 0.22596153846153846
0 0.6826923076923077 0.39302884615384615 0.07692307692307693 0.40024038461538464
0 0.7451923076923077 0.4362980769230769 0.07692307692307693 0.27524038461538464
0 0.3473557692307692 0.6298076923076923 0.15625 0.375
0 0.8028846153846154 0.6742788461538461 0.06850961538461539 0.25
0 0.07091346153846154 0.6995192307692307 0.10817307692307693 0.28125
0 0.734375 0.8257211538461539 0.12740384615384615 0.20072115384615385
0 0.6778846153846154 0.8497596153846154 0.10336538461538461 0.25
0 0.21995192307692307 0.8894230769230769 0.09254807692307693 0.20793269230769232
0 0.5288461538461539 0.9242788461538461 0.1875 0.14903846153846154
0 0.3317307692307692 0.9399038461538461 0.12620192307692307 0.11658653846153846
0 0.6814903846153846 0.12139423076923077 0.12139423076923077 0.23798076923076922