0 0.19951923076923078 0.15745192307692307 0.19831730769230768 0.14302884615384615
0 0.06490384615384616 0.18870192307692307 0.12980769230769232 0.14423076923076922
0 0.9711538461538461 0.27524038461538464 0.055288461538461536 0.1658653846153846
0 0.42427884615384615 0.30288461538461536 0.1201923076923077 0.39302884615384615
0 0.02403846153846154 0.3641826923076923 0.04807692307692308 0.23798076923076922
0 0.6947115384615384 0.3762019230769231 0.1778846153846154 0.19110576923076922
0 0.14903846153846154 0.4254807692307692 0.15625 0.20793269230769232
0 0.9579326923076923 0.44711538461538464 0.07932692307692307 0.2848557692307692
0 0.7644230769230769 0.49278846153846156 0.078125 0.3557692307692308
0 0.8125 0.5072115384615384 0.09375 0.3713942307692308
0 0.41225961538461536 0.5685096153846154 0.1935096153846154 0.21634615384615385
0 0.051682692307692304 0.6069711538461539 0.09735576923076923 0.29927884615384615
0 0.7427884615384616 0.07572115384615384 0.13942307692307693 0.15144230769230768
0 0.9423076923076923 0.8028846153846154 0.1141826923076923 0.21394230769230768
0 0.08173076923076923 0.8569711538461539 0.08653846153846154 0.20072115384615385
0 0.7259615384615384 0.8737980769230769 0.1502403846153846 0.1310096153846154
0 0.5084134615384616 0.9375 0.1658653846153846 0.1201923076923077
0 0.3605769230769231 0.9399038461538461 0.15865384615384615 0.11899038461538461
0 0.21394230769230768 0.9435096153846154 0.1346153846153846 0.10817307692307693