0 0.8052884615384616 0.1778846153846154 0.08774038461538461 0.328125
0 0.9567307692307693 0.20192307692307693 0.06490384615384616 0.14543269230769232
0 0.2403846153846154 0.39302884615384615 0.10576923076923077 0.31490384615384615
0 0.07451923076923077 0.41346153846153844 0.12259615384615384 0.20673076923076922
0 0.13341346153846154 0.5252403846153846 0.15144230769230768 0.16947115384615385
0 0.7944711538461539 0.5420673076923077 0.08173076923076923 0.3329326923076923
0 0.33653846153846156 0.5661057692307693 0.17307692307692307 0.21754807692307693
0 0.9603365384615384 0.6105769230769231 0.06971153846153846 0.24278846153846154
0 0.04807692307692308 0.6995192307692307 0.09615384615384616 0.21033653846153846
0 0.9338942307692307 0.7824519230769231 0.08533653846153846 0.1201923076923077
0 0.7728365384615384 0.7860576923076923 0.08413461538461539 0.2548076923076923
0 0.7235576923076923 0.8581730769230769 0.1141826923076923 0.16706730769230768
0 0.484375 0.8605769230769231 0.15625 0.15625
0 0.5745192307692307 0.8677884615384616 0.12860576923076922 0.2608173076923077
0 0.5661057692307693 0.9314903846153846 0.18028846153846154 0.12139423076923077
0 0.14903846153846154 0.9338942307692307 0.1310096153846154 0.1310096153846154
0 0.7487980769230769 0.125 0.09254807692307693 0.25