0 0.10096153846153846 0.22115384615384615 0.055288461538461536 0.17307692307692307
0 0.14903846153846154 0.26802884615384615 0.08653846153846154 0.2824519230769231
0 0.27283653846153844 0.2704326923076923 0.1622596153846154 0.25841346153846156
0 0.03485576923076923 0.3004807692307692 0.06850961538461539 0.20793269230769232
0 0.09375 0.3786057692307692 0.08533653846153846 0.265625
0 0.8233173076923077 0.40865384615384615 0.125 0.36778846153846156
0 0.08173076923076923 0.4855769230769231 0.1502403846153846 0.17548076923076922
0 0.9567307692307693 0.6225961538461539 0.052884615384615384 0.2536057692307692
0 0.03245192307692308 0.6286057692307693 0.06490384615384616 0.25961538461538464
0 0.21514423076923078 0.0673076923076923 0.15264423076923078 0.11538461538461539
0 0.4891826923076923 0.7752403846153846 0.11057692307692307 0.234375
0 0.23798076923076922 0.8137019230769231 0.0889423076923077 0.18509615384615385
0 0.7439903846153846 0.8401442307692307 0.10817307692307693 0.23076923076923078
0 0.38461538461538464 0.9122596153846154 0.09615384615384616 0.17067307692307693
0 0.5697115384615384 0.9278846153846154 0.1658653846153846 0.14302884615384615
0 0.28125 0.9747596153846154 0.12980769230769232 0.04567307692307692