0 0.78125 0.1466346153846154 0.09615384615384616 0.2932692307692308
0 0.6117788461538461 0.1502403846153846 0.11298076923076923 0.29927884615384615
0 0.7271634615384616 0.20552884615384615 0.0985576923076923 0.3858173076923077
0 0.6935096153846154 0.31971153846153844 0.07692307692307693 0.27283653846153844
0 0.18870192307692307 0.40024038461538464 0.09975961538461539 0.40384615384615385
0 0.8028846153846154 0.4230769230769231 0.0889423076923077 0.30288461538461536
0 0.03365384615384615 0.578125 0.06490384615384616 0.18870192307692307
0 0.71875 0.6286057692307693 0.07091346153846154 0.3161057692307692
0 0.796875 0.6694711538461539 0.054086538461538464 0.31490384615384615
0 0.07091346153846154 0.7295673076923077 0.0625 0.19471153846153846
0 0.6334134615384616 0.7379807692307693 0.10336538461538461 0.17307692307692307
0 0.21634615384615385 0.8317307692307693 0.08173076923076923 0.15745192307692307
0 0.4182692307692308 0.8317307692307693 0.14302884615384615 0.2127403846153846
0 0.5685096153846154 0.8569711538461539 0.08774038461538461 0.28125
0 0.6370192307692307 0.8870192307692307 0.13221153846153846 0.15745192307692307
0 0.48677884615384615 0.9038461538461539 0.14302884615384615 0.18990384615384615
0 0.7487980769230769 0.9122596153846154 0.13701923076923078 0.171875
0 0.23798076923076922 0.9338942307692307 0.17668269230769232 0.1310096153846154
0 0.14543269230769232 0.12980769230769232 0.11298076923076923 0.25961538461538464