0 0.43509615384615385 0.2512019230769231 0.09254807692307693 0.3112980769230769
0 0.052884615384615384 0.27283653846153844 0.10576923076923077 0.2439903846153846
0 0.040865384615384616 0.3894230769230769 0.06850961538461539 0.234375
0 0.14783653846153846 0.4326923076923077 0.13701923076923078 0.24639423076923078
0 0.24879807692307693 0.4387019230769231 0.08413461538461539 0.31490384615384615
0 0.02403846153846154 0.5120192307692307 0.036057692307692304 0.22235576923076922
0 0.32572115384615385 0.5480769230769231 0.10216346153846154 0.3485576923076923
0 0.4387019230769231 0.578125 0.140625 0.2620192307692308
0 0.7992788461538461 0.6887019230769231 0.11778846153846154 0.25961538461538464
0 0.7692307692307693 0.8052884615384616 0.09375 0.21634615384615385
0 0.25 0.8389423076923077 0.09735576923076923 0.24639423076923078
0 0.24639423076923078 0.9098557692307693 0.16826923076923078 0.17427884615384615
0 0.4074519230769231 0.9170673076923077 0.16826923076923078 0.1622596153846154
0 0.6430288461538461 0.9314903846153846 0.21754807692307693 0.125
0 0.7848557692307693 0.12980769230769232 0.1141826923076923 0.25961538461538464