0 0.06610576923076923 0.1658653846153846 0.10817307692307693 0.1875
0 0.02283653846153846 0.17067307692307693 0.04567307692307692 0.08774038461538461
0 0.1622596153846154 0.18990384615384615 0.14423076923076922 0.31850961538461536
0 0.10576923076923077 0.21634615384615385 0.06490384615384616 0.28365384615384615
0 0.7956730769230769 0.2980769230769231 0.09735576923076923 0.3557692307692308
0 0.7163461538461539 0.41947115384615385 0.10697115384615384 0.32091346153846156
0 0.12379807692307693 0.421875 0.12139423076923077 0.24278846153846154
0 0.3401442307692308 0.5576923076923077 0.1045673076923077 0.3545673076923077
0 0.47115384615384615 0.6610576923076923 0.19230769230769232 0.16346153846153846
0 0.7956730769230769 0.6802884615384616 0.09014423076923077 0.25841346153846156
0 0.06610576923076923 0.6862980769230769 0.09975961538461539 0.24278846153846154
0 0.734375 0.7980769230769231 0.15625 0.2091346153846154
0 0.6634615384615384 0.8485576923076923 0.15384615384615385 0.22115384615384615
0 0.20793269230769232 0.9074519230769231 0.10096153846153846 0.18389423076923078
0 0.2980769230769231 0.9314903846153846 0.1658653846153846 0.11658653846153846
0 0.5216346153846154 0.9375 0.20673076923076922 0.1201923076923077
0 0.78125 0.10576923076923077 0.10576923076923077 0.21153846153846154
0 0.6947115384615384 0.13581730769230768 0.13581730769230768 0.2704326923076923