0 0.49038461538461536 0.140625 0.1935096153846154 0.27524038461538464
0 0.0889423076923077 0.20793269230769232 0.09735576923076923 0.2439903846153846
0 0.234375 0.2247596153846154 0.11778846153846154 0.3894230769230769
0 0.31009615384615385 0.2247596153846154 0.11298076923076923 0.296875
0 0.039663461538461536 0.2800480769230769 0.07932692307692307 0.20552884615384615
0 0.05048076923076923 0.6262019230769231 0.0985576923076923 0.265625
0 0.703125 0.06850961538461539 0.19951923076923078 0.13701923076923078
0 0.37740384615384615 0.07451923076923077 0.1658653846153846 0.14903846153846154
0 0.7704326923076923 0.7620192307692307 0.10096153846153846 0.3329326923076923
0 0.40625 0.9110576923076923 0.13701923076923078 0.16706730769230768
0 0.2512019230769231 0.9122596153846154 0.12139423076923077 0.171875
0 0.5697115384615384 0.9170673076923077 0.17668269230769232 0.1622596153846154