0 0.515625 0.15264423076923078 0.16826923076923078 0.29927884615384615
0 0.15144230769230768 0.1658653846153846 0.12860576923076922 0.2608173076923077
0 0.10336538461538461 0.21634615384615385 0.09615384615384616 0.2512019230769231
0 0.7235576923076923 0.25 0.12259615384615384 0.34615384615384615
0 0.8076923076923077 0.2980769230769231 0.08774038461538461 0.359375
0 0.07211538461538461 0.3798076923076923 0.13701923076923078 0.1971153846153846
0 0.11778846153846154 0.49038461538461536 0.08413461538461539 0.234375
0 0.40865384615384615 0.5865384615384616 0.16346153846153846 0.2776442307692308
0 0.7752403846153846 0.6658653846153846 0.07572115384615384 0.24278846153846154
0 0.07091346153846154 0.7019230769230769 0.08173076923076923 0.23918269230769232
0 0.6826923076923077 0.9038461538461539 0.15384615384615385 0.15384615384615385
0 0.2980769230769231 0.9338942307692307 0.17307692307692307 0.1310096153846154