0 0.8016826923076923 0.21634615384615385 0.0829326923076923 0.30288461538461536
0 0.7427884615384616 0.3329326923076923 0.140625 0.3137019230769231
0 0.296875 0.5024038461538461 0.13221153846153846 0.3605769230769231
0 0.7259615384615384 0.5048076923076923 0.06850961538461539 0.28125
0 0.06850961538461539 0.5288461538461539 0.11298076923076923 0.19110576923076922
0 0.6790865384615384 0.5637019230769231 0.05889423076923077 0.30288461538461536
0 0.796875 0.6057692307692307 0.10817307692307693 0.2764423076923077
0 0.04927884615384615 0.6370192307692307 0.0889423076923077 0.17307692307692307
0 0.7475961538461539 0.7536057692307693 0.10096153846153846 0.19591346153846154
0 0.6694711538461539 0.7548076923076923 0.0985576923076923 0.18629807692307693
0 0.07091346153846154 0.7644230769230769 0.0625 0.1778846153846154
0 0.17908653846153846 0.8341346153846154 0.052884615384615384 0.09375
0 0.07451923076923077 0.09014423076923077 0.14903846153846154 0.17908653846153846
0 0.5973557692307693 0.8930288461538461 0.2127403846153846 0.18389423076923078
0 0.41225961538461536 0.9194711538461539 0.18509615384615385 0.15625
0 0.20432692307692307 0.9278846153846154 0.140625 0.14302884615384615