0 0.7103365384615384 0.1622596153846154 0.12860576923076922 0.3173076923076923
0 0.45552884615384615 0.2704326923076923 0.08173076923076923 0.33052884615384615
0 0.14903846153846154 0.4170673076923077 0.11899038461538461 0.21634615384615385
0 0.4110576923076923 0.5889423076923077 0.16826923076923078 0.27283653846153844
0 0.7932692307692307 0.6742788461538461 0.0889423076923077 0.27524038461538464
0 0.6826923076923077 0.8497596153846154 0.1658653846153846 0.1466346153846154
0 0.2247596153846154 0.8533653846153846 0.09254807692307693 0.25600961538461536
0 0.6021634615384616 0.9362980769230769 0.1814903846153846 0.12620192307692307
0 0.4326923076923077 0.9399038461538461 0.16105769230769232 0.11658653846153846
0 0.25 0.9423076923076923 0.1778846153846154 0.11057692307692307
0 0.7848557692307693 0.11177884615384616 0.10336538461538461 0.22355769230769232