0 0.14302884615384615 0.1502403846153846 0.08052884615384616 0.26802884615384615
0 0.04326923076923077 0.21394230769230768 0.07211538461538461 0.25961538461538464
0 0.08533653846153846 0.2247596153846154 0.0733173076923077 0.3329326923076923
0 0.22235576923076922 0.23317307692307693 0.0985576923076923 0.38221153846153844
0 0.30408653846153844 0.2764423076923077 0.10817307692307693 0.34134615384615385
0 0.0625 0.46634615384615385 0.10576923076923077 0.28125
0 0.9603365384615384 0.5793269230769231 0.078125 0.19951923076923078
0 0.051682692307692304 0.6490384615384616 0.09254807692307693 0.30408653846153844
0 0.6610576923076923 0.06971153846153846 0.24278846153846154 0.13942307692307693
0 0.9783653846153846 0.6947115384615384 0.042067307692307696 0.20552884615384615
0 0.10576923076923077 0.6983173076923077 0.06490384615384616 0.3137019230769231
0 0.9483173076923077 0.7295673076923077 0.0673076923076923 0.2283653846153846
0 0.7860576923076923 0.8028846153846154 0.09134615384615384 0.29447115384615385
0 0.7115384615384616 0.8221153846153846 0.09254807692307693 0.34134615384615385
0 0.09615384615384616 0.8641826923076923 0.08533653846153846 0.20673076923076922
0 0.265625 0.8930288461538461 0.16105769230769232 0.12379807692307693
0 0.18990384615384615 0.8966346153846154 0.10096153846153846 0.14543269230769232
0 0.7019230769230769 0.9038461538461539 0.14182692307692307 0.11057692307692307
0 0.5516826923076923 0.9098557692307693 0.18629807692307693 0.1778846153846154
0 0.4182692307692308 0.9134615384615384 0.16346153846153846 0.15745192307692307
0 0.06850961538461539 0.09134615384615384 0.12139423076923077 0.15865384615384615
0 0.28125 0.9555288461538461 0.15264423076923078 0.08774038461538461
0 0.36778846153846156 0.0985576923076923 0.18870192307692307 0.19591346153846154
0 0.7896634615384616 0.10336538461538461 0.08052884615384616 0.20673076923076922