0 0.7391826923076923 0.15865384615384615 0.22115384615384615 0.18269230769230768
0 0.06971153846153846 0.24759615384615385 0.12620192307692307 0.25721153846153844
0 0.3605769230769231 0.390625 0.15625 0.3786057692307692
0 0.16105769230769232 0.4170673076923077 0.12740384615384615 0.28966346153846156
0 0.042067307692307696 0.5360576923076923 0.08413461538461539 0.3161057692307692
0 0.7704326923076923 0.7752403846153846 0.09615384615384616 0.24639423076923078
0 0.3641826923076923 0.8137019230769231 0.14302884615384615 0.23197115384615385
0 0.5300480769230769 0.8365384615384616 0.09375 0.25961538461538464
0 0.0733173076923077 0.8545673076923077 0.07692307692307693 0.24879807692307693
0 0.29086538461538464 0.8737980769230769 0.10576923076923077 0.2512019230769231
0 0.40384615384615385 0.9014423076923077 0.15504807692307693 0.14783653846153846
0 0.6033653846153846 0.9098557692307693 0.12139423076923077 0.17668269230769232
0 0.1045673076923077 0.12620192307692307 0.09735576923076923 0.2283653846153846