0 0.05048076923076923 0.27524038461538464 0.07572115384615384 0.234375
0 0.04447115384615385 0.36899038461538464 0.0889423076923077 0.24759615384615385
0 0.14302884615384615 0.38221153846153844 0.14423076923076922 0.2668269230769231
0 0.41586538461538464 0.40024038461538464 0.10817307692307693 0.3870192307692308
0 0.7920673076923077 0.4338942307692308 0.10697115384615384 0.3076923076923077
0 0.04447115384615385 0.484375 0.0889423076923077 0.3112980769230769
0 0.7932692307692307 0.6610576923076923 0.08533653846153846 0.2608173076923077
0 0.037259615384615384 0.6610576923076923 0.06490384615384616 0.296875
0 0.38221153846153844 0.7776442307692307 0.16947115384615385 0.23918269230769232
0 0.29086538461538464 0.8173076923076923 0.1658653846153846 0.18629807692307693
0 0.2283653846153846 0.8665865384615384 0.0829326923076923 0.20072115384615385
0 0.7247596153846154 0.12139423076923077 0.10817307692307693 0.24278846153846154
0 0.10576923076923077 0.1346153846153846 0.12740384615384615 0.23557692307692307