0 0.11538461538461539 0.16105769230769232 0.09495192307692307 0.17908653846153846
0 0.5528846153846154 0.21033653846153846 0.203125 0.27163461538461536
0 0.22596153846153846 0.2704326923076923 0.11899038461538461 0.29447115384615385
0 0.15625 0.3293269230769231 0.16346153846153846 0.15865384615384615
0 0.046875 0.36658653846153844 0.0829326923076923 0.2512019230769231
0 0.03125 0.4735576923076923 0.052884615384615384 0.2668269230769231
0 0.4014423076923077 0.5817307692307693 0.17548076923076922 0.2620192307692308
0 0.05048076923076923 0.6382211538461539 0.038461538461538464 0.24879807692307693
0 0.7836538461538461 0.6971153846153846 0.09014423076923077 0.28365384615384615
0 0.9603365384615384 0.7776442307692307 0.078125 0.11057692307692307
0 0.7067307692307693 0.84375 0.18870192307692307 0.17908653846153846
0 0.6153846153846154 0.8978365384615384 0.1778846153846154 0.18629807692307693
0 0.24759615384615385 0.9170673076923077 0.10096153846153846 0.13942307692307693
0 0.18028846153846154 0.9170673076923077 0.06370192307692307 0.16346153846153846
0 0.3317307692307692 0.9362980769230769 0.17427884615384615 0.12379807692307693
0 0.9591346153846154 0.11298076923076923 0.07692307692307693 0.16826923076923078
0 0.7896634615384616 0.11658653846153846 0.12620192307692307 0.23317307692307693