0 0.030048076923076924 0.18870192307692307 0.057692307692307696 0.2548076923076923
0 0.10096153846153846 0.19951923076923078 0.10216346153846154 0.3125
0 0.15985576923076922 0.3701923076923077 0.12259615384615384 0.25
0 0.7800480769230769 0.3954326923076923 0.13581730769230768 0.33413461538461536
0 0.04927884615384615 0.4483173076923077 0.0829326923076923 0.2403846153846154
0 0.7668269230769231 0.49278846153846156 0.11177884615384616 0.2860576923076923
0 0.7235576923076923 0.5288461538461539 0.11778846153846154 0.2608173076923077
0 0.08173076923076923 0.5733173076923077 0.07091346153846154 0.26802884615384615
0 0.6995192307692307 0.6165865384615384 0.07451923076923077 0.125
0 0.6682692307692307 0.7427884615384616 0.171875 0.16947115384615385
0 0.8052884615384616 0.7692307692307693 0.07451923076923077 0.2704326923076923
0 0.7524038461538461 0.7992788461538461 0.0889423076923077 0.2668269230769231
0 0.5024038461538461 0.8341346153846154 0.17668269230769232 0.14903846153846154
0 0.671875 0.8653846153846154 0.140625 0.13701923076923078
0 0.3076923076923077 0.8701923076923077 0.12980769230769232 0.17427884615384615
0 0.21875 0.9026442307692307 0.125 0.18990384615384615
0 0.5012019230769231 0.9338942307692307 0.17548076923076922 0.12740384615384615