0 0.10216346153846154 0.22716346153846154 0.09375 0.31009615384615385
0 0.046875 0.2692307692307692 0.09375 0.21514423076923078
0 0.7067307692307693 0.28365384615384615 0.1778846153846154 0.19471153846153846
0 0.8112980769230769 0.2980769230769231 0.057692307692307696 0.328125
0 0.040865384615384616 0.38221153846153844 0.08173076923076923 0.25841346153846156
0 0.7259615384615384 0.46634615384615385 0.11057692307692307 0.2824519230769231
0 0.7608173076923077 0.0625 0.055288461538461536 0.125
0 0.46033653846153844 0.6177884615384616 0.1466346153846154 0.18870192307692307
0 0.7956730769230769 0.6706730769230769 0.0889423076923077 0.26802884615384615
0 0.06850961538461539 0.7079326923076923 0.10336538461538461 0.25841346153846156
0 0.6334134615384616 0.7259615384615384 0.1201923076923077 0.18389423076923078
0 0.7331730769230769 0.8125 0.11778846153846154 0.21153846153846154
0 0.2403846153846154 0.8641826923076923 0.125 0.1814903846153846
0 0.5997596153846154 0.9194711538461539 0.19471153846153846 0.15625
0 0.3088942307692308 0.9399038461538461 0.15865384615384615 0.11899038461538461
0 0.7896634615384616 0.1045673076923077 0.07451923076923077 0.20793269230769232
0 0.6682692307692307 0.1310096153846154 0.09495192307692307 0.2620192307692308