0 0.08533653846153846 0.20673076923076922 0.07451923076923077 0.2980769230769231
0 0.23798076923076922 0.24639423076923078 0.09615384615384616 0.40384615384615385
0 0.30288461538461536 0.265625 0.13221153846153846 0.3545673076923077
0 0.7860576923076923 0.36658653846153844 0.10096153846153846 0.3473557692307692
0 0.06009615384615385 0.45913461538461536 0.11057692307692307 0.28725961538461536
0 0.9555288461538461 0.5576923076923077 0.0625 0.21995192307692307
0 0.052884615384615384 0.625 0.08173076923076923 0.2848557692307692
0 0.6574519230769231 0.07572115384615384 0.23197115384615385 0.1502403846153846
0 0.7716346153846154 0.7752403846153846 0.0985576923076923 0.25841346153846156
0 0.7908653846153846 0.08774038461538461 0.07451923076923077 0.17427884615384615
0 0.6935096153846154 0.8725961538461539 0.15264423076923078 0.15625
0 0.2620192307692308 0.8870192307692307 0.1502403846153846 0.12980769230769232
0 0.4182692307692308 0.9050480769230769 0.15625 0.18389423076923078
0 0.5661057692307693 0.90625 0.20072115384615385 0.18629807692307693
0 0.2860576923076923 0.9471153846153846 0.15264423076923078 0.08413461538461539
0 0.37259615384615385 0.09735576923076923 0.20192307692307693 0.19471153846153846