0 0.23076923076923078 0.140625 0.13221153846153846 0.28125
0 0.1141826923076923 0.25721153846153844 0.055288461538461536 0.26802884615384615
0 0.052884615384615384 0.30288461538461536 0.10576923076923077 0.23918269230769232
0 0.6923076923076923 0.39783653846153844 0.08533653846153846 0.2980769230769231
0 0.1875 0.41947115384615385 0.15985576923076922 0.15625
0 0.08653846153846154 0.5192307692307693 0.0829326923076923 0.20793269230769232
0 0.06009615384615385 0.6201923076923077 0.10216346153846154 0.17908653846153846
0 0.056490384615384616 0.6778846153846154 0.06009615384615385 0.21875
0 0.34615384615384615 0.8377403846153846 0.13822115384615385 0.2247596153846154
0 0.25 0.8737980769230769 0.09735576923076923 0.2512019230769231
0 0.3545673076923077 0.9447115384615384 0.13942307692307693 0.10697115384615384