0 0.16466346153846154 0.14543269230769232 0.14423076923076922 0.21033653846153846
0 0.09735576923076923 0.21634615384615385 0.09975961538461539 0.296875
0 0.71875 0.24278846153846154 0.15865384615384615 0.3485576923076923
0 0.8149038461538461 0.30288461538461536 0.09735576923076923 0.34975961538461536
0 0.0733173076923077 0.3557692307692308 0.1141826923076923 0.2704326923076923
0 0.43990384615384615 0.578125 0.11177884615384616 0.3173076923076923
0 0.7884615384615384 0.6694711538461539 0.09134615384615384 0.25961538461538464
0 0.04326923076923077 0.7127403846153846 0.0673076923076923 0.28966346153846156
0 0.6129807692307693 0.8413461538461539 0.09375 0.25
0 0.7451923076923077 0.8689903846153846 0.12259615384615384 0.15745192307692307
0 0.34975961538461536 0.875 0.1622596153846154 0.16947115384615385
0 0.28365384615384615 0.9471153846153846 0.14302884615384615 0.10336538461538461
0 0.4963942307692308 0.9495192307692307 0.15625 0.09615384615384616