0 0.040865384615384616 0.17067307692307693 0.07451923076923077 0.25240384615384615
0 0.09615384615384616 0.19230769230769232 0.11177884615384616 0.296875
0 0.13822115384615385 0.3737980769230769 0.12139423076923077 0.2980769230769231
0 0.78125 0.39903846153846156 0.12259615384615384 0.3293269230769231
0 0.03365384615384615 0.4519230769230769 0.0673076923076923 0.24158653846153846
0 0.7620192307692307 0.48677884615384615 0.140625 0.29086538461538464
0 0.71875 0.5360576923076923 0.12860576923076922 0.25961538461538464
0 0.08173076923076923 0.5673076923076923 0.0829326923076923 0.25
0 0.6959134615384616 0.6141826923076923 0.10576923076923077 0.14302884615384615
0 0.057692307692307696 0.7211538461538461 0.078125 0.24759615384615385
0 0.7848557692307693 0.07211538461538461 0.09495192307692307 0.14423076923076922
0 0.6682692307692307 0.75 0.13822115384615385 0.15264423076923078
0 0.7992788461538461 0.7716346153846154 0.06971153846153846 0.3016826923076923
0 0.7524038461538461 0.7992788461538461 0.07211538461538461 0.23677884615384615
0 0.6802884615384616 0.8677884615384616 0.14543269230769232 0.12259615384615384
0 0.2980769230769231 0.8774038461538461 0.14182692307692307 0.16105769230769232
0 0.1935096153846154 0.8930288461538461 0.10817307692307693 0.2091346153846154
0 0.5612980769230769 0.9038461538461539 0.11298076923076923 0.1875