0 0.7512019230769231 0.15865384615384615 0.18389423076923078 0.3173076923076923
0 0.07091346153846154 0.2512019230769231 0.10216346153846154 0.31009615384615385
0 0.9747596153846154 0.28846153846153844 0.04567307692307692 0.25
0 0.31009615384615385 0.39783653846153844 0.16466346153846154 0.37259615384615385
0 0.7848557692307693 0.5048076923076923 0.09254807692307693 0.3557692307692308
0 0.055288461538461536 0.5300480769230769 0.09615384615384616 0.25841346153846156
0 0.47475961538461536 0.06009615384615385 0.12740384615384615 0.1201923076923077
0 0.703125 0.75 0.16105769230769232 0.1502403846153846
0 0.7932692307692307 0.07692307692307693 0.06610576923076923 0.15384615384615385
0 0.3581730769230769 0.7800480769230769 0.14182692307692307 0.2860576923076923
0 0.7860576923076923 0.7860576923076923 0.07572115384615384 0.23677884615384615
0 0.5048076923076923 0.8617788461538461 0.13701923076923078 0.27403846153846156
0 0.2776442307692308 0.8653846153846154 0.08173076923076923 0.2668269230769231
0 0.40384615384615385 0.8677884615384616 0.15745192307692307 0.14302884615384615
0 0.6923076923076923 0.8882211538461539 0.13822115384615385 0.16346153846153846
0 0.4254807692307692 0.9555288461538461 0.16826923076923078 0.08413461538461539
0 0.11057692307692307 0.12860576923076922 0.10576923076923077 0.23317307692307693