0 0.7524038461538461 0.234375 0.22956730769230768 0.19230769230769232
0 0.6634615384615384 0.25841346153846156 0.203125 0.140625
0 0.07572115384615384 0.2764423076923077 0.125 0.28846153846153844
0 0.7091346153846154 0.40384615384615385 0.16706730769230768 0.09975961538461539
0 0.7884615384615384 0.4230769230769231 0.109375 0.31490384615384615
0 0.28966346153846156 0.4362980769230769 0.18028846153846154 0.2860576923076923
0 0.10336538461538461 0.49759615384615385 0.07211538461538461 0.2644230769230769
0 0.052884615384615384 0.5661057692307693 0.09014423076923077 0.26802884615384615
0 0.8137019230769231 0.6802884615384616 0.055288461538461536 0.3173076923076923
0 0.7548076923076923 0.7439903846153846 0.09375 0.3125
0 0.31490384615384615 0.7956730769230769 0.09975961538461539 0.34975961538461536
0 0.24519230769230768 0.84375 0.17307692307692307 0.14543269230769232
0 0.39903846153846156 0.8677884615384616 0.17427884615384615 0.02403846153846154
0 0.41346153846153844 0.8870192307692307 0.001201923076923077 0.04326923076923077
0 0.5949519230769231 0.8990384615384616 0.27524038461538464 0.16826923076923078
0 0.4074519230769231 0.9278846153846154 0.15264423076923078 0.14182692307692307
0 0.7487980769230769 0.11538461538461539 0.1935096153846154 0.20432692307692307