0 0.09014423076923077 0.14543269230769232 0.10697115384615384 0.2536057692307692
0 0.6069711538461539 0.21153846153846154 0.12980769230769232 0.4230769230769231
0 0.3076923076923077 0.2848557692307692 0.08653846153846154 0.375
0 0.06129807692307692 0.3173076923076923 0.12139423076923077 0.28725961538461536
0 0.9639423076923077 0.390625 0.07091346153846154 0.265625
0 0.7728365384615384 0.4098557692307692 0.12379807692307693 0.3329326923076923
0 0.2824519230769231 0.46033653846153844 0.15985576923076922 0.2620192307692308
0 0.39663461538461536 0.5504807692307693 0.19591346153846154 0.28125
0 0.04807692307692308 0.5673076923076923 0.0889423076923077 0.2668269230769231
0 0.9447115384615384 0.6382211538461539 0.0673076923076923 0.19591346153846154
0 0.7992788461538461 0.6634615384615384 0.06610576923076923 0.3173076923076923
0 0.7415865384615384 0.7391826923076923 0.08533653846153846 0.27884615384615385
0 0.6658653846153846 0.8353365384615384 0.1346153846153846 0.25721153846153844
0 0.11298076923076923 0.8401442307692307 0.12259615384615384 0.2536057692307692
0 0.2512019230769231 0.8509615384615384 0.1622596153846154 0.15865384615384615
0 0.6430288461538461 0.8966346153846154 0.20072115384615385 0.18629807692307693
0 0.49399038461538464 0.9194711538461539 0.18629807692307693 0.15865384615384615
0 0.2776442307692308 0.9387019230769231 0.15625 0.11778846153846154
0 0.7920673076923077 0.09615384615384616 0.109375 0.18629807692307693
0 0.6658653846153846 0.0985576923076923 0.09615384615384616 0.1971153846153846
0 0.7632211538461539 0.12980769230769232 0.14423076923076922 0.25961538461538464