0 0.5709134615384616 0.18629807692307693 0.11538461538461539 0.3004807692307692
0 0.7872596153846154 0.23677884615384615 0.09375 0.27283653846153844
0 0.7403846153846154 0.32091346153846156 0.15144230769230768 0.3762019230769231
0 0.7463942307692307 0.5288461538461539 0.09975961538461539 0.27524038461538464
0 0.07692307692307693 0.5480769230769231 0.08533653846153846 0.14543269230769232
0 0.6899038461538461 0.5673076923076923 0.09254807692307693 0.296875
0 0.796875 0.5805288461538461 0.08533653846153846 0.265625
0 0.056490384615384616 0.6466346153846154 0.07451923076923077 0.17548076923076922
0 0.30649038461538464 0.7043269230769231 0.15865384615384615 0.2824519230769231
0 0.7584134615384616 0.7716346153846154 0.09254807692307693 0.203125
0 0.6622596153846154 0.7752403846153846 0.13942307692307693 0.19110576923076922
0 0.5901442307692307 0.8882211538461539 0.16346153846153846 0.18629807692307693
0 0.06129807692307692 0.09134615384615384 0.1141826923076923 0.13942307692307693
0 0.40625 0.921875 0.15865384615384615 0.15144230769230768
0 0.20673076923076922 0.9230769230769231 0.14182692307692307 0.109375