0 0.7463942307692307 0.15745192307692307 0.1622596153846154 0.2620192307692308
0 0.08413461538461539 0.23076923076923078 0.1346153846153846 0.15264423076923078
0 0.1971153846153846 0.3233173076923077 0.20673076923076922 0.17067307692307693
0 0.6730769230769231 0.36177884615384615 0.15745192307692307 0.24759615384615385
0 0.7776442307692307 0.4170673076923077 0.06971153846153846 0.30288461538461536
0 0.10336538461538461 0.5516826923076923 0.09735576923076923 0.265625
0 0.7103365384615384 0.6358173076923077 0.14182692307692307 0.20432692307692307
0 0.7992788461538461 0.7199519230769231 0.057692307692307696 0.2956730769230769
0 0.3762019230769231 0.7548076923076923 0.17548076923076922 0.22596153846153846
0 0.6899038461538461 0.8221153846153846 0.14423076923076922 0.1466346153846154
0 0.6862980769230769 0.9026442307692307 0.14543269230769232 0.11899038461538461
0 0.5769230769230769 0.9146634615384616 0.18269230769230768 0.1658653846153846
0 0.45913461538461536 0.9399038461538461 0.15144230769230768 0.11899038461538461
0 0.3137019230769231 0.9591346153846154 0.14903846153846154 0.08052884615384616
0 0.08173076923076923 0.11778846153846154 0.16346153846153846 0.12620192307692307
0 0.4050480769230769 0.13221153846153846 0.13221153846153846 0.26322115384615385