0 0.8076923076923077 0.18509615384615385 0.10216346153846154 0.3389423076923077
0 0.05889423076923077 0.42908653846153844 0.09134615384615384 0.30528846153846156
0 0.7451923076923077 0.47716346153846156 0.11057692307692307 0.3786057692307692
0 0.8076923076923077 0.5372596153846154 0.07091346153846154 0.3329326923076923
0 0.3713942307692308 0.6814903846153846 0.18389423076923078 0.265625
0 0.06370192307692307 0.7139423076923077 0.1045673076923077 0.2536057692307692
0 0.7764423076923077 0.7944711538461539 0.07692307692307693 0.2764423076923077
0 0.6574519230769231 0.8461538461538461 0.07692307692307693 0.30528846153846156
0 0.5036057692307693 0.9002403846153846 0.17548076923076922 0.1971153846153846
0 0.30649038461538464 0.9375 0.15745192307692307 0.12259615384615384
0 0.9567307692307693 0.11057692307692307 0.07211538461538461 0.22115384615384615