0 0.09375 0.14302884615384615 0.10216346153846154 0.28125
0 0.7331730769230769 0.14543269230769232 0.16346153846153846 0.21033653846153846
0 0.5709134615384616 0.17908653846153846 0.12980769230769232 0.3581730769230769
0 0.06850961538461539 0.28725961538461536 0.1141826923076923 0.2536057692307692
0 0.4170673076923077 0.35096153846153844 0.15985576923076922 0.24278846153846154
0 0.7872596153846154 0.3870192307692308 0.11899038461538461 0.3245192307692308
0 0.6995192307692307 0.4567307692307692 0.1622596153846154 0.25961538461538464
0 0.12139423076923077 0.46033653846153844 0.109375 0.28365384615384615
0 0.27163461538461536 0.46274038461538464 0.18269230769230768 0.3269230769230769
0 0.05048076923076923 0.5829326923076923 0.08774038461538461 0.2536057692307692
0 0.8245192307692307 0.6622596153846154 0.06971153846153846 0.28125
0 0.7512019230769231 0.7247596153846154 0.0829326923076923 0.2668269230769231
0 0.32572115384615385 0.8088942307692307 0.11778846153846154 0.2776442307692308
0 0.22596153846153846 0.8605769230769231 0.12620192307692307 0.1502403846153846
0 0.6430288461538461 0.8954326923076923 0.15985576923076922 0.15384615384615385
0 0.4855769230769231 0.9471153846153846 0.19831730769230768 0.10336538461538461