0 0.6442307692307693 0.14182692307692307 0.15384615384615385 0.28365384615384615
0 0.11778846153846154 0.15985576923076922 0.08533653846153846 0.28125
0 0.06009615384615385 0.22716346153846154 0.06129807692307692 0.30408653846153844
0 0.6983173076923077 0.3269230769230769 0.17668269230769232 0.28846153846153844
0 0.7632211538461539 0.3473557692307692 0.09495192307692307 0.2668269230769231
0 0.20673076923076922 0.39783653846153844 0.12740384615384615 0.23557692307692307
0 0.8173076923076923 0.4182692307692308 0.0625 0.296875
0 0.38341346153846156 0.5432692307692307 0.15985576923076922 0.3605769230769231
0 0.7091346153846154 0.5841346153846154 0.0889423076923077 0.31009615384615385
0 0.7800480769230769 0.6550480769230769 0.1045673076923077 0.26322115384615385
0 0.6790865384615384 0.6730769230769231 0.09975961538461539 0.1814903846153846
0 0.07692307692307693 0.7415865384615384 0.10216346153846154 0.25
0 0.4651442307692308 0.7692307692307693 0.18269230769230768 0.2620192307692308
0 0.36899038461538464 0.8305288461538461 0.1658653846153846 0.14302884615384615
0 0.6658653846153846 0.8810096153846154 0.09735576923076923 0.23677884615384615
0 0.7560096153846154 0.8894230769230769 0.12379807692307693 0.12139423076923077
0 0.484375 0.9314903846153846 0.16706730769230768 0.10817307692307693
0 0.35096153846153844 0.9459134615384616 0.14903846153846154 0.10336538461538461