0 0.5685096153846154 0.21754807692307693 0.13581730769230768 0.375
0 0.7956730769230769 0.25 0.1201923076923077 0.2860576923076923
0 0.7403846153846154 0.3245192307692308 0.14783653846153846 0.3401442307692308
0 0.9603365384615384 0.44350961538461536 0.06850961538461539 0.31971153846153844
0 0.7475961538461539 0.5048076923076923 0.08774038461538461 0.33774038461538464
0 0.6935096153846154 0.5456730769230769 0.09975961538461539 0.35697115384615385
0 0.09975961538461539 0.5540865384615384 0.15745192307692307 0.23677884615384615
0 0.7716346153846154 0.057692307692307696 0.11298076923076923 0.11538461538461539
0 0.8064903846153846 0.5757211538461539 0.07692307692307693 0.3004807692307692
0 0.042067307692307696 0.6189903846153846 0.0829326923076923 0.1502403846153846
0 0.30408653846153844 0.7127403846153846 0.1814903846153846 0.2536057692307692
0 0.6766826923076923 0.7692307692307693 0.12980769230769232 0.20072115384615385
0 0.7487980769230769 0.7824519230769231 0.09014423076923077 0.234375
0 0.5865384615384616 0.8713942307692307 0.15384615384615385 0.1814903846153846
0 0.07572115384615384 0.08774038461538461 0.1346153846153846 0.15745192307692307
0 0.41466346153846156 0.9158653846153846 0.17548076923076922 0.16346153846153846
0 0.21875 0.9230769230769231 0.11538461538461539 0.11177884615384616