0 0.7415865384615384 0.2608173076923077 0.21153846153846154 0.23798076923076922
0 0.1935096153846154 0.27884615384615385 0.171875 0.171875
0 0.04567307692307692 0.3125 0.0733173076923077 0.25721153846153844
0 0.7151442307692307 0.4338942307692308 0.16826923076923078 0.23197115384615385
0 0.2824519230769231 0.44711538461538464 0.140625 0.3329326923076923
0 0.109375 0.49278846153846156 0.08052884615384616 0.26802884615384615
0 0.04567307692307692 0.5552884615384616 0.0829326923076923 0.234375
0 0.8076923076923077 0.6911057692307693 0.07091346153846154 0.328125
0 0.75 0.7572115384615384 0.09615384615384616 0.3137019230769231
0 0.07451923076923077 0.796875 0.0673076923076923 0.1971153846153846
0 0.29447115384615385 0.8209134615384616 0.09254807692307693 0.28365384615384615
0 0.390625 0.8545673076923077 0.2127403846153846 0.22956730769230768
0 0.22596153846153846 0.8569711538461539 0.1778846153846154 0.13221153846153846
0 0.6201923076923077 0.859375 0.16466346153846154 0.2127403846153846
0 0.7319711538461539 0.10817307692307693 0.14903846153846154 0.15384615384615385