0 0.6887019230769231 0.16105769230769232 0.12379807692307693 0.32211538461538464
0 0.7596153846153846 0.18870192307692307 0.07932692307692307 0.3485576923076923
0 0.05048076923076923 0.20673076923076922 0.09975961538461539 0.2127403846153846
0 0.6213942307692307 0.21394230769230768 0.078125 0.31009615384615385
0 0.6706730769230769 0.27524038461538464 0.09375 0.35697115384615385
0 0.78125 0.3004807692307692 0.08533653846153846 0.3088942307692308
0 0.030048076923076924 0.33413461538461536 0.06009615384615385 0.22596153846153846
0 0.039663461538461536 0.5252403846153846 0.06850961538461539 0.14783653846153846
0 0.09134615384615384 0.5324519230769231 0.0733173076923077 0.25961538461538464
0 0.9591346153846154 0.5661057692307693 0.078125 0.22716346153846154
0 0.7524038461538461 0.5961538461538461 0.140625 0.21875
0 0.5012019230769231 0.6538461538461539 0.12259615384615384 0.14302884615384615
0 0.6466346153846154 0.7211538461538461 0.14783653846153846 0.14783653846153846
0 0.7391826923076923 0.7379807692307693 0.09735576923076923 0.22115384615384615
0 0.7992788461538461 0.8028846153846154 0.0733173076923077 0.22115384615384615
0 0.41346153846153844 0.8221153846153846 0.1045673076923077 0.3389423076923077
0 0.4579326923076923 0.8269230769230769 0.09014423076923077 0.3269230769230769
0 0.2860576923076923 0.828125 0.13701923076923078 0.265625
0 0.6442307692307693 0.8389423076923077 0.1346153846153846 0.125
0 0.2776442307692308 0.8786057692307693 0.16346153846153846 0.15625
0 0.5745192307692307 0.8822115384615384 0.15384615384615385 0.13221153846153846
0 0.7295673076923077 0.8882211538461539 0.13221153846153846 0.09375
0 0.5817307692307693 0.9483173076923077 0.18629807692307693 0.09975961538461539