0 0.22115384615384615 0.28365384615384615 0.10096153846153846 0.3858173076923077
0 0.12980769230769232 0.34375 0.12860576923076922 0.265625
0 0.7896634615384616 0.39903846153846156 0.10336538461538461 0.35697115384615385
0 0.08653846153846154 0.5168269230769231 0.125 0.31490384615384615
0 0.7848557692307693 0.7920673076923077 0.109375 0.28125
0 0.5757211538461539 0.7944711538461539 0.10697115384615384 0.2127403846153846
0 0.3245192307692308 0.8329326923076923 0.15264423076923078 0.1778846153846154
0 0.2860576923076923 0.09375 0.10576923076923077 0.18629807692307693
0 0.4807692307692308 0.9314903846153846 0.1622596153846154 0.1346153846153846
0 0.2668269230769231 0.9543269230769231 0.09014423076923077 0.0889423076923077
0 0.6177884615384616 0.125 0.2283653846153846 0.2247596153846154
0 0.7788461538461539 0.13822115384615385 0.10697115384615384 0.2608173076923077