0 0.14182692307692307 0.15504807692307693 0.125 0.29086538461538464
0 0.5973557692307693 0.15625 0.1310096153846154 0.3125
0 0.7992788461538461 0.171875 0.09375 0.28966346153846156
0 0.6790865384615384 0.18389423076923078 0.06009615384615385 0.3485576923076923
0 0.7512019230769231 0.20432692307692307 0.07451923076923077 0.390625
0 0.039663461538461536 0.27524038461538464 0.0625 0.2956730769230769
0 0.6995192307692307 0.3545673076923077 0.09375 0.30288461538461536
0 0.18509615384615385 0.37740384615384615 0.09375 0.3269230769230769
0 0.8028846153846154 0.41466346153846156 0.09615384615384616 0.32572115384615385
0 0.03245192307692308 0.5697115384615384 0.06490384615384616 0.25240384615384615
0 0.8076923076923077 0.6646634615384616 0.07091346153846154 0.234375
0 0.08173076923076923 0.7103365384615384 0.07091346153846154 0.21514423076923078
0 0.6442307692307693 0.7403846153846154 0.13822115384615385 0.22596153846153846
0 0.4326923076923077 0.8317307692307693 0.140625 0.2283653846153846
0 0.53125 0.8461538461538461 0.08413461538461539 0.30649038461538464
0 0.20432692307692307 0.8545673076923077 0.0985576923076923 0.14182692307692307
0 0.671875 0.8798076923076923 0.08413461538461539 0.1310096153846154
0 0.7439903846153846 0.8894230769230769 0.12379807692307693 0.13581730769230768
0 0.4675480769230769 0.8930288461538461 0.11298076923076923 0.14302884615384615
0 0.1466346153846154 0.90625 0.14423076923076922 0.18269230769230768
0 0.25721153846153844 0.9278846153846154 0.1466346153846154 0.12860576923076922
0 0.5757211538461539 0.9435096153846154 0.1346153846153846 0.10576923076923077