0 0.5180288461538461 0.14423076923076922 0.16947115384615385 0.27283653846153844
0 0.7103365384615384 0.24759615384615385 0.10096153846153846 0.20192307692307693
0 0.6526442307692307 0.3161057692307692 0.0889423076923077 0.2932692307692308
0 0.38100961538461536 0.34975961538461536 0.171875 0.3245192307692308
0 0.7223557692307693 0.4891826923076923 0.109375 0.3245192307692308
0 0.8305288461538461 0.5685096153846154 0.06610576923076923 0.32572115384615385
0 0.44350961538461536 0.5769230769230769 0.15985576923076922 0.22235576923076922
0 0.08413461538461539 0.6298076923076923 0.0985576923076923 0.1971153846153846
0 0.6899038461538461 0.6514423076923077 0.07211538461538461 0.18509615384615385
0 0.546875 0.7536057692307693 0.1814903846153846 0.15865384615384615
0 0.7848557692307693 0.8161057692307693 0.08413461538461539 0.22716346153846154
0 0.4375 0.8197115384615384 0.08533653846153846 0.2620192307692308
0 0.6959134615384616 0.8329326923076923 0.109375 0.18629807692307693
0 0.36658653846153844 0.8641826923076923 0.08413461538461539 0.2403846153846154
0 0.4879807692307692 0.8894230769230769 0.078125 0.15264423076923078
0 0.6153846153846154 0.8990384615384616 0.07211538461538461 0.1346153846153846
0 0.5456730769230769 0.9387019230769231 0.08413461538461539 0.12139423076923077