0 0.10576923076923077 0.18870192307692307 0.09254807692307693 0.3449519230769231
0 0.15865384615384615 0.38221153846153844 0.12980769230769232 0.3088942307692308
0 0.7716346153846154 0.3954326923076923 0.12860576923076922 0.3137019230769231
0 0.04567307692307692 0.4206730769230769 0.0673076923076923 0.26802884615384615
0 0.765625 0.5048076923076923 0.12620192307692307 0.3173076923076923
0 0.7331730769230769 0.5384615384615384 0.10576923076923077 0.28125
0 0.0733173076923077 0.5564903846153846 0.06850961538461539 0.2692307692307692
0 0.703125 0.6213942307692307 0.1045673076923077 0.1622596153846154
0 0.7848557692307693 0.06850961538461539 0.0829326923076923 0.13581730769230768
0 0.0673076923076923 0.7271634615384616 0.06009615384615385 0.18629807692307693
0 0.6598557692307693 0.7295673076923077 0.18389423076923078 0.1778846153846154
0 0.5240384615384616 0.7788461538461539 0.17908653846153846 0.28846153846153844
0 0.7427884615384616 0.7848557692307693 0.055288461538461536 0.25841346153846156
0 0.8161057692307693 0.7848557692307693 0.05889423076923077 0.34975961538461536
0 0.6646634615384616 0.8389423076923077 0.15264423076923078 0.15865384615384615
0 0.4338942307692308 0.8689903846153846 0.0889423076923077 0.25721153846153844
0 0.3004807692307692 0.8762019230769231 0.13581730769230768 0.1778846153846154
0 0.21153846153846154 0.8990384615384616 0.109375 0.15384615384615385