0 0.5432692307692307 0.1778846153846154 0.10576923076923077 0.3557692307692308
0 0.11177884615384616 0.18870192307692307 0.09254807692307693 0.24639423076923078
0 0.052884615384615384 0.25721153846153844 0.09975961538461539 0.22235576923076922
0 0.703125 0.31850961538461536 0.13221153846153846 0.3762019230769231
0 0.4050480769230769 0.38461538461538464 0.21514423076923078 0.171875
0 0.7740384615384616 0.3918269230769231 0.15504807692307693 0.21394230769230768
0 0.25961538461538464 0.4387019230769231 0.1658653846153846 0.27524038461538464
0 0.7980769230769231 0.5288461538461539 0.08653846153846154 0.28365384615384615
0 0.04567307692307692 0.5516826923076923 0.0673076923076923 0.24639423076923078
0 0.4338942307692308 0.6658653846153846 0.1466346153846154 0.20673076923076922
0 0.07211538461538461 0.7668269230769231 0.054086538461538464 0.18629807692307693
0 0.7908653846153846 0.7752403846153846 0.09735576923076923 0.2620192307692308
0 0.28966346153846156 0.7848557692307693 0.16105769230769232 0.203125
0 0.23197115384615385 0.8629807692307693 0.10336538461538461 0.1935096153846154
0 0.5168269230769231 0.8822115384615384 0.06129807692307692 0.23197115384615385
0 0.5901442307692307 0.8894230769230769 0.07451923076923077 0.21754807692307693
0 0.6850961538461539 0.9002403846153846 0.171875 0.13341346153846154
0 0.328125 0.9411057692307693 0.1814903846153846 0.1141826923076923
0 0.7704326923076923 0.13822115384615385 0.13581730769230768 0.2247596153846154