0 0.5997596153846154 0.21394230769230768 0.22956730769230768 0.2704326923076923
0 0.0733173076923077 0.2932692307692308 0.12980769230769232 0.15264423076923078
0 0.03365384615384615 0.41346153846153844 0.0673076923076923 0.3233173076923077
0 0.17908653846153846 0.4170673076923077 0.15264423076923078 0.15625
0 0.7572115384615384 0.4326923076923077 0.15384615384615385 0.34615384615384615
0 0.3545673076923077 0.5036057692307693 0.12259615384615384 0.3485576923076923
0 0.5060096153846154 0.6442307692307693 0.15144230769230768 0.3173076923076923
0 0.06370192307692307 0.6754807692307693 0.10216346153846154 0.1658653846153846
0 0.7944711538461539 0.7896634615384616 0.0673076923076923 0.21394230769230768
0 0.7223557692307693 0.8569711538461539 0.16706730769230768 0.1814903846153846
0 0.30528846153846156 0.8786057692307693 0.09615384615384616 0.23798076923076922
0 0.5805288461538461 0.9459134615384616 0.19951923076923078 0.10336538461538461
0 0.7367788461538461 0.11899038461538461 0.18028846153846154 0.23798076923076922