0 0.5564903846153846 0.171875 0.0985576923076923 0.34375
0 0.11057692307692307 0.18269230769230768 0.10336538461538461 0.26322115384615385
0 0.7824519230769231 0.3449519230769231 0.10216346153846154 0.3233173076923077
0 0.05048076923076923 0.34615384615384615 0.09495192307692307 0.25600961538461536
0 0.3918269230769231 0.38461538461538464 0.17427884615384615 0.3269230769230769
0 0.10336538461538461 0.4483173076923077 0.08774038461538461 0.23197115384615385
0 0.05889423076923077 0.5637019230769231 0.06129807692307692 0.19951923076923078
0 0.7692307692307693 0.7536057692307693 0.10697115384615384 0.27403846153846156
0 0.5192307692307693 0.8689903846153846 0.14182692307692307 0.13581730769230768
0 0.3798076923076923 0.8918269230769231 0.15384615384615385 0.15384615384615385
0 0.18389423076923078 0.9375 0.09375 0.1201923076923077
0 0.5817307692307693 0.9399038461538461 0.1346153846153846 0.11899038461538461
0 0.2980769230769231 0.9411057692307693 0.14423076923076922 0.11298076923076923
0 0.33774038461538464 0.10817307692307693 0.19110576923076922 0.19110576923076922
0 0.7584134615384616 0.11298076923076923 0.13701923076923078 0.22235576923076922