0 0.09375 0.18870192307692307 0.11899038461538461 0.3076923076923077
0 0.15384615384615385 0.3605769230769231 0.10336538461538461 0.30288461538461536
0 0.7764423076923077 0.3858173076923077 0.11899038461538461 0.25841346153846156
0 0.039663461538461536 0.4254807692307692 0.06009615384615385 0.25721153846153844
0 0.7680288461538461 0.47716346153846156 0.12139423076923077 0.28725961538461536
0 0.7283653846153846 0.53125 0.12259615384615384 0.25600961538461536
0 0.0829326923076923 0.5721153846153846 0.08173076923076923 0.2644230769230769
0 0.6971153846153846 0.6045673076923077 0.09975961538461539 0.15745192307692307
0 0.06009615384615385 0.7307692307692307 0.08533653846153846 0.2932692307692308
0 0.671875 0.7427884615384616 0.15264423076923078 0.17427884615384615
0 0.796875 0.7752403846153846 0.06009615384615385 0.3076923076923077
0 0.7584134615384616 0.7932692307692307 0.0625 0.23317307692307693
0 0.5180288461538461 0.8353365384615384 0.16826923076923078 0.15985576923076922
0 0.6610576923076923 0.8725961538461539 0.18509615384615385 0.16706730769230768
0 0.29927884615384615 0.8786057692307693 0.14543269230769232 0.18629807692307693
0 0.20673076923076922 0.9074519230769231 0.13341346153846154 0.16466346153846154