0 0.7379807692307693 0.17548076923076922 0.15985576923076922 0.27884615384615385
0 0.4543269230769231 0.3088942307692308 0.13822115384615385 0.31490384615384615
0 0.7752403846153846 0.3870192307692308 0.12259615384615384 0.296875
0 0.9795673076923077 0.3942307692307692 0.038461538461538464 0.25
0 0.042067307692307696 0.40024038461538464 0.08413461538461539 0.28846153846153844
0 0.8137019230769231 0.5456730769230769 0.07692307692307693 0.3076923076923077
0 0.036057692307692304 0.05889423076923077 0.07211538461538461 0.078125
0 0.057692307692307696 0.6153846153846154 0.10216346153846154 0.18509615384615385
0 0.9795673076923077 0.6502403846153846 0.039663461538461536 0.2127403846153846
0 0.36778846153846156 0.6538461538461539 0.13221153846153846 0.44711538461538464
0 0.7331730769230769 0.7043269230769231 0.09735576923076923 0.29447115384615385
0 0.9411057692307693 0.07451923076923077 0.06850961538461539 0.14903846153846154
0 0.9411057692307693 0.7800480769230769 0.11538461538461539 0.1502403846153846
0 0.7908653846153846 0.8088942307692307 0.0889423076923077 0.24519230769230768
0 0.2956730769230769 0.8497596153846154 0.15985576923076922 0.2776442307692308
0 0.1201923076923077 0.8521634615384616 0.13221153846153846 0.23918269230769232
0 0.5973557692307693 0.8641826923076923 0.09134615384615384 0.22235576923076922
0 0.19471153846153846 0.9038461538461539 0.11658653846153846 0.18990384615384615
0 0.6201923076923077 0.9122596153846154 0.1778846153846154 0.15865384615384615
0 0.45913461538461536 0.9362980769230769 0.16947115384615385 0.1201923076923077
0 0.7932692307692307 0.10336538461538461 0.0889423076923077 0.20673076923076922