0 0.042067307692307696 0.17908653846153846 0.0829326923076923 0.2283653846153846
0 0.10697115384615384 0.203125 0.09975961538461539 0.30528846153846156
0 0.1502403846153846 0.35336538461538464 0.1201923076923077 0.3473557692307692
0 0.7860576923076923 0.3870192307692308 0.13221153846153846 0.2283653846153846
0 0.037259615384615384 0.43509615384615385 0.07451923076923077 0.2548076923076923
0 0.7776442307692307 0.4951923076923077 0.11538461538461539 0.2848557692307692
0 0.7331730769230769 0.5408653846153846 0.13701923076923078 0.24519230769230768
0 0.07091346153846154 0.5721153846153846 0.0625 0.29927884615384615
0 0.6947115384615384 0.6069711538461539 0.10336538461538461 0.140625
0 0.6646634615384616 0.7379807692307693 0.16346153846153846 0.19951923076923078
0 0.8100961538461539 0.7608173076923077 0.06490384615384616 0.2536057692307692
0 0.7584134615384616 0.8185096153846154 0.06971153846153846 0.2439903846153846
0 0.6754807692307693 0.8641826923076923 0.14302884615384615 0.15384615384615385
0 0.5805288461538461 0.8786057692307693 0.07451923076923077 0.23798076923076922
0 0.203125 0.8810096153846154 0.10697115384615384 0.18870192307692307
0 0.30408653846153844 0.8918269230769231 0.1622596153846154 0.1814903846153846