0 0.08052884615384616 0.22716346153846154 0.09735576923076923 0.3125
0 0.203125 0.23197115384615385 0.08052884615384616 0.390625
0 0.2920673076923077 0.27884615384615385 0.09134615384615384 0.3112980769230769
0 0.8052884615384616 0.3786057692307692 0.08052884615384616 0.3485576923076923
0 0.06009615384615385 0.5024038461538461 0.08653846153846154 0.24879807692307693
0 0.04326923076923077 0.65625 0.06971153846153846 0.24519230769230768
0 0.6598557692307693 0.07932692307692307 0.23317307692307693 0.15865384615384615
0 0.7632211538461539 0.7872596153846154 0.07932692307692307 0.2932692307692308
0 0.27524038461538464 0.8918269230769231 0.11538461538461539 0.11298076923076923
0 0.5588942307692307 0.8942307692307693 0.17548076923076922 0.18028846153846154
0 0.43509615384615385 0.9146634615384616 0.13942307692307693 0.1658653846153846
0 0.37740384615384615 0.09254807692307693 0.16826923076923078 0.18509615384615385
0 0.6826923076923077 0.9314903846153846 0.10576923076923077 0.13221153846153846
0 0.33413461538461536 0.9507211538461539 0.09615384615384616 0.09375
0 0.12259615384615384 0.11538461538461539 0.08653846153846154 0.21875