0 0.10817307692307693 0.15865384615384615 0.12139423076923077 0.25721153846153844
0 0.59375 0.15985576923076922 0.12980769230769232 0.3137019230769231
0 0.046875 0.27283653846153844 0.09014423076923077 0.21754807692307693
0 0.7944711538461539 0.39663461538461536 0.0889423076923077 0.3713942307692308
0 0.9471153846153846 0.40024038461538464 0.06129807692307692 0.34134615384615385
0 0.051682692307692304 0.4483173076923077 0.10216346153846154 0.24278846153846154
0 0.04807692307692308 0.5745192307692307 0.09495192307692307 0.26802884615384615
0 0.7848557692307693 0.0673076923076923 0.10336538461538461 0.13341346153846154
0 0.3449519230769231 0.6923076923076923 0.12259615384615384 0.3605769230769231
0 0.3137019230769231 0.8497596153846154 0.19230769230769232 0.203125
0 0.7127403846153846 0.8677884615384616 0.15865384615384615 0.1466346153846154
0 0.17668269230769232 0.9014423076923077 0.08774038461538461 0.17668269230769232
0 0.35697115384615385 0.9158653846153846 0.16706730769230768 0.1658653846153846
0 0.4951923076923077 0.9206730769230769 0.1622596153846154 0.15504807692307693
0 0.4735576923076923 0.12379807692307693 0.18389423076923078 0.24639423076923078