0 0.8052884615384616 0.15985576923076922 0.0625 0.31971153846153844
0 0.47475961538461536 0.18028846153846154 0.171875 0.3605769230769231
0 0.07572115384615384 0.38461538461538464 0.11778846153846154 0.27163461538461536
0 0.24639423076923078 0.3954326923076923 0.12740384615384615 0.2860576923076923
0 0.052884615384615384 0.4951923076923077 0.10576923076923077 0.20673076923076922
0 0.7980769230769231 0.5456730769230769 0.09975961538461539 0.33533653846153844
0 0.03245192307692308 0.5540865384615384 0.06490384615384616 0.23197115384615385
0 0.33413461538461536 0.7319711538461539 0.20192307692307693 0.234375
0 0.04447115384615385 0.7355769230769231 0.0889423076923077 0.2439903846153846
0 0.7896634615384616 0.8052884615384616 0.08173076923076923 0.27163461538461536
0 0.5588942307692307 0.84375 0.109375 0.2644230769230769
0 0.734375 0.8545673076923077 0.12259615384615384 0.22235576923076922
0 0.40024038461538464 0.8713942307692307 0.11658653846153846 0.18269230769230768
0 0.46033653846153844 0.9242788461538461 0.15865384615384615 0.14903846153846154
0 0.2860576923076923 0.9423076923076923 0.15865384615384615 0.11057692307692307
0 0.5432692307692307 0.9615384615384616 0.15865384615384615 0.07451923076923077
0 0.734375 0.12980769230769232 0.10817307692307693 0.234375