0 0.6033653846153846 0.18509615384615385 0.10817307692307693 0.35096153846153844
0 0.040865384615384616 0.19230769230769232 0.07211538461538461 0.2764423076923077
0 0.11538461538461539 0.20432692307692307 0.11899038461538461 0.2932692307692308
0 0.7800480769230769 0.34615384615384615 0.12980769230769232 0.20072115384615385
0 0.15504807692307693 0.359375 0.13581730769230768 0.2704326923076923
0 0.04927884615384615 0.43028846153846156 0.09014423076923077 0.21754807692307693
0 0.7632211538461539 0.4699519230769231 0.12980769230769232 0.2536057692307692
0 0.7295673076923077 0.515625 0.109375 0.22716346153846154
0 0.09375 0.5576923076923077 0.09134615384615384 0.25721153846153844
0 0.7055288461538461 0.5853365384615384 0.08653846153846154 0.0829326923076923
0 0.07692307692307693 0.7139423076923077 0.109375 0.2704326923076923
0 0.6875 0.7247596153846154 0.1502403846153846 0.19591346153846154
0 0.8100961538461539 0.7824519230769231 0.06370192307692307 0.28125
0 0.7572115384615384 0.8004807692307693 0.0625 0.23557692307692307
0 0.6790865384615384 0.8605769230769231 0.13701923076923078 0.09134615384615384
0 0.5793269230769231 0.875 0.08173076923076923 0.24519230769230768
0 0.1971153846153846 0.8798076923076923 0.0889423076923077 0.17908653846153846
0 0.30528846153846156 0.8798076923076923 0.12379807692307693 0.17307692307692307