0 0.7091346153846154 0.15985576923076922 0.10096153846153846 0.31971153846153844
0 0.20552884615384615 0.20192307692307693 0.20673076923076922 0.19110576923076922
0 0.7475961538461539 0.2848557692307692 0.109375 0.3269230769230769
0 0.055288461538461536 0.30649038461538464 0.08653846153846154 0.21995192307692307
0 0.1201923076923077 0.36538461538461536 0.0673076923076923 0.2403846153846154
0 0.2644230769230769 0.41466346153846156 0.16105769230769232 0.24278846153846154
0 0.7848557692307693 0.5300480769230769 0.09495192307692307 0.23557692307692307
0 0.04567307692307692 0.5492788461538461 0.09134615384615384 0.19831730769230768
0 0.7956730769230769 0.07451923076923077 0.07692307692307693 0.14903846153846154
0 0.7872596153846154 0.7884615384615384 0.06129807692307692 0.2403846153846154
0 0.6875 0.7956730769230769 0.1502403846153846 0.1346153846153846
0 0.3545673076923077 0.8004807692307693 0.140625 0.1935096153846154
0 0.4963942307692308 0.8653846153846154 0.09735576923076923 0.26802884615384615
0 0.40865384615384615 0.8846153846153846 0.14423076923076922 0.12620192307692307
0 0.5865384615384616 0.8990384615384616 0.10216346153846154 0.140625
0 0.6766826923076923 0.9074519230769231 0.16346153846153846 0.14302884615384615
0 0.43990384615384615 0.9651442307692307 0.14903846153846154 0.06490384615384616
0 0.41225961538461536 0.10216346153846154 0.09254807692307693 0.20432692307692307
0 0.09495192307692307 0.13221153846153846 0.08173076923076923 0.2247596153846154