0 0.10336538461538461 0.19471153846153846 0.08413461538461539 0.3329326923076923
0 0.23677884615384615 0.33052884615384615 0.10216346153846154 0.47115384615384615
0 0.06850961538461539 0.33653846153846156 0.1045673076923077 0.2536057692307692
0 0.7800480769230769 0.34375 0.10336538461538461 0.3473557692307692
0 0.09134615384615384 0.5552884615384616 0.09254807692307693 0.1778846153846154
0 0.052884615384615384 0.6021634615384616 0.0889423076923077 0.28365384615384615
0 0.6766826923076923 0.06490384615384616 0.10817307692307693 0.12980769230769232
0 0.9555288461538461 0.7223557692307693 0.07211538461538461 0.17307692307692307
0 0.7884615384615384 0.7740384615384616 0.07211538461538461 0.27884615384615385
0 0.7103365384615384 0.7932692307692307 0.1045673076923077 0.234375
0 0.11298076923076923 0.8605769230769231 0.11057692307692307 0.24519230769230768
0 0.2956730769230769 0.890625 0.11538461538461539 0.20072115384615385
0 0.46875 0.8954326923076923 0.11778846153846154 0.20552884615384615
0 0.37740384615384615 0.9230769230769231 0.13701923076923078 0.14302884615384615
0 0.5877403846153846 0.9230769230769231 0.15985576923076922 0.11538461538461539
0 0.20192307692307693 0.9447115384615384 0.12860576923076922 0.07451923076923077
0 0.765625 0.10576923076923077 0.11658653846153846 0.21153846153846154
0 0.36177884615384615 0.11057692307692307 0.17668269230769232 0.22115384615384615