0 0.7704326923076923 0.15745192307692307 0.125 0.31490384615384615
0 0.7367788461538461 0.17067307692307693 0.11298076923076923 0.22596153846153846
0 0.5168269230769231 0.1778846153846154 0.17307692307692307 0.3233173076923077
0 0.0733173076923077 0.21754807692307693 0.11057692307692307 0.31850961538461536
0 0.6730769230769231 0.2644230769230769 0.14543269230769232 0.3641826923076923
0 0.10697115384615384 0.3016826923076923 0.10216346153846154 0.25721153846153844
0 0.27524038461538464 0.32091346153846156 0.18269230769230768 0.21995192307692307
0 0.7475961538461539 0.3545673076923077 0.09615384615384616 0.33052884615384615
0 0.8016826923076923 0.44350961538461536 0.07091346153846154 0.30649038461538464
0 0.06009615384615385 0.5372596153846154 0.10336538461538461 0.31850961538461536
0 0.039663461538461536 0.6610576923076923 0.07932692307692307 0.22115384615384615
0 0.7776442307692307 0.7596153846153846 0.09975961538461539 0.2932692307692308
0 0.5637019230769231 0.8341346153846154 0.10336538461538461 0.24158653846153846
0 0.2283653846153846 0.9026442307692307 0.1201923076923077 0.10576923076923077
0 0.6634615384615384 0.9098557692307693 0.12620192307692307 0.14903846153846154
0 0.35697115384615385 0.9507211538461539 0.1658653846153846 0.09375