0 0.11778846153846154 0.1622596153846154 0.1045673076923077 0.2920673076923077
0 0.04326923076923077 0.23197115384615385 0.08653846153846154 0.2860576923076923
0 0.6995192307692307 0.33413461538461536 0.1201923076923077 0.24519230769230768
0 0.22115384615384615 0.359375 0.10096153846153846 0.3605769230769231
0 0.7680288461538461 0.3641826923076923 0.09134615384615384 0.296875
0 0.7139423076923077 0.6129807692307693 0.10817307692307693 0.27524038461538464
0 0.7908653846153846 0.6478365384615384 0.09375 0.3641826923076923
0 0.5985576923076923 0.7283653846153846 0.15865384615384615 0.15384615384615385
0 0.765625 0.734375 0.04567307692307692 0.2776442307692308
0 0.5168269230769231 0.8112980769230769 0.14543269230769232 0.24639423076923078
0 0.6983173076923077 0.84375 0.12259615384615384 0.20072115384615385
0 0.2548076923076923 0.8713942307692307 0.09735576923076923 0.25600961538461536
0 0.37259615384615385 0.9314903846153846 0.1971153846153846 0.1346153846153846
0 0.5048076923076923 0.9338942307692307 0.17427884615384615 0.1310096153846154
0 0.6298076923076923 0.125 0.14783653846153846 0.25