0 0.1502403846153846 0.15745192307692307 0.0829326923076923 0.2776442307692308
0 0.052884615384615384 0.171875 0.10216346153846154 0.20192307692307693
0 0.10216346153846154 0.22115384615384615 0.051682692307692304 0.3473557692307692
0 0.05048076923076923 0.24879807692307693 0.10096153846153846 0.22355769230769232
0 0.7944711538461539 0.30528846153846156 0.10336538461538461 0.34375
0 0.054086538461538464 0.3798076923076923 0.10576923076923077 0.22355769230769232
0 0.7091346153846154 0.40865384615384615 0.11658653846153846 0.3245192307692308
0 0.05048076923076923 0.5997596153846154 0.0625 0.2776442307692308
0 0.7572115384615384 0.06610576923076923 0.09735576923076923 0.1310096153846154
0 0.7932692307692307 0.6646634615384616 0.07572115384615384 0.25721153846153844
0 0.08052884615384616 0.6646634615384616 0.06971153846153846 0.25961538461538464
0 0.9411057692307693 0.6947115384615384 0.06610576923076923 0.11538461538461539
0 0.7283653846153846 0.7235576923076923 0.13822115384615385 0.19591346153846154
0 0.7463942307692307 0.8112980769230769 0.11538461538461539 0.171875
0 0.6826923076923077 0.8221153846153846 0.09975961538461539 0.24519230769230768
0 0.20552884615384615 0.8605769230769231 0.0829326923076923 0.18509615384615385
0 0.4074519230769231 0.8930288461538461 0.11298076923076923 0.2091346153846154
0 0.5745192307692307 0.9290865384615384 0.17307692307692307 0.12980769230769232
0 0.2980769230769231 0.9326923076923077 0.15384615384615385 0.109375
0 0.9723557692307693 0.0985576923076923 0.05048076923076923 0.1971153846153846
0 0.7740384615384616 0.10216346153846154 0.11899038461538461 0.19471153846153846
0 0.6862980769230769 0.12620192307692307 0.10336538461538461 0.25