0 0.12259615384615384 0.1502403846153846 0.08413461538461539 0.2620192307692308
0 0.052884615384615384 0.203125 0.09495192307692307 0.2283653846153846
0 0.10336538461538461 0.3713942307692308 0.078125 0.26802884615384615
0 0.039663461538461536 0.4254807692307692 0.07932692307692307 0.21995192307692307
0 0.09014423076923077 0.5216346153846154 0.06850961538461539 0.23197115384615385
0 0.06490384615384616 0.5997596153846154 0.08413461538461539 0.20793269230769232
0 0.05889423076923077 0.6790865384615384 0.06370192307692307 0.18870192307692307
0 0.2848557692307692 0.8774038461538461 0.1346153846153846 0.24278846153846154
0 0.7391826923076923 0.8966346153846154 0.17067307692307693 0.16346153846153846
0 0.22596153846153846 0.9014423076923077 0.09014423076923077 0.18269230769230768
0 0.5757211538461539 0.9459134615384616 0.171875 0.10576923076923077
0 0.07692307692307693 0.11538461538461539 0.0889423076923077 0.21875
0 0.2548076923076923 0.13822115384615385 0.16346153846153846 0.2764423076923077