0 0.22596153846153846 0.21153846153846154 0.07572115384615384 0.39783653846153844
0 0.09014423076923077 0.2403846153846154 0.0673076923076923 0.34615384615384615
0 0.27403846153846156 0.2764423076923077 0.11538461538461539 0.3605769230769231
0 0.38461538461538464 0.2764423076923077 0.12740384615384615 0.2608173076923077
0 0.06009615384615385 0.5036057692307693 0.11899038461538461 0.28846153846153844
0 0.7620192307692307 0.8004807692307693 0.12259615384615384 0.2512019230769231
0 0.2247596153846154 0.8004807692307693 0.078125 0.18870192307692307
0 0.41346153846153844 0.9074519230769231 0.15384615384615385 0.18028846153846154
0 0.2692307692307692 0.9170673076923077 0.1778846153846154 0.1622596153846154
0 0.5721153846153846 0.9266826923076923 0.14903846153846154 0.14423076923076922
0 0.7980769230769231 0.09495192307692307 0.08653846153846154 0.18990384615384615
0 0.6658653846153846 0.09615384615384616 0.2091346153846154 0.19110576923076922
0 0.36778846153846156 0.10216346153846154 0.171875 0.20432692307692307