0 0.1971153846153846 0.18269230769230768 0.11538461538461539 0.29086538461538464
0 0.1141826923076923 0.30649038461538464 0.08173076923076923 0.30288461538461536
0 0.1971153846153846 0.41947115384615385 0.1502403846153846 0.22355769230769232
0 0.08533653846153846 0.4723557692307692 0.07572115384615384 0.3137019230769231
0 0.0625 0.6310096153846154 0.08052884615384616 0.27283653846153844
0 0.3425480769230769 0.8365384615384616 0.15985576923076922 0.1814903846153846
0 0.2620192307692308 0.8557692307692307 0.09735576923076923 0.22115384615384615
0 0.21514423076923078 0.8798076923076923 0.13701923076923078 0.14543269230769232
0 0.47716346153846156 0.8810096153846154 0.14783653846153846 0.23677884615384615
0 0.6454326923076923 0.90625 0.16105769230769232 0.18269230769230768
0 0.35697115384615385 0.9567307692307693 0.14182692307692307 0.08173076923076923
0 0.2620192307692308 0.11177884615384616 0.09134615384615384 0.22355769230769232