0 0.08774038461538461 0.20552884615384615 0.0829326923076923 0.2824519230769231
0 0.21033653846153846 0.2512019230769231 0.09615384615384616 0.3581730769230769
0 0.30408653846153844 0.26322115384615385 0.10576923076923077 0.3137019230769231
0 0.7860576923076923 0.3545673076923077 0.09375 0.3581730769230769
0 0.052884615384615384 0.46033653846153844 0.06850961538461539 0.24879807692307693
0 0.040865384615384616 0.6237980769230769 0.06129807692307692 0.24278846153846154
0 0.6610576923076923 0.07572115384615384 0.22115384615384615 0.15144230769230768
0 0.7848557692307693 0.7872596153846154 0.0829326923076923 0.265625
0 0.36899038461538464 0.0829326923076923 0.16105769230769232 0.1658653846153846
0 0.2608173076923077 0.8870192307692307 0.1622596153846154 0.09975961538461539
0 0.5612980769230769 0.9026442307692307 0.18028846153846154 0.17548076923076922
0 0.43149038461538464 0.9098557692307693 0.15625 0.17548076923076922
0 0.6911057692307693 0.9146634615384616 0.13701923076923078 0.14543269230769232
0 0.3161057692307692 0.953125 0.12259615384615384 0.0889423076923077
0 0.12379807692307693 0.0985576923076923 0.078125 0.19230769230769232
0 0.7836538461538461 0.10336538461538461 0.08533653846153846 0.20552884615384615