0 0.06370192307692307 0.18269230769230768 0.08413461538461539 0.23918269230769232
0 0.1346153846153846 0.19591346153846154 0.11177884615384616 0.20072115384615385
0 0.4639423076923077 0.2247596153846154 0.23918269230769232 0.22235576923076922
0 0.15144230769230768 0.3485576923076923 0.14903846153846154 0.15384615384615385
0 0.04447115384615385 0.37259615384615385 0.0889423076923077 0.2403846153846154
0 0.4110576923076923 0.5745192307692307 0.18509615384615385 0.28966346153846156
0 0.7920673076923077 0.6959134615384616 0.07692307692307693 0.27524038461538464
0 0.5961538461538461 0.8677884615384616 0.15384615384615385 0.18389423076923078
0 0.7295673076923077 0.890625 0.12259615384615384 0.16346153846153846
0 0.34615384615384615 0.9194711538461539 0.18509615384615385 0.15865384615384615
0 0.7956730769230769 0.12139423076923077 0.08774038461538461 0.23798076923076922