0 0.7584134615384616 0.1875 0.06490384615384616 0.3557692307692308
0 0.04927884615384615 0.20432692307692307 0.09375 0.23317307692307693
0 0.703125 0.20673076923076922 0.078125 0.38341346153846156
0 0.45913461538461536 0.25961538461538464 0.13221153846153846 0.29927884615384615
0 0.6646634615384616 0.2668269230769231 0.09495192307692307 0.3629807692307692
0 0.7908653846153846 0.28966346153846156 0.06490384615384616 0.296875
0 0.31490384615384615 0.484375 0.11899038461538461 0.25
0 0.0733173076923077 0.5408653846153846 0.12620192307692307 0.1622596153846154
0 0.9615384615384616 0.5432692307692307 0.07572115384615384 0.13221153846153846
0 0.7596153846153846 0.5769230769230769 0.14903846153846154 0.20072115384615385
0 0.6514423076923077 0.7367788461538461 0.1346153846153846 0.1201923076923077
0 0.7439903846153846 0.7379807692307693 0.10817307692307693 0.28846153846153844
0 0.45913461538461536 0.7487980769230769 0.125 0.25961538461538464
0 0.30528846153846156 0.7752403846153846 0.11538461538461539 0.2800480769230769
0 0.8004807692307693 0.7932692307692307 0.05889423076923077 0.2439903846153846
0 0.40865384615384615 0.8245192307692307 0.07572115384615384 0.2620192307692308
0 0.24278846153846154 0.08774038461538461 0.0673076923076923 0.17548076923076922
0 0.2764423076923077 0.8834134615384616 0.16826923076923078 0.16346153846153846
0 0.45072115384615385 0.9435096153846154 0.15745192307692307 0.10576923076923077