0 0.07091346153846154 0.20793269230769232 0.0889423076923077 0.20673076923076922
0 0.052884615384615384 0.27524038461538464 0.06971153846153846 0.17548076923076922
0 0.13221153846153846 0.3954326923076923 0.14302884615384615 0.19230769230769232
0 0.7860576923076923 0.41346153846153844 0.09975961538461539 0.3112980769230769
0 0.03365384615384615 0.4651442307692308 0.057692307692307696 0.21153846153846154
0 0.07932692307692307 0.5757211538461539 0.09975961538461539 0.23076923076923078
0 0.7860576923076923 0.6646634615384616 0.09615384615384616 0.296875
0 0.3858173076923077 0.78125 0.16947115384615385 0.24639423076923078
0 0.2920673076923077 0.8365384615384616 0.1502403846153846 0.18028846153846154
0 0.09495192307692307 0.8689903846153846 0.06370192307692307 0.23677884615384615
0 0.21754807692307693 0.8942307692307693 0.07091346153846154 0.18629807692307693
0 0.7908653846153846 0.09375 0.08653846153846154 0.1875
0 0.7211538461538461 0.125 0.109375 0.24759615384615385
0 0.1045673076923077 0.13822115384615385 0.11899038461538461 0.21033653846153846