0 0.36899038461538464 0.17548076923076922 0.17427884615384615 0.1935096153846154
0 0.04326923076923077 0.28966346153846156 0.08653846153846154 0.28365384615384615
0 0.2536057692307692 0.30528846153846156 0.15384615384615385 0.30649038461538464
0 0.13581730769230768 0.3317307692307692 0.12259615384615384 0.2764423076923077
0 0.8112980769230769 0.4050480769230769 0.09735576923076923 0.3737980769230769
0 0.09254807692307693 0.5180288461538461 0.1045673076923077 0.22596153846153846
0 0.4891826923076923 0.7079326923076923 0.14783653846153846 0.31971153846153844
0 0.7728365384615384 0.7860576923076923 0.12139423076923077 0.26322115384615385
0 0.32091346153846156 0.8197115384615384 0.14423076923076922 0.14903846153846154
0 0.22956730769230768 0.8557692307692307 0.12139423076923077 0.13822115384615385
0 0.4639423076923077 0.8629807692307693 0.16105769230769232 0.1658653846153846
0 0.609375 0.9242788461538461 0.1466346153846154 0.1502403846153846
0 0.4050480769230769 0.9411057692307693 0.140625 0.08653846153846154
0 0.25961538461538464 0.9435096153846154 0.1201923076923077 0.10817307692307693