0 0.055288461538461536 0.2512019230769231 0.11057692307692307 0.21153846153846154
0 0.4639423076923077 0.26322115384615385 0.13221153846153846 0.38221153846153844
0 0.04447115384615385 0.36658653846153844 0.08173076923076923 0.24639423076923078
0 0.03485576923076923 0.46634615384615385 0.0625 0.25600961538461536
0 0.9591346153846154 0.4855769230769231 0.07932692307692307 0.21634615384615385
0 0.6923076923076923 0.4891826923076923 0.17067307692307693 0.2644230769230769
0 0.3112980769230769 0.5144230769230769 0.125 0.22115384615384615
0 0.4110576923076923 0.6069711538461539 0.09975961538461539 0.33413461538461536
0 0.06129807692307692 0.640625 0.0673076923076923 0.21634615384615385
0 0.7908653846153846 0.6850961538461539 0.09735576923076923 0.2824519230769231
0 0.7788461538461539 0.8028846153846154 0.10336538461538461 0.23317307692307693
0 0.7367788461538461 0.8389423076923077 0.13822115384615385 0.1971153846153846
0 0.5240384615384616 0.8689903846153846 0.109375 0.22355769230769232
0 0.16105769230769232 0.9194711538461539 0.1502403846153846 0.15865384615384615
0 0.5721153846153846 0.9314903846153846 0.1814903846153846 0.1346153846153846
0 0.41346153846153844 0.9362980769230769 0.19230769230769232 0.12379807692307693
0 0.2932692307692308 0.9423076923076923 0.16826923076923078 0.11057692307692307
0 0.7800480769230769 0.11658653846153846 0.09975961538461539 0.23317307692307693
0 0.1045673076923077 0.12740384615384615 0.0889423076923077 0.23076923076923078