0 0.6454326923076923 0.15745192307692307 0.14423076923076922 0.31490384615384615
0 0.12740384615384615 0.15865384615384615 0.11298076923076923 0.3004807692307692
0 0.057692307692307696 0.23197115384615385 0.08653846153846154 0.2536057692307692
0 0.42427884615384615 0.2764423076923077 0.10096153846153846 0.4170673076923077
0 0.7079326923076923 0.34375 0.14182692307692307 0.22716346153846154
0 0.7800480769230769 0.34615384615384615 0.09014423076923077 0.2776442307692308
0 0.7295673076923077 0.5649038461538461 0.06610576923076923 0.21634615384615385
0 0.8004807692307693 0.65625 0.09375 0.26802884615384615
0 0.4110576923076923 0.6586538461538461 0.17908653846153846 0.23798076923076922
0 0.6850961538461539 0.6670673076923077 0.07211538461538461 0.27163461538461536
0 0.06129807692307692 0.78125 0.09615384615384616 0.2776442307692308
0 0.24519230769230768 0.8377403846153846 0.09735576923076923 0.2247596153846154
0 0.6971153846153846 0.9038461538461539 0.15625 0.125
0 0.20072115384615385 0.9038461538461539 0.10336538461538461 0.18990384615384615
0 0.5012019230769231 0.9338942307692307 0.19951923076923078 0.1310096153846154
0 0.3605769230769231 0.9362980769230769 0.1201923076923077 0.12620192307692307
0 0.7391826923076923 0.11057692307692307 0.12740384615384615 0.21634615384615385