0 0.5913461538461539 0.17668269230769232 0.08413461538461539 0.35336538461538464
0 0.7560096153846154 0.3329326923076923 0.1658653846153846 0.23076923076923078
0 0.2860576923076923 0.3858173076923077 0.10697115384615384 0.3293269230769231
0 0.056490384615384616 0.3942307692307692 0.1045673076923077 0.3401442307692308
0 0.7980769230769231 0.4675480769230769 0.08653846153846154 0.29086538461538464
0 0.390625 0.4879807692307692 0.1935096153846154 0.18629807692307693
0 0.6850961538461539 0.052884615384615384 0.13942307692307693 0.10576923076923077
0 0.04326923076923077 0.5853365384615384 0.08653846153846154 0.2439903846153846
0 0.7944711538461539 0.7824519230769231 0.08653846153846154 0.27524038461538464
0 0.7367788461538461 0.8341346153846154 0.0889423076923077 0.24158653846153846
0 0.484375 0.9278846153846154 0.1935096153846154 0.14302884615384615
0 0.33052884615384615 0.9338942307692307 0.15625 0.12740384615384615