0 0.5889423076923077 0.16706730769230768 0.18028846153846154 0.3004807692307692
0 0.1310096153846154 0.1971153846153846 0.11298076923076923 0.3329326923076923
0 0.06850961538461539 0.2668269230769231 0.09375 0.30528846153846156
0 0.46634615384615385 0.27884615384615385 0.14423076923076922 0.36778846153846156
0 0.24639423076923078 0.39302884615384615 0.11658653846153846 0.33653846153846156
0 0.0673076923076923 0.5072115384615384 0.10096153846153846 0.17548076923076922
0 0.8004807692307693 0.5432692307692307 0.109375 0.3762019230769231
0 0.042067307692307696 0.6646634615384616 0.08413461538461539 0.16105769230769232
0 0.7848557692307693 0.7824519230769231 0.0985576923076923 0.28125
0 0.23557692307692307 0.8389423076923077 0.0985576923076923 0.27283653846153844
0 0.7211538461538461 0.859375 0.15865384615384615 0.15745192307692307
0 0.4723557692307692 0.875 0.125 0.20673076923076922
0 0.5480769230769231 0.9170673076923077 0.1875 0.1622596153846154