0 0.43990384615384615 0.29086538461538464 0.1622596153846154 0.3137019230769231
0 0.18990384615384615 0.3449519230769231 0.0889423076923077 0.2956730769230769
0 0.0829326923076923 0.4110576923076923 0.10576923076923077 0.3858173076923077
0 0.28846153846153844 0.46274038461538464 0.1466346153846154 0.28966346153846156
0 0.12139423076923077 0.46875 0.10336538461538461 0.24639423076923078
0 0.42908653846153844 0.6057692307692307 0.18870192307692307 0.3245192307692308
0 0.7944711538461539 0.6911057692307693 0.07211538461538461 0.31490384615384615
0 0.6153846153846154 0.7584134615384616 0.11298076923076923 0.15745192307692307
0 0.7487980769230769 0.8846153846153846 0.15144230769230768 0.22596153846153846
0 0.5600961538461539 0.9302884615384616 0.20673076923076922 0.1346153846153846
0 0.2608173076923077 0.9411057692307693 0.1658653846153846 0.11298076923076923
0 0.43149038461538464 0.9435096153846154 0.18509615384615385 0.11177884615384616
0 0.36899038461538464 0.9555288461538461 0.16947115384615385 0.08774038461538461
0 0.7980769230769231 0.109375 0.11057692307692307 0.20072115384615385