0 0.7439903846153846 0.15745192307692307 0.15384615384615385 0.24519230769230768
0 0.08052884615384616 0.234375 0.125 0.18509615384615385
0 0.6658653846153846 0.28125 0.18990384615384615 0.2091346153846154
0 0.7872596153846154 0.41346153846153844 0.0829326923076923 0.2848557692307692
0 0.3557692307692308 0.4579326923076923 0.22956730769230768 0.23798076923076922
0 0.0829326923076923 0.47596153846153844 0.109375 0.14903846153846154
0 0.7115384615384616 0.625 0.1466346153846154 0.19230769230769232
0 0.7860576923076923 0.7103365384615384 0.08052884615384616 0.2956730769230769
0 0.6514423076923077 0.7932692307692307 0.1814903846153846 0.12620192307692307
0 0.09735576923076923 0.8293269230769231 0.09254807692307693 0.22115384615384615
0 0.7800480769230769 0.08533653846153846 0.1045673076923077 0.16466346153846154
0 0.2704326923076923 0.8834134615384616 0.11899038461538461 0.20072115384615385
0 0.5132211538461539 0.8846153846153846 0.16346153846153846 0.2127403846153846
0 0.1935096153846154 0.9074519230769231 0.06971153846153846 0.18389423076923078
0 0.6850961538461539 0.9134615384615384 0.1658653846153846 0.12259615384615384
0 0.4675480769230769 0.9326923076923077 0.15504807692307693 0.12379807692307693
0 0.328125 0.9435096153846154 0.13581730769230768 0.109375