0 0.5516826923076923 0.17668269230769232 0.0889423076923077 0.35336538461538464
0 0.15985576923076922 0.18389423076923078 0.11538461538461539 0.25
0 0.10697115384615384 0.21875 0.0673076923076923 0.27283653846153844
0 0.7271634615384616 0.2403846153846154 0.1346153846153846 0.3269230769230769
0 0.8028846153846154 0.28966346153846156 0.078125 0.34134615384615385
0 0.04447115384615385 0.34375 0.07692307692307693 0.27524038461538464
0 0.42788461538461536 0.5528846153846154 0.1310096153846154 0.3389423076923077
0 0.04567307692307692 0.6670673076923077 0.08533653846153846 0.28966346153846156
0 0.7728365384615384 0.6935096153846154 0.08653846153846154 0.2980769230769231
0 0.6274038461538461 0.8112980769230769 0.1346153846153846 0.19110576923076922
0 0.34375 0.8569711538461539 0.15985576923076922 0.23557692307692307
0 0.7415865384615384 0.8918269230769231 0.16346153846153846 0.14783653846153846
0 0.47475961538461536 0.9362980769230769 0.1814903846153846 0.12620192307692307
0 0.2980769230769231 0.9495192307692307 0.17307692307692307 0.09615384615384616