0 0.7331730769230769 0.2536057692307692 0.16466346153846154 0.21033653846153846
0 0.4387019230769231 0.29447115384615385 0.08774038461538461 0.3629807692307692
0 0.40625 0.36658653846153844 0.13942307692307693 0.3449519230769231
0 0.8028846153846154 0.4831730769230769 0.0733173076923077 0.31009615384615385
0 0.7127403846153846 0.515625 0.08173076923076923 0.35216346153846156
0 0.036057692307692304 0.6129807692307693 0.0625 0.2764423076923077
0 0.07932692307692307 0.6286057692307693 0.09134615384615384 0.23197115384615385
0 0.46033653846153844 0.6550480769230769 0.1346153846153846 0.20793269230769232
0 0.5300480769230769 0.7223557692307693 0.16105769230769232 0.1141826923076923
0 0.6887019230769231 0.7235576923076923 0.1658653846153846 0.24639423076923078
0 0.5504807692307693 0.8028846153846154 0.18870192307692307 0.12860576923076922
0 0.6875 0.8377403846153846 0.1310096153846154 0.09495192307692307
0 0.421875 0.8521634615384616 0.0889423076923077 0.28365384615384615
0 0.3629807692307692 0.875 0.07692307692307693 0.24519230769230768
0 0.6129807692307693 0.8822115384615384 0.12139423076923077 0.16947115384615385
0 0.484375 0.9194711538461539 0.13221153846153846 0.15625
0 0.6598557692307693 0.10817307692307693 0.10336538461538461 0.2127403846153846