0 0.5096153846153846 0.18269230769230768 0.17548076923076922 0.34134615384615385
0 0.7379807692307693 0.20192307692307693 0.14182692307692307 0.30288461538461536
0 0.0625 0.21153846153846154 0.10817307692307693 0.3629807692307692
0 0.6730769230769231 0.2608173076923077 0.1346153846153846 0.35096153846153844
0 0.11899038461538461 0.29086538461538464 0.12980769230769232 0.3137019230769231
0 0.7584134615384616 0.3473557692307692 0.078125 0.3701923076923077
0 0.8112980769230769 0.44471153846153844 0.0673076923076923 0.3581730769230769
0 0.04927884615384615 0.5120192307692307 0.0985576923076923 0.25600961538461536
0 0.04927884615384615 0.6778846153846154 0.06850961538461539 0.14302884615384615
0 0.953125 0.6899038461538461 0.09254807692307693 0.14182692307692307
0 0.7764423076923077 0.7536057692307693 0.09495192307692307 0.30649038461538464
0 0.5733173076923077 0.8509615384615384 0.1141826923076923 0.26802884615384615
0 0.4891826923076923 0.8713942307692307 0.09375 0.25240384615384615
0 0.14302884615384615 0.8978365384615384 0.12139423076923077 0.17908653846153846
0 0.3425480769230769 0.9122596153846154 0.1466346153846154 0.17067307692307693
0 0.6682692307692307 0.9158653846153846 0.11057692307692307 0.16346153846153846
0 0.2512019230769231 0.9302884615384616 0.13701923076923078 0.1346153846153846
0 0.7764423076923077 0.13822115384615385 0.13942307692307693 0.2764423076923077