0 0.7223557692307693 0.13942307692307693 0.13942307692307693 0.2776442307692308
0 0.11057692307692307 0.15384615384615385 0.13221153846153846 0.25600961538461536
0 0.06850961538461539 0.18629807692307693 0.10096153846153846 0.22115384615384615
0 0.49038461538461536 0.20192307692307693 0.11658653846153846 0.39783653846153844
0 0.05889423076923077 0.28365384615384615 0.08533653846153846 0.21153846153846154
0 0.055288461538461536 0.36778846153846156 0.08413461538461539 0.19591346153846154
0 0.9591346153846154 0.39302884615384615 0.05048076923076923 0.31490384615384615
0 0.14543269230769232 0.39302884615384615 0.13822115384615385 0.2439903846153846
0 0.7848557692307693 0.4182692307692308 0.10336538461538461 0.3329326923076923
0 0.057692307692307696 0.453125 0.0985576923076923 0.27524038461538464
0 0.953125 0.6081730769230769 0.078125 0.12620192307692307
0 0.05048076923076923 0.6670673076923077 0.09975961538461539 0.234375
0 0.7896634615384616 0.6742788461538461 0.11658653846153846 0.3088942307692308
0 0.9555288461538461 0.7487980769230769 0.08774038461538461 0.203125
0 0.3918269230769231 0.7788461538461539 0.23197115384615385 0.27163461538461536
0 0.0889423076923077 0.8677884615384616 0.08052884615384616 0.2620192307692308
0 0.2608173076923077 0.8677884615384616 0.140625 0.2620192307692308
0 0.20432692307692307 0.9026442307692307 0.06971153846153846 0.1935096153846154
0 0.16466346153846154 0.9182692307692307 0.08774038461538461 0.16105769230769232
0 0.7824519230769231 0.09735576923076923 0.09134615384615384 0.19471153846153846